12.0 3398.1495327102803
440.0 3398.1495327102803
511.0 3400.655737704918
877.0 3400.655737704918
912.0 3411.1463414634145
1240.0 3411.1463414634145
1314.0 3353.9912280701756
2226.0 3353.9912280701756
2316.0 3348.0717948717947
3876.0 3348.0717948717947
3914.0 2597.6749087961084
6381.0 2597.6749087961084
6415.0 2353.5152696556206
9493.0 2353.5152696556206
9616.0 2355.329261521377
13218.0 2355.329261521377
13319.0 2473.7722987672228
16077.0 2473.7722987672228
16116.0 2608.313949339993
18919.0 2608.313949339993
19014.0 2365.068260459264
22193.0 2365.068260459264
22323.0 1830.2802992518702
26333.0 1830.2802992518702
26420.0 2181.056147422977
29893.0 2181.056147422977
30204.0 2604.9739239710966
33387.0 2604.9739239710966
33512.0 2987.7490909090907
35712.0 2987.7490909090907
35808.0 3814.7520661157023
37744.0 3814.7520661157023
37813.0 4156.4583616973
42220.0 4156.4583616973
42309.0 4308.602510460251
46133.0 4308.602510460251
46210.0 2350.2854874983464
53769.0 2350.2854874983464
53820.0 2483.280368451353
60768.0 2483.280368451353
60816.0 2444.6717602996255
67491.0 2444.6717602996255
67620.0 2190.708605938601
75568.0 2190.708605938601
75808.0 2094.727616986746
79505.0 2094.727616986746
79623.0 2095.0868783702817
82961.0 2095.0868783702817
83017.0 2385.062416998672
86029.0 2385.062416998672
86116.0 2729.747645951036
88771.0 2729.747645951036
88812.0 2667.3248683803035
92041.0 2667.3248683803035
92120.0 2813.3469387755104
94276.0 2813.3469387755104
94310.0 4416.790011350738
96072.0 4416.790011350738
96108.0 4412.938383267383
97877.0 4412.938383267383
97910.0 3679.5323854660346
99809.0 3679.5323854660346
99916.0 3182.592331913317
105315.0 3182.592331913317
105415.0 3182.38779956427
110923.0 3182.38779956427
111015.0 2056.9021812457836
119909.0 2056.9021812457836
120017.0 2199.4769560557343
123749.0 2199.4769560557343
123828.0 1624.3355560335556
128477.0 1624.3355560335556
128526.0 1876.3500643500643
131634.0 1876.3500643500643
131714.0 2444.2369791666665
134786.0 2444.2369791666665
134814.0 2521.4429413805065
137697.0 2521.4429413805065
137818.0 2535.632152588556
140754.0 2535.632152588556
140826.0 2073.550724637681
144138.0 2073.550724637681
144210.0 2898.564863909509
147039.0 2898.564863909509
147306.0 2898.6263286999183
149752.0 2898.6263286999183
149813.0 3254.7101086048456
152207.0 3254.7101086048456
152308.0 3991.6503642039543
154230.0 3991.6503642039543
154320.0 2613.3558237603606
161197.0 2613.3558237603606
161315.0 2608.332502078138
167330.0 2608.332502078138
167416.0 2004.8954529596465
176015.0 2004.8954529596465
176111.0 2863.0214677983026
180117.0 2863.0214677983026
