11.0 4516.795031055901
333.0 4516.795031055901
408.0 4542.481751824817
682.0 4542.481751824817
809.0 4441.59898798229
2390.0 4441.59898798229
2505.0 4436.249554367201
4188.0 4436.249554367201
4309.0 4447.290574456219
6102.0 4447.290574456219
6208.0 4447.2338653712695
7649.0 4447.2338653712695
7707.0 4444.245398773006
9337.0 4444.245398773006
9408.0 3641.6966805804013
14439.0 3641.6966805804013
14509.0 2783.7738276620958
20416.0 2783.7738276620958
20515.0 3875.3032603841
24993.0 3875.3032603841
25106.0 4962.37899543379
28610.0 4962.37899543379
28707.0 5028.285799701046
32052.0 5028.285799701046
32107.0 4173.719952774498
36342.0 4173.719952774498
36407.0 4483.499507389162
40467.0 4483.499507389162
40508.0 4623.398270893372
43978.0 4623.398270893372
44297.0 4625.265645984421
48020.0 4625.265645984421
48111.0 4777.650495565988
51945.0 4777.650495565988
52008.0 5075.815157116451
55254.0 5075.815157116451
55308.0 4036.7661895023857
59709.0 4036.7661895023857
59811.0 3989.325317919075
64136.0 3989.325317919075
64211.0 4329.579198726453
67980.0 4329.579198726453
68110.0 4558.050261780105
71930.0 4558.050261780105
72009.0 4721.585547290117
75773.0 4721.585547290117
75810.0 4881.373134328358
79160.0 4881.373134328358
79399.0 4028.1648629979277
83742.0 4028.1648629979277
83810.0 4255.1409802930775
87768.0 4255.1409802930775
87808.0 4640.36416464891
91938.0 4640.36416464891
92007.0 4958.008799497172
95189.0 4958.008799497172
95308.0 4729.136527277762
98919.0 4729.136527277762
99008.0 5087.605054363797
102411.0 5087.605054363797
102508.0 4336.978963571062
106406.0 4336.978963571062
106513.0 3240.817804602037
111815.0 3240.817804602037
111916.0 2839.0981535471333
118090.0 2839.0981535471333
118405.0 2852.212036170876
124819.0 2852.212036170876
124918.0 3867.2593213238374
129692.0 3867.2593213238374
129810.0 3664.868376068376
134490.0 3664.868376068376
134613.0 3103.303293594666
139562.0 3103.303293594666
139615.0 2370.169191919192
142783.0 2370.169191919192
142918.0 2341.1658615136876
146023.0 2341.1658615136876
146118.0 2342.547514159849
149296.0 2342.547514159849
149421.0 4210.668301655426
151052.0 4210.668301655426
151110.0 4653.825198637912
152872.0 4653.825198637912
152909.0 4649.206557377049
154434.0 4649.206557377049
154508.0 3062.805031446541
157052.0 3062.805031446541
157116.0 2909.3485020857033
159753.0 2909.3485020857033
160002.0 3392.2763385146804
162318.0 3392.2763385146804
162408.0 4812.338884866039
163789.0 4812.338884866039
163907.0 4727.19934192487
167554.0 4727.19934192487
167610.0 4481.932004689332
170169.0 4481.932004689332
