15.0 2565.093474426808
582.0 2565.093474426808
619.0 2603.8493723849374
1097.0 2603.8493723849374
1219.0 2578.009216589862
1653.0 2578.009216589862
1718.0 2595.9415448851773
2197.0 2595.9415448851773
2323.0 2544.4265842349305
3617.0 2544.4265842349305
3715.0 2540.017439556084
6238.0 2540.017439556084
6317.0 2540.9049456331113
9168.0 2540.9049456331113
9218.0 2535.5337716676627
12564.0 2535.5337716676627
12618.0 2776.8270248270246
15075.0 2776.8270248270246
15114.0 2909.3131715081577
17627.0 2909.3131715081577
17715.0 2854.4236902050116
20349.0 2854.4236902050116
20414.0 2831.567901234568
23006.0 2831.567901234568
23114.0 2813.821693907875
25806.0 2813.821693907875
26101.0 2812.629579375848
29049.0 2812.629579375848
29115.0 2807.794959419052
31456.0 2807.794959419052
31514.0 2803.8572513287777
34148.0 2803.8572513287777
34219.0 2817.211934789296
40721.0 2817.211934789296
40816.0 2819.800787266815
46659.0 2819.800787266815
46717.0 2664.737963101845
53384.0 2664.737963101845
53517.0 2784.223333871228
59714.0 2784.223333871228
59815.0 2790.387140902873
65663.0 2790.387140902873
65719.0 2772.130552459799
72000.0 2772.130552459799
72116.0 2851.7406931964056
78348.0 2851.7406931964056
78419.0 2454.6082257580306
85081.0 2454.6082257580306
85227.0 2399.1937581274383
89841.0 2399.1937581274383
89918.0 2865.7493080268882
92447.0 2865.7493080268882
92516.0 2862.3436357593887
95525.0 2862.3436357593887
95614.0 2866.529300567108
97730.0 2866.529300567108
97816.0 2862.222876057374
100535.0 2862.222876057374
100616.0 2859.519413919414
103346.0 2859.519413919414
103415.0 2852.01306122449
105865.0 2852.01306122449
105915.0 2788.7596785975165
108653.0 2788.7596785975165
108719.0 2791.993690851735
111255.0 2791.993690851735
111503.0 2804.819505587538
114456.0 2804.819505587538
114517.0 2837.3480815762186
117410.0 2837.3480815762186
117518.0 2837.8564449455093
120179.0 2837.8564449455093
120215.0 2821.3333333333335
122282.0 2821.3333333333335
122319.0 2818.57957957958
124983.0 2818.57957957958
125118.0 2815.3834237025562
127700.0 2815.3834237025562
127818.0 2779.4981382548162
133995.0 2779.4981382548162
134118.0 2826.8691134573487
140085.0 2826.8691134573487
140219.0 2857.5160235448006
146335.0 2857.5160235448006
146417.0 2835.380658092534
152404.0 2835.380658092534
152517.0 2809.4344041778763
158836.0 2809.4344041778763
158916.0 2824.322977238744
164935.0 2824.322977238744
165018.0 2829.1364782139
167795.0 2829.1364782139
167915.0 2855.969058874087
170242.0 2855.969058874087
170317.0 2850.9305263157894
172692.0 2850.9305263157894
172817.0 2856.768038163387
174494.0 2856.768038163387
