33.0 1246.279348757498
1200.0 1246.279348757498
1334.0 1257.2121212121212
2324.0 1257.2121212121212
2441.0 1251.5167785234898
3335.0 1251.5167785234898
3432.0 1254.7487386478306
4423.0 1254.7487386478306
4540.0 1232.3619227144204
5601.0 1232.3619227144204
5741.0 748.3792592592592
7091.0 748.3792592592592
7342.0 668.0407293393322
11565.0 668.0407293393322
11650.0 1207.156516789983
18678.0 1207.156516789983
18734.0 1215.2946205913786
24348.0 1215.2946205913786
24434.0 1213.8641872820854
30457.0 1213.8641872820854
30542.0 1230.935166994106
36650.0 1230.935166994106
36737.0 1213.7297833636514
42784.0 1213.7297833636514
42842.0 1225.898951382269
43891.0 1225.898951382269
44040.0 1238.9388458225667
45201.0 1238.9388458225667
45524.0 1241.4696132596684
47696.0 1241.4696132596684
47840.0 1205.1468531468531
50271.0 1205.1468531468531
50339.0 1224.7127704709376
52696.0 1224.7127704709376
52834.0 1222.5175983436852
58630.0 1222.5175983436852
58737.0 1204.1548308442548
65299.0 1204.1548308442548
65436.0 1226.9699485306326
71459.0 1226.9699485306326
71536.0 1211.6242568370988
77423.0 1211.6242568370988
77542.0 1212.7723342939482
78583.0 1212.7723342939482
78643.0 1222.1957129543337
79716.0 1222.1957129543337
79835.0 1223.591111111111
80735.0 1223.591111111111
80835.0 1218.9771380186282
83197.0 1218.9771380186282
83333.0 1224.3450221684805
85814.0 1224.3450221684805
85939.0 1212.0450323670138
93045.0 1212.0450323670138
93143.0 1205.1611364991059
98176.0 1205.1611364991059
98244.0 1198.027093596059
104740.0 1198.027093596059
104839.0 1214.6394896530262
111266.0 1214.6394896530262
111341.0 1208.6065259117083
112383.0 1208.6065259117083
112442.0 1210.2824207492795
113483.0 1210.2824207492795
113723.0 1201.7351746547522
116185.0 1201.7351746547522
116235.0 1218.257469568425
118946.0 1218.257469568425
119221.0 1191.8757078553797
126108.0 1191.8757078553797
126236.0 1203.2402804333972
132512.0 1203.2402804333972
132639.0 1208.6416580310881
137464.0 1208.6416580310881
137542.0 1210.1041095890412
143747.0 1210.1041095890412
143835.0 1208.9339763845003
149848.0 1208.9339763845003
149936.0 1210.8254288597377
150927.0 1210.8254288597377
151036.0 1219.0978372811535
152007.0 1219.0978372811535
152136.0 1207.8880597014925
153208.0 1207.8880597014925
153346.0 1203.2109943411479
155820.0 1203.2109943411479
155939.0 1210.720994475138
158835.0 1210.720994475138
158942.0 1218.7460862924781
161561.0 1218.7460862924781
161640.0 1211.2387543252596
164241.0 1211.2387543252596
164343.0 1200.6937669376694
169878.0 1200.6937669376694
169936.0 1205.0115678946431
175555.0 1205.0115678946431
175641.0 1227.1516393442623
179545.0 1227.1516393442623
