22.0 2025.6378830083565
740.0 2025.6378830083565
818.0 2040.3934426229507
1428.0 2040.3934426229507
1524.0 2037.9890710382513
2073.0 2037.9890710382513
2127.0 2004.4823066841416
3653.0 2004.4823066841416
3725.0 2027.187596899225
4370.0 2027.187596899225
4425.0 1988.7816531294793
6518.0 1988.7816531294793
6625.0 2822.017919750682
9192.0 2822.017919750682
9309.0 3132.9010339734123
12017.0 3132.9010339734123
12116.0 2577.50812240272
14763.0 2577.50812240272
14815.0 2599.9658605974396
17627.0 2599.9658605974396
17726.0 1999.6148936170214
21486.0 1999.6148936170214
21619.0 2598.0261946902656
24444.0 2598.0261946902656
24519.0 2532.5336008024074
27510.0 2532.5336008024074
27622.0 3082.3910780669144
30312.0 3082.3910780669144
30601.0 3678.258533855624
32388.0 3678.258533855624
32513.0 3845.436355515855
36991.0 3845.436355515855
37112.0 3980.337244676228
41714.0 3980.337244676228
41810.0 3975.891891891892
45954.0 3975.891891891892
46012.0 3964.697165811203
50493.0 3964.697165811203
50610.0 4054.001879699248
54866.0 4054.001879699248
54913.0 3656.3262379565313
59376.0 3656.3262379565313
59412.0 3892.6340263805055
63885.0 3892.6340263805055
64012.0 4068.6923076923076
68380.0 4068.6923076923076
68702.0 4005.0453098212097
72785.0 4005.0453098212097
72911.0 3908.4718498659518
77387.0 3908.4718498659518
77511.0 3931.3370681605975
81795.0 3931.3370681605975
81914.0 3994.3109629012088
86712.0 3994.3109629012088
86815.0 3786.9380700912147
90981.0 3786.9380700912147
91111.0 4188.597498160412
95188.0 4188.597498160412
95312.0 3943.7630979498863
99702.0 3943.7630979498863
99812.0 3987.1566037735847
104052.0 3987.1566037735847
104111.0 4065.9763369616658
108337.0 4065.9763369616658
108602.0 4127.287967977396
112849.0 4127.287967977396
112915.0 4112.8794964028775
117363.0 4112.8794964028775
117412.0 3994.438771094764
122034.0 3994.438771094764
122110.0 3798.800442967885
126625.0 3798.800442967885
126714.0 4044.8375032920726
130511.0 4044.8375032920726
130609.0 4115.892668902731
134783.0 4115.892668902731
134911.0 4064.5142857142855
139111.0 4064.5142857142855
139212.0 3946.887356321839
143562.0 3946.887356321839
143611.0 3892.0
147945.0 3892.0
148203.0 3729.527955612463
152889.0 3729.527955612463
153014.0 3710.4751912568304
157589.0 3710.4751912568304
157713.0 3628.948487326247
162605.0 3628.948487326247
162717.0 3609.256900212314
167427.0 3609.256900212314
167515.0 3864.956559139785
172165.0 3864.956559139785
172213.0 4009.4863276258625
176126.0 4009.4863276258625
176213.0 4110.657129232237
180407.0 4110.657129232237
180514.0 4106.43179377014
183307.0 4106.43179377014
