22.0 1669.8140068886337
893.0 1669.8140068886337
1024.0 1681.945945945946
1764.0 1681.945945945946
1828.0 1682.4902255639097
2493.0 1682.4902255639097
2623.0 1694.0817438692097
3357.0 1694.0817438692097
3431.0 2059.111811023622
4066.0 2059.111811023622
4125.0 2142.582413908392
7116.0 2142.582413908392
7221.0 2213.9731051344743
10493.0 2213.9731051344743
10614.0 2304.1542639869635
14296.0 2304.1542639869635
14416.0 1477.7266623348494
19033.0 1477.7266623348494
19139.0 1215.4786367414797
25154.0 1215.4786367414797
25232.0 1677.8736889087256
29713.0 1677.8736889087256
29827.0 1535.1231959841036
34608.0 1535.1231959841036
34718.0 1804.3849452120057
38916.0 1804.3849452120057
39208.0 2045.2964972866305
43262.0 2045.2964972866305
43321.0 1854.6975169300226
46865.0 1854.6975169300226
46923.0 1850.967418546366
50913.0 1850.967418546366
51028.0 1650.931461049816
54019.0 1650.931461049816
54129.0 1305.1596979185854
59558.0 1305.1596979185854
59644.0 1138.4042645151994
66585.0 1138.4042645151994
66642.0 1615.6624398775689
71216.0 1615.6624398775689
71327.0 1918.9755178907722
75044.0 1918.9755178907722
75122.0 1500.461024936187
80215.0 1500.461024936187
80329.0 1373.2104712041885
81284.0 1373.2104712041885
81330.0 1385.1974842767295
82125.0 1385.1974842767295
82240.0 1353.6549130230371
84367.0 1353.6549130230371
84437.0 1250.0411522633744
86867.0 1250.0411522633744
86962.0 1165.7248459958932
89884.0 1165.7248459958932
89941.0 1420.842351838838
94210.0 1420.842351838838
94323.0 1616.2791277258566
99138.0 1616.2791277258566
99226.0 1898.0034038414783
103339.0 1898.0034038414783
103425.0 1781.5991840897502
107347.0 1781.5991840897502
107426.0 1811.1062618595824
111642.0 1811.1062618595824
111725.0 1841.4814044213265
115570.0 1841.4814044213265
115621.0 2313.5843575418994
119201.0 2313.5843575418994
119316.0 2052.112
123316.0 2052.112
123610.0 1770.9981238273922
127874.0 1770.9981238273922
127925.0 1755.4774232390128
131247.0 1755.4774232390128
131323.0 1639.8113125136492
135902.0 1639.8113125136492
136023.0 1502.5465068210003
140861.0 1502.5465068210003
140933.0 1646.310482087572
145455.0 1646.310482087572
145519.0 1772.7413526071243
149393.0 1772.7413526071243
149523.0 1720.8898216159496
154288.0 1720.8898216159496
154433.0 1197.4396216855262
160354.0 1197.4396216855262
160488.0 1000.2279845956355
168278.0 1000.2279845956355
168334.0 1261.7563739376772
169393.0 1261.7563739376772
169539.0 1269.0901883052527
170548.0 1269.0901883052527
170635.0 613.3450671607226
174953.0 613.3450671607226
175057.0 961.3068094873756
177671.0 961.3068094873756
177735.0 1463.639742673338
179134.0 1463.639742673338
