36.0 1216.0602006688964
1232.0 1216.0602006688964
1342.0 1231.0979228486647
2353.0 1231.0979228486647
2432.0 1228.1624588364434
3343.0 1228.1624588364434
3433.0 1229.9268051434224
4444.0 1229.9268051434224
4534.0 1221.996261682243
5604.0 1221.996261682243
5743.0 1203.6934635612322
11067.0 1203.6934635612322
11136.0 1174.849172883555
17302.0 1174.849172883555
17430.0 1260.2341057635176
24162.0 1260.2341057635176
24244.0 1290.8779443254818
25178.0 1290.8779443254818
25244.0 1295.5064027939463
26103.0 1295.5064027939463
26245.0 1292.3917995444192
27123.0 1292.3917995444192
27247.0 1252.461433447099
33107.0 1252.461433447099
33248.0 1221.5462022254476
39449.0 1221.5462022254476
39713.0 1199.9467438494935
46623.0 1199.9467438494935
46744.0 1279.1612903225807
48852.0 1279.1612903225807
48937.0 1288.1303841676367
49796.0 1288.1303841676367
49937.0 1294.3314543404736
50824.0 1294.3314543404736
50937.0 1252.113801024916
56596.0 1252.113801024916
56735.0 1198.492947065069
63328.0 1198.492947065069
63438.0 1212.2769028871392
69534.0 1212.2769028871392
69637.0 1249.401296198984
75346.0 1249.401296198984
75440.0 1241.5675060926076
81595.0 1241.5675060926076
81736.0 1274.4567541302235
82765.0 1274.4567541302235
83012.0 1283.4871794871794
83870.0 1283.4871794871794
83937.0 1269.2237837837838
84862.0 1269.2237837837838
84938.0 1255.206611570248
87358.0 1255.206611570248
87453.0 1258.311045437754
90160.0 1258.311045437754
90236.0 1252.959305928527
95077.0 1252.959305928527
95141.0 1230.4164426877471
101466.0 1230.4164426877471
101532.0 1245.6499122387106
107799.0 1245.6499122387106
107941.0 1246.6426404995539
113546.0 1246.6426404995539
113648.0 1238.3988020963313
117655.0 1238.3988020963313
117734.0 1200.898236092266
123630.0 1200.898236092266
123739.0 1221.4469842206165
130520.0 1221.4469842206165
130635.0 1233.6424452133795
133236.0 1233.6424452133795
133333.0 1278.033966033966
134334.0 1278.033966033966
134440.0 1287.1393643031786
135258.0 1287.1393643031786
135335.0 1252.17316017316
137645.0 1252.17316017316
137731.0 1257.9451371571072
140137.0 1257.9451371571072
140233.0 1242.7196819085486
142748.0 1242.7196819085486
142836.0 1232.7409800753903
148407.0 1232.7409800753903
148532.0 1215.7212750185322
155277.0 1215.7212750185322
155331.0 1322.5219175526954
160692.0 1322.5219175526954
160833.0 1258.9717240264986
167022.0 1258.9717240264986
167137.0 1240.2120918202393
173323.0 1240.2120918202393
173437.0 1249.445292620865
179725.0 1249.445292620865
179837.0 1295.7078916372202
180686.0 1295.7078916372202
180837.0 1288.9360544217686
181572.0 1288.9360544217686
181638.0 1286.7621776504297
182336.0 1286.7621776504297
