52.0 756.7159209157128
1974.0 756.7159209157128
2070.0 766.4039408866995
3694.0 766.4039408866995
3877.0 763.7242320819113
5342.0 763.7242320819113
5470.0 760.9889840881273
7104.0 760.9889840881273
7263.0 756.2382880277618
8992.0 756.2382880277618
9167.0 764.8084784254353
10488.0 764.8084784254353
10568.0 757.9480840543881
12186.0 757.9480840543881
12266.0 755.8652173913043
14106.0 755.8652173913043
14280.0 734.6467104554754
23567.0 734.6467104554754
23660.0 740.439943285396
33534.0 740.439943285396
33663.0 736.8311688311688
35203.0 736.8311688311688
35532.0 734.382128159906
37233.0 734.382128159906
37365.0 747.2213829169087
39086.0 747.2213829169087
39168.0 740.6838311019568
41110.0 740.6838311019568
41278.0 726.6160064672595
44989.0 726.6160064672595
45166.0 746.9943906170321
49088.0 746.9943906170321
49265.0 738.6509723643808
53173.0 738.6509723643808
53270.0 730.7871287128713
62966.0 730.7871287128713
63061.0 759.9494543365881
64802.0 759.9494543365881
64983.0 662.5796590241034
66684.0 662.5796590241034
66775.0 654.2056707575116
71501.0 654.2056707575116
71684.0 568.9481748535376
73903.0 568.9481748535376
74096.0 625.9742243436755
76191.0 625.9742243436755
76375.0 774.969739619986
77796.0 774.969739619986
77960.0 781.1242539338036
81646.0 781.1242539338036
81771.0 758.6413586413587
85775.0 758.6413586413587
85881.0 733.1907721120286
97628.0 733.1907721120286
97770.0 763.2961373390558
98935.0 763.2961373390558
99067.0 740.7112718505124
100726.0 740.7112718505124
101036.0 740.9770043505283
102645.0 740.9770043505283
102760.0 789.077694235589
104356.0 789.077694235589
104462.0 776.1938923897237
108588.0 776.1938923897237
108757.0 744.531650893796
118267.0 744.531650893796
118359.0 755.0945391558027
129328.0 755.0945391558027
129466.0 772.1334768568353
131324.0 772.1334768568353
131464.0 786.7847478474785
133090.0 786.7847478474785
133262.0 792.8313253012049
134590.0 792.8313253012049
134761.0 794.3058446757406
136010.0 794.3058446757406
136164.0 765.263211125158
140119.0 765.263211125158
140266.0 760.8179162609542
144374.0 760.8179162609542
144464.0 784.5949474879365
147987.0 784.5949474879365
148066.0 750.2536585365854
152166.0 750.2536585365854
152261.0 749.05485656769
156235.0 749.05485656769
156363.0 753.7076526225279
161015.0 753.7076526225279
161163.0 820.2578268876612
162792.0 820.2578268876612
162957.0 774.0619164619164
167027.0 774.0619164619164
167340.0 795.5614298588165
170669.0 795.5614298588165
170759.0 736.0539189042287
179958.0 736.0539189042287
180070.0 744.0523255813954
182822.0 744.0523255813954
