8.0 4646.670926517572
321.0 4646.670926517572
410.0 4679.097744360903
676.0 4679.097744360903
709.0 4578.296900489397
1322.0 4578.296900489397
1408.0 4579.101796407185
2076.0 4579.101796407185
2112.0 4567.005727376862
3858.0 4567.005727376862
3912.0 3042.1073247160202
9018.0 3042.1073247160202
9112.0 3189.850304934393
14523.0 3189.850304934393
14613.0 2037.2930056710775
23606.0 2037.2930056710775
23727.0 2687.288312982806
27740.0 2687.288312982806
27812.0 3090.0693153000843
30178.0 3090.0693153000843
30219.0 3534.8152327221437
32346.0 3534.8152327221437
32410.0 3781.259144770737
34351.0 3781.259144770737
34603.0 3774.1943198804183
36610.0 3774.1943198804183
36710.0 2562.309023485785
39946.0 2562.309023485785
40014.0 2567.596875
42574.0 2567.596875
42614.0 2564.3611111111113
45494.0 2564.3611111111113
45614.0 2562.4890656063617
48632.0 2562.4890656063617
48714.0 2728.422025413939
51311.0 2728.422025413939
51407.0 3694.092566619916
53546.0 3694.092566619916
53613.0 3047.439175257732
56038.0 3047.439175257732
56111.0 3040.4228473998296
58457.0 3040.4228473998296
58703.0 3095.118671526934
61172.0 3095.118671526934
61210.0 2645.7833959685686
64137.0 2645.7833959685686
64219.0 2691.3429888084265
70295.0 2691.3429888084265
70413.0 2736.052549264936
76807.0 2736.052549264936
76916.0 2879.440588134724
82765.0 2879.440588134724
82813.0 2866.8218399401644
89498.0 2866.8218399401644
89615.0 2342.0997624703086
96351.0 2342.0997624703086
96418.0 2902.2624065261725
102302.0 2902.2624065261725
102410.0 4152.823218997361
106579.0 4152.823218997361
106611.0 2905.7311790993467
112429.0 2905.7311790993467
112515.0 3157.8263027295284
114933.0 3157.8263027295284
115012.0 3360.4632178452775
117119.0 3360.4632178452775
117216.0 3065.3708364174686
119918.0 3065.3708364174686
120010.0 3065.1411501120238
122688.0 3065.1411501120238
122814.0 3068.482730597318
125275.0 3068.482730597318
125312.0 3069.3136842105264
127212.0 3069.3136842105264
127312.0 2868.103896103896
129930.0 2868.103896103896
130015.0 2619.5747747747746
132790.0 2619.5747747747746
133104.0 2659.741336191497
135903.0 2659.741336191497
136013.0 3549.1472868217056
137948.0 3549.1472868217056
138013.0 3541.35116514691
142948.0 3541.35116514691
143014.0 2127.779393331662
150992.0 2127.779393331662
151120.0 1575.3674682758008
162389.0 1575.3674682758008
162515.0 2671.2924791086352
165387.0 2671.2924791086352
165515.0 2900.1520856404577
168224.0 2900.1520856404577
168311.0 2186.1315789473683
171351.0 2186.1315789473683
171429.0 1503.6553408838552
175932.0 1503.6553408838552
176216.0 2804.9180327868853
177924.0 2804.9180327868853
