94.0 391.6015078082929
3808.0 391.6015078082929
4033.0 394.12286257124765
7191.0 394.12286257124765
7438.0 392.71884871884873
10287.0 392.71884871884873
10535.0 393.8726639214444
13692.0 393.8726639214444
13947.0 391.00956937799043
17291.0 391.00956937799043
17539.0 393.5769380599922
20106.0 393.5769380599922
20322.0 392.3096609085093
23448.0 392.3096609085093
23635.0 435.5753210147197
26828.0 435.5753210147197
27027.0 443.42773078337626
29746.0 443.42773078337626
29915.0 458.33607907743
32343.0 458.33607907743
32502.0 469.08639933856966
34921.0 469.08639933856966
35218.0 1102.5454545454545
36351.0 1102.5454545454545
36439.0 1102.8885077186965
37605.0 1102.8885077186965
37758.0 1227.1440677966102
40590.0 1227.1440677966102
40746.0 1233.4486770501032
46075.0 1233.4486770501032
46134.0 1283.7406570484964
51887.0 1283.7406570484964
52045.0 665.1980044727335
63671.0 665.1980044727335
63750.0 1039.6272648835202
64909.0 1039.6272648835202
65049.0 758.2074498567335
66794.0 758.2074498567335
67007.0 490.4473455178416
69305.0 490.4473455178416
69649.0 488.52362509682416
72231.0 488.52362509682416
72404.0 882.8643356643356
73834.0 882.8643356643356
73944.0 1038.044559250888
77041.0 1038.044559250888
77192.0 554.627949183303
82151.0 554.627949183303
82302.0 654.8594348222425
93272.0 654.8594348222425
93350.0 1084.0704225352113
94486.0 1084.0704225352113
94542.0 1147.6403785488958
95810.0 1147.6403785488958
95949.0 1190.4149933065596
96696.0 1190.4149933065596
96841.0 1431.2636282394994
99079.0 1431.2636282394994
99128.0 1223.587460815047
105508.0 1223.587460815047
105705.0 461.8873611845584
120833.0 461.8873611845584
121022.0 563.7154362416107
123257.0 563.7154362416107
123386.0 563.6865817825661
125428.0 563.6865817825661
125599.0 530.2319545823195
128065.0 530.2319545823195
128209.0 501.7922350472193
131068.0 501.7922350472193
131212.0 505.2575039494471
133744.0 505.2575039494471
133912.0 580.4546892655367
138337.0 580.4546892655367
138480.0 503.83556871625154
144221.0 503.83556871625154
144406.0 452.3841630733046
146957.0 452.3841630733046
147275.0 463.8299188248937
149862.0 463.8299188248937
150032.0 482.5699143905422
152485.0 482.5699143905422
152610.0 475.002201027146
155336.0 475.002201027146
155511.0 505.5178416013925
157809.0 505.5178416013925
158002.0 537.8447132266875
160565.0 537.8447132266875
160856.0 471.54616634658
167625.0 471.54616634658
167824.0 430.8586810228802
170796.0 430.8586810228802
171028.0 485.67593818984545
173293.0 485.67593818984545
173468.0 764.0064516129032
174708.0 764.0064516129032
174867.0 754.1922651933702
177582.0 754.1922651933702
