13.0 2796.9384615384615
533.0 2796.9384615384615
623.0 2765.095320623917
1777.0 2765.095320623917
1818.0 2811.1959798994976
2216.0 2811.1959798994976
2315.0 2765.6781193490056
3421.0 2765.6781193490056
3511.0 2759.8390611902764
4704.0 2759.8390611902764
4816.0 2760.291777188329
6324.0 2760.291777188329
6417.0 2458.6039387308533
8245.0 2458.6039387308533
8323.0 2324.9920526171554
11972.0 2324.9920526171554
12016.0 2795.028267103646
14457.0 2795.028267103646
14511.0 2667.3126596132797
17252.0 2667.3126596132797
17316.0 2588.1418244406195
20221.0 2588.1418244406195
20321.0 4093.376464026771
22114.0 4093.376464026771
22209.0 3768.8068230277186
26899.0 3768.8068230277186
27014.0 3560.142382163114
32127.0 3560.142382163114
32207.0 5242.873202614379
35267.0 5242.873202614379
35311.0 5456.230671736375
38467.0 5456.230671736375
38505.0 6031.449456700691
41542.0 6031.449456700691
41608.0 6226.793650793651
44254.0 6226.793650793651
44308.0 6827.750960799385
46910.0 6827.750960799385
47010.0 4696.198149156233
50684.0 4696.198149156233
51006.0 3336.3696585565326
55897.0 3336.3696585565326
56009.0 4654.30419673884
59750.0 4654.30419673884
59813.0 3280.791582056489
65230.0 3280.791582056489
65322.0 2864.354527938343
71031.0 2864.354527938343
71115.0 3632.5415282392028
75931.0 3632.5415282392028
76013.0 4192.643266118995
80030.0 4192.643266118995
80110.0 4559.767784915536
84313.0 4559.767784915536
84409.0 5232.631509121062
87424.0 5232.631509121062
87508.0 6114.182599355531
90301.0 6114.182599355531
90597.0 5959.765920826162
93502.0 5959.765920826162
93610.0 5250.168944099379
96830.0 5250.168944099379
96910.0 5086.683244523387
100288.0 5086.683244523387
100408.0 5501.7551789077215
103594.0 5501.7551789077215
103708.0 5984.32711808963
106765.0 5984.32711808963
106809.0 5484.9364230540705
110175.0 5484.9364230540705
110209.0 3897.201545103386
114610.0 3897.201545103386
114715.0 3794.0335968379445
118763.0 3794.0335968379445
118813.0 4466.910036401456
122659.0 4466.910036401456
122900.0 5497.893719806763
126005.0 5497.893719806763
126111.0 4806.5397536394175
129683.0 4806.5397536394175
129817.0 3108.7224474751197
135243.0 3108.7224474751197
135315.0 3108.6033440056917
140937.0 3108.6033440056917
141016.0 2612.0055393137404
147515.0 2612.0055393137404
147616.0 2557.3056755978105
154558.0 2557.3056755978105
154623.0 2367.9621117147235
161802.0 2367.9621117147235
161928.0 4282.117703121277
166125.0 4282.117703121277
166213.0 4797.8960244648315
169483.0 4797.8960244648315
169809.0 5529.216164207825
172927.0 5529.216164207825
173007.0 5573.014577259475
175065.0 5573.014577259475
