23.0 1976.0978260869565
759.0 1976.0978260869565
826.0 1994.6153846153845
1450.0 1994.6153846153845
1525.0 1990.846975088968
2087.0 1990.846975088968
2222.0 1989.5296
2847.0 1989.5296
2927.0 1949.6312958435208
7017.0 1949.6312958435208
7120.0 1801.6485802642676
10677.0 1801.6485802642676
10724.0 1702.4958871915394
14979.0 1702.4958871915394
15027.0 1616.9041356965886
20274.0 1616.9041356965886
20326.0 1339.0900883218842
25421.0 1339.0900883218842
25584.0 638.2456569183762
37039.0 638.2456569183762
37185.0 1274.9662921348315
38075.0 1274.9662921348315
38316.0 1613.9328165374677
39090.0 1613.9328165374677
39226.0 1613.5106649937266
40023.0 1613.5106649937266
40135.0 1596.3582912264585
42312.0 1596.3582912264585
42424.0 1534.7023335230506
44181.0 1534.7023335230506
44231.0 1420.5347182150413
49430.0 1420.5347182150413
49525.0 1709.8368339597612
54048.0 1709.8368339597612
54130.0 2210.1409856519026
57336.0 2210.1409856519026
57419.0 1681.2051063829788
62119.0 1681.2051063829788
62222.0 1623.1144300461235
66775.0 1623.1144300461235
66826.0 1577.7111258571113
71347.0 1577.7111258571113
71428.0 1542.5611626968107
76382.0 1542.5611626968107
76434.0 1612.7047063723448
81236.0 1612.7047063723448
81509.0 1747.0397202098427
85512.0 1747.0397202098427
85623.0 1705.5574548907882
89835.0 1705.5574548907882
89924.0 1688.6020503261882
94216.0 1688.6020503261882
94329.0 1673.036519036519
99477.0 1673.036519036519
99530.0 1761.2009291521488
102974.0 1761.2009291521488
103025.0 1796.5047672462142
104808.0 1796.5047672462142
104927.0 1797.0072910824454
106710.0 1797.0072910824454
106829.0 1675.1600587371513
109553.0 1675.1600587371513
109628.0 1577.282379673621
114469.0 1577.282379673621
114716.0 1597.9453847889868
119147.0 1597.9453847889868
119226.0 1602.6764705882354
124394.0 1602.6764705882354
124530.0 1557.5802656546489
129800.0 1557.5802656546489
129928.0 1640.5683250054312
134531.0 1640.5683250054312
134630.0 1686.9239224761354
138087.0 1686.9239224761354
138229.0 1508.9823151125402
143205.0 1508.9823151125402
143330.0 1617.5611927013797
147824.0 1617.5611927013797
147922.0 1890.9362458724918
151859.0 1890.9362458724918
151930.0 1637.0917759237186
156125.0 1637.0917759237186
156416.0 1635.7550369040496
161429.0 1635.7550369040496
161530.0 1738.752336448598
163242.0 1738.752336448598
163325.0 1756.0458598726116
164110.0 1756.0458598726116
164228.0 1738.5054466230936
166064.0 1738.5054466230936
166125.0 1706.5090180360721
169119.0 1706.5090180360721
169233.0 1565.937794533459
173477.0 1565.937794533459
173529.0 1623.3421241908416
177700.0 1623.3421241908416
177827.0 1784.9478390461998
180511.0 1784.9478390461998
