21.0 2183.7957957957956
687.0 2183.7957957957956
820.0 2199.010600706714
1386.0 2199.010600706714
1424.0 2145.6391437308866
2732.0 2145.6391437308866
2827.0 4162.972198820556
4014.0 4162.972198820556
4105.0 6976.370953630796
5248.0 6976.370953630796
5305.0 7112.6126526082135
6206.0 7112.6126526082135
6305.0 6118.344594594595
7489.0 6118.344594594595
7606.0 7189.742372881356
8786.0 7189.742372881356
8905.0 7673.239384041064
11048.0 7673.239384041064
11104.0 7862.985047575895
13311.0 7862.985047575895
13404.0 4137.086842731383
17607.0 4137.086842731383
17706.0 6456.66641074856
20311.0 6456.66641074856
20407.0 4948.405375139978
23979.0 4948.405375139978
24006.0 7384.5874239350915
26471.0 7384.5874239350915
26504.0 7366.020202020202
28682.0 7366.020202020202
28704.0 7034.25816993464
31152.0 7034.25816993464
31398.0 6967.482693039178
34027.0 6967.482693039178
34105.0 5534.46288209607
37082.0 5534.46288209607
37106.0 5298.481359976141
40459.0 5298.481359976141
40506.0 5651.435309531608
43559.0 5651.435309531608
43606.0 5832.0886347391
46404.0 5832.0886347391
46507.0 5571.76064
49632.0 5571.76064
49707.0 5101.047072330654
53191.0 5101.047072330654
53307.0 4897.454327643007
56646.0 4897.454327643007
56710.0 4004.193179217212
61079.0 4004.193179217212
61302.0 4154.3778983719785
65356.0 4154.3778983719785
65408.0 4721.5333826065535
69467.0 4721.5333826065535
69510.0 4646.946686303388
72905.0 4646.946686303388
73010.0 4042.8295454545455
77234.0 4042.8295454545455
77313.0 4042.2881158066775
81596.0 4042.2881158066775
81711.0 2892.8035592060232
87555.0 2892.8035592060232
87616.0 2701.7006289308174
93976.0 2701.7006289308174
94016.0 2891.5526228967337
100078.0 2891.5526228967337
100112.0 3024.8161375661375
106160.0 3024.8161375661375
106403.0 2837.7337841992007
112909.0 2837.7337841992007
113016.0 2662.0493558901135
119459.0 2662.0493558901135
119513.0 2554.17395642774
125526.0 2554.17395642774
125616.0 2328.824183272333
132993.0 2328.824183272333
133117.0 2385.8784067085953
140272.0 2385.8784067085953
140312.0 2884.569892473118
146264.0 2884.569892473118
146314.0 2900.2627235213204
152130.0 2900.2627235213204
152216.0 3152.648981161092
154817.0 3152.648981161092
154913.0 3173.6974037600717
157147.0 3173.6974037600717
157216.0 3173.839511201629
159671.0 3173.839511201629
159715.0 3178.1077050538524
162129.0 3178.1077050538524
162213.0 2843.471588852696
164976.0 2843.471588852696
165017.0 2179.678583142014
168066.0 2179.678583142014
168120.0 2175.0594282043044
171233.0 2175.0594282043044
171320.0 2174.670903313663
173523.0 2174.670903313663
