11.0 4240.2565597667635
354.0 4240.2565597667635
411.0 4247.918088737201
704.0 4247.918088737201
810.0 4195.0612855007475
1479.0 4195.0612855007475
1513.0 4171.065921787709
3303.0 4171.065921787709
3410.0 4174.864921465969
5320.0 4174.864921465969
5410.0 4368.414451261077
6877.0 4368.414451261077
6909.0 4756.20832185175
10538.0 4756.20832185175
10608.0 4859.781432360743
14378.0 4859.781432360743
14408.0 4862.138379657008
17790.0 4862.138379657008
17907.0 4902.149152542373
21447.0 4902.149152542373
21508.0 4975.1576537911305
25003.0 4975.1576537911305
25105.0 4394.987196237262
28932.0 4394.987196237262
29009.0 4594.672212113335
32856.0 4594.672212113335
32908.0 4640.073413204181
36831.0 4640.073413204181
37100.0 4671.867210250437
40534.0 4671.867210250437
40607.0 4815.398210290828
44183.0 4815.398210290828
44305.0 4802.703723125328
48119.0 4802.703723125328
48208.0 4602.261452513966
51788.0 4602.261452513966
51909.0 4478.398790017645
55876.0 4478.398790017645
55908.0 4857.497747747748
59460.0 4857.497747747748
59509.0 4789.604931024362
62916.0 4789.604931024362
63009.0 4718.631978319783
66699.0 4718.631978319783
66810.0 4721.585547290117
70574.0 4721.585547290117
70799.0 4752.281313571636
74240.0 4752.281313571636
74308.0 3840.6849615806805
78863.0 3840.6849615806805
78914.0 3818.1473588755384
83325.0 3818.1473588755384
83409.0 3459.3328519855595
88949.0 3459.3328519855595
89013.0 2928.059391239792
94401.0 2928.059391239792
94512.0 3392.3146603098926
99546.0 3392.3146603098926
99613.0 3494.0706357214935
104568.0 3494.0706357214935
104608.0 4616.478427089022
108270.0 4616.478427089022
108307.0 4444.598034143818
112173.0 4444.598034143818
112402.0 4777.48487326247
116071.0 4777.48487326247
116108.0 4643.169543147208
120048.0 4643.169543147208
120110.0 4673.998987341773
124060.0 4673.998987341773
124108.0 4601.981218137913
127835.0 4601.981218137913
127909.0 4533.131050767414
131297.0 4533.131050767414
131408.0 4848.923511148744
134951.0 4848.923511148744
135009.0 4571.762185324049
138743.0 4571.762185324049
138812.0 4070.403034613561
143030.0 4070.403034613561
143111.0 4812.532952924394
146616.0 4812.532952924394
146900.0 4617.323117569353
150685.0 4617.323117569353
150809.0 3637.331047782301
155476.0 3637.331047782301
155513.0 3728.0167996640066
160275.0 3728.0167996640066
160312.0 3692.354474370113
164916.0 3692.354474370113
165011.0 3703.286214712549
169864.0 3703.286214712549
169908.0 4827.421538461538
173158.0 4827.421538461538
173212.0 4371.221095334686
177156.0 4371.221095334686
177208.0 4806.90025146689
179594.0 4806.90025146689
