15.0 3189.4912280701756
471.0 3189.4912280701756
511.0 3183.2225063938617
902.0 3183.2225063938617
1008.0 3196.7314285714288
1358.0 3196.7314285714288
1415.0 3204.783505154639
1803.0 3204.783505154639
1917.0 3335.854103343465
2904.0 3335.854103343465
3015.0 3580.1474860335197
4805.0 3580.1474860335197
4911.0 3288.2977757603267
7114.0 3288.2977757603267
7211.0 3613.243611584327
9559.0 3613.243611584327
9614.0 3375.154351395731
14486.0 3375.154351395731
14610.0 3879.6351441985244
19083.0 3879.6351441985244
19212.0 3751.4942826321467
23847.0 3751.4942826321467
23911.0 3768.679363656733
28374.0 3768.679363656733
28411.0 3977.4311431143115
32855.0 3977.4311431143115
32910.0 3748.5601317957166
37766.0 3748.5601317957166
37811.0 3663.6656770952272
42190.0 3663.6656770952272
42319.0 3842.861861191698
46800.0 3842.861861191698
47102.0 3834.52208499058
51879.0 3834.52208499058
51912.0 3967.2757043101374
56065.0 3967.2757043101374
56110.0 4094.447568564185
60449.0 4094.447568564185
60510.0 3911.5465880752663
64921.0 3911.5465880752663
65013.0 3612.6154527341155
69530.0 3612.6154527341155
69613.0 4329.127797115862
73635.0 4329.127797115862
73710.0 4149.439178146159
77993.0 4149.439178146159
78112.0 3509.8948272161406
82771.0 3509.8948272161406
82815.0 3592.2628336755647
87685.0 3592.2628336755647
88002.0 4105.764992686494
92104.0 4105.764992686494
92211.0 4043.1864978902954
96951.0 4043.1864978902954
97012.0 4058.7558528428094
100899.0 4058.7558528428094
101013.0 3443.620084694495
105972.0 3443.620084694495
106016.0 3771.099978218253
110607.0 3771.099978218253
110713.0 3784.5408551600626
115180.0 3784.5408551600626
115213.0 3815.01243339254
119717.0 3815.01243339254
119813.0 3903.250275633958
121627.0 3903.250275633958
121712.0 3868.5810368986454
123853.0 3868.5810368986454
123913.0 3846.5079662605435
126047.0 3846.5079662605435
126114.0 3823.56253164557
128089.0 3823.56253164557
128211.0 3663.1256281407036
129803.0 3663.1256281407036
129913.0 3636.172397094431
131978.0 3636.172397094431
132015.0 3872.8396377197655
133892.0 3872.8396377197655
134016.0 3962.372490191553
138349.0 3962.372490191553
138413.0 3781.1988343420758
142874.0 3781.1988343420758
142914.0 3722.378700745474
147609.0 3722.378700745474
147715.0 3973.6479400749063
151987.0 3973.6479400749063
152109.0 3858.4690284720714
156710.0 3858.4690284720714
156813.0 3910.651023694502
161160.0 3910.651023694502
161214.0 3815.72144373673
165924.0 3815.72144373673
166012.0 3849.146221786065
170088.0 3849.146221786065
170403.0 3953.2437514331577
174764.0 3953.2437514331577
174812.0 4064.23245924876
177634.0 4064.23245924876
