36.0 1191.1613431613432
1257.0 1191.1613431613432
1338.0 1208.388349514563
2368.0 1208.388349514563
2440.0 1205.6637931034484
3368.0 1205.6637931034484
3440.0 1206.0678952473327
4471.0 1206.0678952473327
4552.0 1182.207333635129
8970.0 1182.207333635129
9050.0 1652.9440288883156
12927.0 1652.9440288883156
13014.0 2091.2586605080833
16478.0 2091.2586605080833
16515.0 2299.158807588076
20205.0 2299.158807588076
20314.0 2681.864779874214
22858.0 2681.864779874214
22913.0 3059.039330543933
25303.0 3059.039330543933
25411.0 3395.913279132791
27625.0 3395.913279132791
27710.0 3431.2407667134175
29849.0 3431.2407667134175
29909.0 4912.3268482490275
31451.0 4912.3268482490275
31698.0 6575.441712926249
32959.0 6575.441712926249
33005.0 6437.878009630818
35497.0 6437.878009630818
35604.0 6437.332336448598
38279.0 6437.332336448598
38306.0 6914.878067195168
40955.0 6914.878067195168
41007.0 7126.339100346021
43319.0 7126.339100346021
43405.0 7854.0265251989385
45667.0 7854.0265251989385
45704.0 10264.028554431885
47385.0 10264.028554431885
47504.0 7207.6784452296815
49768.0 7207.6784452296815
49804.0 6247.4890563329745
52591.0 6247.4890563329745
52901.0 4109.1440462427745
57226.0 4109.1440462427745
57309.0 5087.92781580585
60523.0 5087.92781580585
60607.0 5011.263248352908
64098.0 5011.263248352908
64208.0 4597.829101829102
67871.0 4597.829101829102
67909.0 4482.971695906433
72184.0 4482.971695906433
72310.0 5404.722165125043
75229.0 5404.722165125043
75304.0 7223.7360406091375
77668.0 7223.7360406091375
77702.0 9393.988062940858
79545.0 9393.988062940858
79604.0 4924.422953684823
83037.0 4924.422953684823
83305.0 2687.334375977479
89699.0 2687.334375977479
89816.0 3357.967816091954
95036.0 3357.967816091954
95111.0 4171.018695850433
99497.0 4171.018695850433
99611.0 4727.860691421255
103516.0 4727.860691421255
103608.0 5013.617071031862
107029.0 5013.617071031862
107111.0 4819.029808597427
110298.0 4819.029808597427
110407.0 4887.549359886202
113922.0 4887.549359886202
114011.0 3543.1631382316314
118829.0 3543.1631382316314
118907.0 4359.817166074149
122845.0 4359.817166074149
123104.0 2357.1727221911683
130260.0 2357.1727221911683
130334.0 1992.539961235891
139105.0 1992.539961235891
139220.0 2700.083346588198
145507.0 2700.083346588198
145615.0 3523.782453354506
150653.0 3523.782453354506
150707.0 6247.556045571481
153428.0 6247.556045571481
153507.0 6434.675259577515
156300.0 6434.675259577515
156405.0 6459.086043639358
158834.0 6459.086043639358
158906.0 6915.401524267951
161399.0 6915.401524267951
161506.0 7163.812617114304
163107.0 7163.812617114304
