12.0 3141.2699784017277
475.0 3141.2699784017277
512.0 3158.984771573604
906.0 3158.984771573604
1014.0 3160.6101694915255
1368.0 3160.6101694915255
1421.0 3102.2718052738337
2407.0 3102.2718052738337
2511.0 3109.053824362606
3570.0 3109.053824362606
3615.0 3086.928709055877
5691.0 3086.928709055877
5813.0 3095.777777777778
8153.0 3095.777777777778
8213.0 2960.1870202372643
11079.0 2960.1870202372643
11115.0 2680.8110019646365
13660.0 2680.8110019646365
13717.0 2596.2727272727275
16533.0 2596.2727272727275
16617.0 2474.8360763660303
19655.0 2474.8360763660303
19716.0 2457.1221961834617
22703.0 2457.1221961834617
22817.0 2562.5196211096077
25773.0 2562.5196211096077
26009.0 2968.718940207662
28802.0 2968.718940207662
28912.0 3127.044719314938
31014.0 3127.044719314938
31115.0 2694.3927397903303
37506.0 2694.3927397903303
37618.0 2485.4154681139757
44988.0 2485.4154681139757
45117.0 2527.008588957055
51637.0 2527.008588957055
51712.0 2730.260949746427
58219.0 2730.260949746427
58323.0 2356.8687982359424
62858.0 2356.8687982359424
62917.0 2621.400955531055
65638.0 2621.400955531055
65713.0 2573.0127946127946
68683.0 2573.0127946127946
68906.0 2539.9173499508033
71955.0 2539.9173499508033
72015.0 2891.0293509714757
74434.0 2891.0293509714757
74514.0 2707.80550320392
77167.0 2707.80550320392
77216.0 2534.9702693249387
80075.0 2534.9702693249387
80120.0 2334.72268907563
83809.0 2334.72268907563
83920.0 2773.4686785550984
86107.0 2773.4686785550984
86214.0 2692.866435986159
89104.0 2692.866435986159
89215.0 2656.1714869003063
92154.0 2656.1714869003063
92214.0 2560.436790032979
94943.0 2560.436790032979
95206.0 2573.5166835187056
98173.0 2573.5166835187056
98216.0 2578.8718552302485
105013.0 2578.8718552302485
105119.0 2345.6966277727915
112918.0 2345.6966277727915
113019.0 1804.8974484309317
123248.0 1804.8974484309317
123322.0 1862.2776818742293
127377.0 1862.2776818742293
127424.0 1925.9233817701454
130452.0 1925.9233817701454
130526.0 2019.5524475524476
134244.0 2019.5524475524476
134323.0 1976.9703562686973
138000.0 1976.9703562686973
138122.0 1829.5935119193905
142191.0 1829.5935119193905
142510.0 1875.8809068560502
146171.0 1875.8809068560502
146227.0 1910.0955043093409
150520.0 1910.0955043093409
150623.0 2042.6505329876115
154094.0 2042.6505329876115
154220.0 2002.5124646620407
158111.0 2002.5124646620407
158223.0 2002.597755155312
162054.0 2002.597755155312
162123.0 2009.8521360961884
166032.0 2009.8521360961884
166125.0 1961.582054309327
169513.0 1961.582054309327
169621.0 2181.365979381443
172725.0 2181.365979381443
172814.0 2652.7131782945735
174620.0 2652.7131782945735
