17.0 2301.278481012658
649.0 2301.278481012658
722.0 2330.7865168539324
1256.0 2330.7865168539324
1318.0 2311.685950413223
1802.0 2311.685950413223
1924.0 2542.676641729011
3127.0 2542.676641729011
3211.0 3618.1186813186814
4121.0 3618.1186813186814
4214.0 3032.874585896829
6327.0 3032.874585896829
6414.0 3163.3711790393013
8704.0 3163.3711790393013
8814.0 3302.4118333982096
11383.0 3302.4118333982096
11410.0 4055.179284833539
15465.0 4055.179284833539
15513.0 3921.719322033898
19938.0 3921.719322033898
20010.0 2847.2533158670376
26117.0 2847.2533158670376
26209.0 3558.9538721963604
30935.0 3558.9538721963604
31020.0 4097.288827074641
35334.0 4097.288827074641
35409.0 5042.384487534626
39019.0 5042.384487534626
39109.0 5307.043334435991
42132.0 5307.043334435991
42210.0 4135.414024975985
46374.0 4135.414024975985
46600.0 5487.571000599161
49938.0 5487.571000599161
50004.0 5186.054768649669
53181.0 5186.054768649669
53212.0 3902.0004392708106
57765.0 3902.0004392708106
57808.0 4346.053400503778
61778.0 4346.053400503778
61809.0 2365.9828911120776
68706.0 2365.9828911120776
68821.0 2677.907105505998
75323.0 2677.907105505998
75410.0 4646.287058823529
79235.0 4646.287058823529
79307.0 3858.5653610193485
83545.0 3858.5653610193485
83612.0 3480.7640270592915
88638.0 3480.7640270592915
88901.0 3580.324829931973
93605.0 3580.324829931973
93714.0 3748.9959623149393
95200.0 3748.9959623149393
95311.0 3689.523114355231
96955.0 3689.523114355231
97011.0 3526.227458087902
99218.0 3526.227458087902
99314.0 3525.965672990063
101528.0 3525.965672990063
101613.0 3343.659810126582
106669.0 3343.659810126582
106715.0 3616.673542412124
111466.0 3616.673542412124
111512.0 4175.462601238685
115710.0 4175.462601238685
115806.0 6720.825863335783
118528.0 6720.825863335783
118807.0 2520.794101583834
126131.0 2520.794101583834
126406.0 3585.7245963912633
128512.0 3585.7245963912633
128608.0 4921.262447257384
129793.0 4921.262447257384
129909.0 4920.508519003932
131435.0 4920.508519003932
131508.0 5179.296116504855
134804.0 5179.296116504855
134909.0 2721.7755231452124
141217.0 2721.7755231452124
141316.0 2914.2930200414653
147104.0 2914.2930200414653
147211.0 3309.9560606060604
152491.0 3309.9560606060604
152612.0 3382.2323171946605
157631.0 3382.2323171946605
157911.0 2184.9619692307692
166036.0 2184.9619692307692
166309.0 2375.2173374613003
169539.0 2375.2173374613003
169618.0 2375.721802237678
172925.0 2375.721802237678
173019.0 2472.410714285714
175707.0 2472.410714285714
175816.0 2600.2150537634407
178420.0 2600.2150537634407
178515.0 3367.3118279569894
179445.0 3367.3118279569894
