37.0 1096.0120572720423
1364.0 1096.0120572720423
1441.0 1108.3170080142474
2564.0 1108.3170080142474
2641.0 886.5736925515056
3903.0 886.5736925515056
4065.0 798.6229929351317
5622.0 798.6229929351317
5755.0 901.7489655172413
7205.0 901.7489655172413
7367.0 621.8790878214459
17672.0 621.8790878214459
17743.0 704.8045977011494
19483.0 704.8045977011494
19579.0 623.393993724787
21810.0 623.393993724787
21983.0 622.7685950413223
23919.0 622.7685950413223
24075.0 636.6361556064073
25823.0 636.6361556064073
25976.0 652.1379310344828
27716.0 652.1379310344828
27902.0 686.6677966101695
32622.0 686.6677966101695
32758.0 800.2289981331674
34365.0 800.2289981331674
34456.0 650.8
39796.0 650.8
39986.0 586.98410430434
51184.0 586.98410430434
51268.0 714.795865633075
52816.0 714.795865633075
52969.0 713.9751243781094
54577.0 713.9751243781094
54662.0 746.0854489164087
56277.0 746.0854489164087
56372.0 771.9206534422403
58086.0 771.9206534422403
58166.0 771.4223134839151
59627.0 771.4223134839151
59785.0 578.3856782410188
68108.0 578.3856782410188
68318.0 482.16307460437076
74953.0 482.16307460437076
75083.0 543.4117647058823
80999.0 543.4117647058823
81221.0 482.99649122807017
83501.0 482.99649122807017
83703.0 475.50911300121504
86172.0 475.50911300121504
86299.0 488.110978993262
88822.0 488.110978993262
88990.0 500.5875472996216
91897.0 500.5875472996216
92113.0 517.1620111731844
96409.0 517.1620111731844
96746.0 599.9479894052492
105052.0 599.9479894052492
105181.0 663.4568725653868
106978.0 663.4568725653868
107070.0 619.7543252595156
111694.0 619.7543252595156
111888.0 681.4479250334672
123093.0 681.4479250334672
123304.0 550.4772835963654
125395.0 550.4772835963654
125593.0 550.7801179443976
127967.0 550.7801179443976
128099.0 594.2932891466446
130513.0 594.2932891466446
130652.0 873.2505119453925
132117.0 873.2505119453925
132251.0 880.3344481605351
133447.0 880.3344481605351
133559.0 692.7988826815642
134991.0 692.7988826815642
135362.0 533.418399718012
141036.0 533.418399718012
141205.0 614.0880245649948
143159.0 614.0880245649948
143432.0 692.2479532163743
145142.0 692.2479532163743
145272.0 640.5280424933604
158074.0 640.5280424933604
158152.0 872.1321321321321
159484.0 872.1321321321321
159555.0 875.7916137229987
161129.0 875.7916137229987
161265.0 873.3333333333334
162795.0 873.3333333333334
162962.0 831.5012987012987
164502.0 831.5012987012987
164682.0 667.613813965213
168649.0 667.613813965213
168773.0 564.3877636075686
180770.0 564.3877636075686
180923.0 538.7764282501124
189815.0 538.7764282501124
