95.0 378.16120644825793
3941.0 378.16120644825793
4129.0 382.4953902888752
7383.0 382.4953902888752
7539.0 380.56326530612245
10479.0 380.56326530612245
10636.0 379.10243902439026
13916.0 379.10243902439026
14136.0 373.1552511415525
17640.0 373.1552511415525
17858.0 371.57484369253405
20577.0 371.57484369253405
20739.0 369.9426847662142
24054.0 369.9426847662142
24245.0 377.52225841476655
27929.0 377.52225841476655
28152.0 371.7792167745914
31395.0 371.7792167745914
31652.0 332.9862357869539
34994.0 332.9862357869539
35251.0 333.0554740240681
38658.0 333.0554740240681
38997.0 378.3113264688068
42299.0 378.3113264688068
42543.0 389.56922144804605
45844.0 389.56922144804605
46027.0 399.33592448639644
49629.0 399.33592448639644
49844.0 406.3866521581429
52601.0 406.3866521581429
52846.0 377.51757079495053
55777.0 377.51757079495053
55976.0 321.31877973691576
59549.0 321.31877973691576
59777.0 317.3368448775349
63574.0 317.3368448775349
63769.0 305.2069204152249
68104.0 305.2069204152249
68379.0 305.43306233062333
72069.0 305.43306233062333
72383.0 372.8548625480343
75766.0 372.8548625480343
75953.0 381.18840579710144
79265.0 381.18840579710144
79421.0 453.9342332987193
82310.0 453.9342332987193
82516.0 467.019508057676
84874.0 467.019508057676
85002.0 437.58181140514347
87685.0 437.58181140514347
87861.0 382.09866583928016
91084.0 382.09866583928016
91242.0 378.46762028608583
95087.0 378.46762028608583
95246.0 383.2931034482759
97566.0 383.2931034482759
97724.0 379.2716049382716
100964.0 379.2716049382716
101155.0 403.4328884411987
109097.0 403.4328884411987
109326.0 350.7988857938719
112916.0 350.7988857938719
113158.0 341.25243770314194
116850.0 341.25243770314194
117058.0 333.54042306577804
120509.0 333.54042306577804
120763.0 329.5241935483871
124731.0 329.5241935483871
124968.0 301.8354723332632
129721.0 301.8354723332632
129997.0 283.2216072614567
134514.0 283.2216072614567
134770.0 283.87166352116475
138479.0 283.87166352116475
138694.0 284.67374461979915
142179.0 284.67374461979915
142524.0 282.159413202934
146614.0 282.159413202934
146878.0 293.6681350954479
150964.0 293.6681350954479
151171.0 295.7142143392456
155174.0 295.7142143392456
155380.0 267.6981600165392
160217.0 267.6981600165392
160495.0 258.66844800712533
164986.0 258.66844800712533
165218.0 266.8917715392062
170383.0 266.8917715392062
170588.0 293.4768284647485
175141.0 293.4768284647485
175387.0 300.2372801875733
179652.0 300.2372801875733
179898.0 309.26511104863647
183455.0 309.26511104863647
183811.0 306.5915857605178
186901.0 306.5915857605178
187179.0 297.9960185799602
190193.0 297.9960185799602
