52.0 757.5041666666667
1972.0 757.5041666666667
2069.0 763.5828220858896
3699.0 763.5828220858896
3861.0 762.6830265848671
5328.0 762.6830265848671
5473.0 762.8564417177914
7103.0 762.8564417177914
7264.0 757.114070642733
8991.0 757.114070642733
9168.0 763.6523053665911
10491.0 763.6523053665911
10669.0 851.6388888888889
12109.0 851.6388888888889
12239.0 1194.8384879725086
13403.0 1194.8384879725086
13544.0 1151.3101586230173
19470.0 1151.3101586230173
19547.0 914.6883523082697
27540.0 914.6883523082697
27655.0 1002.4736
35155.0 1002.4736
35246.0 1030.52850322943
42368.0 1030.52850322943
42447.0 1054.9368334700575
43666.0 1054.9368334700575
43746.0 1006.5836249125263
45175.0 1006.5836249125263
45256.0 819.6108266276518
46623.0 819.6108266276518
46785.0 737.9627204030227
50755.0 737.9627204030227
50875.0 740.3559887150551
54774.0 740.3559887150551
54878.0 751.670617592015
56481.0 751.670617592015
56561.0 1033.65
57841.0 1033.65
57939.0 1105.9140717382736
60476.0 1105.9140717382736
60540.0 987.9268698060941
67760.0 987.9268698060941
67861.0 842.2625371982806
76934.0 842.2625371982806
77055.0 870.1357303370786
85955.0 870.1357303370786
86055.0 853.6682170542636
87345.0 853.6682170542636
87460.0 841.6
88855.0 841.6
88956.0 850.4861878453039
90404.0 850.4861878453039
90564.0 843.5988405797101
92289.0 843.5988405797101
92462.0 841.8825312618416
95101.0 841.8825312618416
95251.0 881.6867602532343
98884.0 881.6867602532343
98952.0 856.5380732938337
108066.0 856.5380732938337
108163.0 826.2305782192267
116620.0 826.2305782192267
116939.0 821.8551859099804
118472.0 821.8551859099804
118560.0 816.3460992907801
119970.0 816.3460992907801
120059.0 820.811048336472
121652.0 820.811048336472
121754.0 820.253859348199
123503.0 820.253859348199
123827.0 960.6340019730352
126868.0 960.6340019730352
126948.0 1041.9926977687626
129413.0 1041.9926977687626
129550.0 1039.3532159540064
132333.0 1039.3532159540064
132448.0 897.1146488954709
140551.0 897.1146488954709
140659.0 907.4373476352998
148863.0 907.4373476352998
148958.0 969.8630136986301
156039.0 969.8630136986301
156141.0 1036.7141713370697
157390.0 1036.7141713370697
157541.0 1051.2941176470588
158646.0 1051.2941176470588
158751.0 1032.5812734082397
160086.0 1032.5812734082397
160155.0 846.7625125965737
166109.0 846.7625125965737
166254.0 829.061052631579
170054.0 829.061052631579
170155.0 805.9720024345709
173441.0 805.9720024345709
173561.0 801.0379343321645
176698.0 801.0379343321645
176865.0 798.5997666277713
182864.0 798.5997666277713
