19.0 2556.077328646749
588.0 2556.077328646749
716.0 2593.0
1196.0 2593.0
1314.0 2572.0827586206897
1749.0 2572.0827586206897
1821.0 2540.564784053156
3025.0 2540.564784053156
3115.0 2542.461776061776
4410.0 2542.461776061776
4519.0 3041.511153298529
6626.0 3041.511153298529
6717.0 2446.5113137453563
9678.0 2446.5113137453563
9716.0 2880.7796264855688
12661.0 2880.7796264855688
12713.0 2800.7651888341543
15149.0 2800.7651888341543
15212.0 3051.3789649415694
17608.0 3051.3789649415694
17713.0 2915.297402093835
20292.0 2915.297402093835
20411.0 2254.815360983103
23666.0 2254.815360983103
23713.0 3154.8554768846316
26114.0 3154.8554768846316
26218.0 3215.511040452217
31879.0 3215.511040452217
31914.0 3301.0683127572015
36774.0 3301.0683127572015
36810.0 3214.4603322755274
42167.0 3214.4603322755274
42213.0 3267.483410631466
47819.0 3267.483410631466
47916.0 3301.8228456913826
52906.0 3301.8228456913826
53010.0 3294.845697329377
58402.0 3294.845697329377
58513.0 3283.317221693625
63768.0 3283.317221693625
63814.0 3266.9037037037037
68809.0 3266.9037037037037
69104.0 3323.48768849017
74343.0 3323.48768849017
74411.0 3294.17015755329
79806.0 3294.17015755329
79913.0 3316.957403651116
84843.0 3316.957403651116
84914.0 3348.8361408882083
90138.0 3348.8361408882083
90215.0 3379.182985553772
95199.0 3379.182985553772
95318.0 3368.2031438935915
96972.0 3368.2031438935915
97013.0 3367.893392559689
98814.0 3367.893392559689
98912.0 3275.4141414141413
101288.0 3275.4141414141413
101416.0 3233.8392709196355
103830.0 3233.8392709196355
103912.0 3313.149359886202
106021.0 3313.149359886202
106113.0 3344.557161629435
108396.0 3344.557161629435
108516.0 3343.0103871576957
110634.0 3343.0103871576957
110712.0 3343.8159063383123
113189.0 3343.8159063383123
113312.0 3291.548582635051
118921.0 3291.548582635051
119016.0 3318.8049535603714
124184.0 3318.8049535603714
124314.0 3349.6724100327156
128899.0 3349.6724100327156
129015.0 3284.2164022175493
134246.0 3284.2164022175493
134313.0 3387.095238095238
139353.0 3387.095238095238
139408.0 3336.369996113486
144554.0 3336.369996113486
144618.0 3288.095126705653
149748.0 3288.095126705653
149813.0 3288.77832141513
155127.0 3288.77832141513
155406.0 3335.7091766555313
160495.0 3335.7091766555313
160617.0 3357.0771219302023
162938.0 3357.0771219302023
163010.0 3252.2051716829164
165369.0 3252.2051716829164
165414.0 3033.4023166023167
168004.0 3033.4023166023167
168117.0 3038.7928669410153
170304.0 3038.7928669410153
170414.0 3227.3403241182077
172512.0 3227.3403241182077
172612.0 3322.330097087379
174054.0 3322.330097087379
