74.0 536.6819188191882
2784.0 536.6819188191882
2896.0 543.0366492146596
5188.0 543.0366492146596
5389.0 537.3948126801153
7471.0 537.3948126801153
7605.0 542.7568747271933
9896.0 542.7568747271933
10098.0 535.8754098360656
12538.0 535.8754098360656
12695.0 534.5566137566137
14585.0 534.5566137566137
14715.0 299.99021526418784
18803.0 299.99021526418784
19200.0 285.0567739290838
24079.0 285.0567739290838
24158.0 832.0772946859903
25607.0 832.0772946859903
25758.0 843.060606060606
27078.0 843.060606060606
27162.0 858.9856169568509
28483.0 858.9856169568509
28723.0 884.6912181303117
30135.0 884.6912181303117
30255.0 901.8008415147265
31681.0 901.8008415147265
31761.0 552.1129311492875
46779.0 552.1129311492875
46926.0 405.3574529667149
49690.0 405.3574529667149
49928.0 134.66033832298893
58145.0 134.66033832298893
59003.0 160.77188068897914
66144.0 160.77188068897914
66246.0 898.5294556301268
67587.0 898.5294556301268
67655.0 1059.305044035228
68904.0 1059.305044035228
69032.0 727.1277419354839
70582.0 727.1277419354839
70724.0 614.0568023833168
75759.0 614.0568023833168
75851.0 177.74123609742364
82954.0 177.74123609742364
83546.0 474.80666183924694
86308.0 474.80666183924694
86500.0 458.27382438618395
88903.0 458.27382438618395
89117.0 451.7245094267026
91716.0 451.7245094267026
91903.0 454.76514032496306
94611.0 454.76514032496306
94825.0 452.6307931570762
98040.0 452.6307931570762
98227.0 456.4887063655031
100175.0 456.4887063655031
100309.0 454.1167775314117
103015.0 454.1167775314117
103363.0 261.16801752464403
107928.0 261.16801752464403
108211.0 730.491879350348
109935.0 730.491879350348
110126.0 379.37488708220417
113447.0 379.37488708220417
113539.0 1336.8734030197445
114400.0 1336.8734030197445
114544.0 1243.9532956685498
117199.0 1243.9532956685498
117326.0 2083.891342980452
121265.0 2083.891342980452
121340.0 1066.902514834699
128418.0 1066.902514834699
128597.0 967.2741748216952
134626.0 967.2741748216952
134733.0 511.31739870616275
149418.0 511.31739870616275
149797.0 344.2816229116945
153149.0 344.2816229116945
153360.0 826.9662301860785
154811.0 826.9662301860785
154914.0 2507.9322033898306
155386.0 2507.9322033898306
155616.0 1337.408695652174
157916.0 1337.408695652174
158043.0 1220.9778506972928
160481.0 1220.9778506972928
160534.0 1000.356062767475
164039.0 1000.356062767475
164169.0 949.9951008102506
169476.0 949.9951008102506
169542.0 990.233425762541
177476.0 990.233425762541
177578.0 695.797596457938
179159.0 695.797596457938
179439.0 717.7030303030303
180759.0 717.7030303030303
180876.0 727.255060728745
182111.0 727.255060728745
