12.0 4265.126099706745
353.0 4265.126099706745
410.0 4262.465753424657
702.0 4262.465753424657
811.0 4201.34131736527
1479.0 4201.34131736527
1509.0 4173.52027027027
2693.0 4173.52027027027
2810.0 4204.9655172413795
3593.0 4204.9655172413795
3709.0 4177.61668839635
5243.0 4177.61668839635
5308.0 3885.7001350742908
9750.0 3885.7001350742908
9809.0 4098.741834451902
14279.0 4098.741834451902
14411.0 3524.9200428724544
19076.0 3524.9200428724544
19211.0 3961.1065966674273
23592.0 3961.1065966674273
23709.0 2698.3513345747983
30153.0 2698.3513345747983
30210.0 3914.2694903420993
34507.0 3914.2694903420993
34609.0 4162.907206782855
38855.0 4162.907206782855
38908.0 4574.769540085448
42887.0 4574.769540085448
43198.0 4409.893347993403
46836.0 4409.893347993403
46910.0 4482.005205622072
50752.0 4482.005205622072
50806.0 4032.917657419639
55348.0 4032.917657419639
55408.0 3843.2694191742476
59695.0 3843.2694191742476
59809.0 3886.634872019252
64380.0 3886.634872019252
64507.0 4069.3
68747.0 4069.3
68809.0 4279.618148439549
72622.0 4279.618148439549
72708.0 4640.658848614073
76460.0 4640.658848614073
76506.0 4668.255319148936
80313.0 4668.255319148936
80599.0 4678.855507868383
84094.0 4678.855507868383
84210.0 4444.695121951219
88146.0 4444.695121951219
88205.0 4526.161784466542
91926.0 4526.161784466542
92009.0 4555.432374613739
96216.0 4555.432374613739
96307.0 4437.801406469761
99862.0 4437.801406469761
99907.0 4139.857454545455
104032.0 4139.857454545455
104108.0 4261.166625646074
108171.0 4261.166625646074
108206.0 4521.407863064991
111945.0 4521.407863064991
112010.0 4458.436948624805
115864.0 4458.436948624805
116100.0 4229.872586872587
120244.0 4229.872586872587
120309.0 4228.869163199261
124635.0 4228.869163199261
124711.0 4211.290145985401
129095.0 4211.290145985401
129209.0 4157.959757575758
133334.0 4157.959757575758
133409.0 4009.986422976501
137239.0 4009.986422976501
137311.0 4090.4133333333334
141511.0 4090.4133333333334
141607.0 4131.403678606002
145739.0 4131.403678606002
145810.0 4213.241717791411
149885.0 4213.241717791411
150008.0 4474.251458885941
153778.0 4474.251458885941
154101.0 4368.049987503125
158102.0 4368.049987503125
158210.0 4271.6215400100655
162184.0 4271.6215400100655
162309.0 4552.004102564102
166209.0 4552.004102564102
166307.0 4539.279038718291
170052.0 4539.279038718291
170112.0 4332.702025072324
174260.0 4332.702025072324
174310.0 4171.528848710449
178071.0 4171.528848710449
178110.0 3854.2579923988374
182583.0 3854.2579923988374
182712.0 4140.528519855596
185482.0 4140.528519855596
