25.0 1560.5236051502145
957.0 1560.5236051502145
1026.0 1571.5151515151515
1818.0 1571.5151515151515
1935.0 1547.1312017640573
3749.0 1547.1312017640573
3834.0 1540.3771404992779
8681.0 1540.3771404992779
8726.0 1540.8680193236714
13901.0 1540.8680193236714
14039.0 1541.674074074074
16739.0 1541.674074074074
16830.0 1705.6444981862153
18484.0 1705.6444981862153
18523.0 3360.729425695678
20212.0 3360.729425695678
20329.0 1648.7829869502175
24467.0 1648.7829869502175
24529.0 1966.9367769706753
28246.0 1966.9367769706753
28315.0 2064.4019769357496
31957.0 2064.4019769357496
32219.0 1994.408695652174
35899.0 1994.408695652174
36018.0 2277.452796151533
39344.0 2277.452796151533
39415.0 3232.6050682261207
41980.0 3232.6050682261207
42106.0 5245.848363926576
43359.0 5245.848363926576
43408.0 3428.6722376973075
45562.0 3428.6722376973075
45612.0 3060.384645825089
48139.0 3060.384645825089
48209.0 3436.329776915616
50271.0 3436.329776915616
50308.0 5510.225941422595
51742.0 5510.225941422595
51806.0 6051.852683269029
54657.0 6051.852683269029
54706.0 6914.484745762712
57066.0 6914.484745762712
57108.0 6243.008963786303
59897.0 6243.008963786303
60006.0 7436.003347280334
62396.0 7436.003347280334
62506.0 7460.1277372262775
64698.0 7460.1277372262775
64806.0 4647.800212539852
68570.0 4647.800212539852
68610.0 4156.428430404739
72662.0 4156.428430404739
72712.0 3839.0833333333335
77704.0 3839.0833333333335
78003.0 4553.068975468976
81468.0 4553.068975468976
81510.0 5923.313215400624
84393.0 5923.313215400624
84508.0 3751.4886240520045
89123.0 3751.4886240520045
89212.0 4607.670754974108
92881.0 4607.670754974108
92908.0 5750.607764390897
95896.0 5750.607764390897
96006.0 5391.753921870194
99257.0 5391.753921870194
99307.0 6611.524394651246
102074.0 6611.524394651246
102113.0 3646.513134505234
107176.0 3646.513134505234
107212.0 4196.619525324199
111299.0 4196.619525324199
111604.0 5371.895068205667
114463.0 5371.895068205667
114509.0 5883.471232876713
117429.0 5883.471232876713
117511.0 5182.4408014571945
120805.0 5182.4408014571945
120908.0 5632.860892388451
123956.0 5632.860892388451
124006.0 7251.90369733448
126332.0 7251.90369733448
126406.0 7628.357922304671
128697.0 7628.357922304671
128807.0 7670.774514234072
131020.0 7670.774514234072
131109.0 6413.589595375723
133877.0 6413.589595375723
133908.0 3802.1919033773206
138379.0 3802.1919033773206
138602.0 3365.5520599250935
143942.0 3365.5520599250935
144017.0 3458.0383513334805
148554.0 3458.0383513334805
148611.0 3243.6681091251176
153926.0 3243.6681091251176
154017.0 2304.9163987138263
158993.0 2304.9163987138263
