9.0 4768.550819672131
314.0 4768.550819672131
409.0 4805.559845559846
668.0 4805.559845559846
706.0 4761.0893617021275
941.0 4761.0893617021275
1010.0 4705.907692307693
1660.0 4705.907692307693
1712.0 4638.536412078152
2838.0 4638.536412078152
2911.0 4199.517693315858
4437.0 4199.517693315858
4513.0 3977.0230414746543
8853.0 3977.0230414746543
8912.0 3387.2020706230355
14321.0 3387.2020706230355
14411.0 4168.2514575411915
18356.0 4168.2514575411915
18412.0 2970.4909277644642
24254.0 2970.4909277644642
24318.0 2878.360536335044
30359.0 2878.360536335044
30414.0 2809.3562719224988
36401.0 2809.3562719224988
36515.0 2901.6956410910016
40438.0 2901.6956410910016
40703.0 2909.3445614035086
43553.0 2909.3445614035086
43611.0 3062.9301025163095
45757.0 3062.9301025163095
45814.0 3074.6711074104915
48216.0 3074.6711074104915
48312.0 3074.986878727634
50827.0 3074.986878727634
50915.0 3094.1973799126636
53205.0 3094.1973799126636
53314.0 3136.825724493847
55833.0 3136.825724493847
55910.0 3138.0212314225055
58265.0 3138.0212314225055
58313.0 3297.6569579288025
60476.0 3297.6569579288025
60512.0 3602.945780292315
62633.0 3602.945780292315
62712.0 3068.3784530386743
68504.0 3068.3784530386743
68610.0 3998.1907090464547
72700.0 3998.1907090464547
72810.0 3198.8151398793198
78279.0 3198.8151398793198
78317.0 2762.317205182877
84414.0 2762.317205182877
84513.0 4324.16606498195
88945.0 4324.16606498195
89007.0 3943.110222444389
93008.0 3943.110222444389
93113.0 3335.334375
98233.0 3335.334375
98308.0 4667.867349689944
102017.0 4667.867349689944
102300.0 5220.983323038913
105538.0 5220.983323038913
105606.0 5303.338271604938
108846.0 5303.338271604938
108907.0 4808.941563786008
112552.0 4808.941563786008
112612.0 4300.443817583451
116866.0 4300.443817583451
116912.0 2412.1107917428794
124566.0 2412.1107917428794
124627.0 1207.6029007956065
138830.0 1207.6029007956065
138922.0 1965.1966335118593
140229.0 1965.1966335118593
140320.0 1970.3814713896459
141788.0 1970.3814713896459
141824.0 2425.173076923077
143072.0 2425.173076923077
143112.0 3820.831295843521
143930.0 3820.831295843521
144011.0 2877.6852791878173
145587.0 2877.6852791878173
145621.0 2135.983328991925
149460.0 2135.983328991925
149517.0 2444.841379310345
152417.0 2444.841379310345
152515.0 2923.743339587242
155180.0 2923.743339587242
155214.0 2981.714729887291
157787.0 2981.714729887291
157809.0 4988.2615873015875
159384.0 4988.2615873015875
159408.0 4979.092351634402
162559.0 4979.092351634402
162610.0 4952.6274059178395
166091.0 4952.6274059178395
166208.0 4704.374077112388
168646.0 4704.374077112388
