26.0 1778.0048899755502
844.0 1778.0048899755502
925.0 1796.017316017316
1618.0 1796.017316017316
1728.0 1798.8038585209003
2350.0 1798.8038585209003
2432.0 1763.0201729106627
4167.0 1763.0201729106627
4227.0 1765.4091152815013
6092.0 1765.4091152815013
6227.0 1073.264779768883
12198.0 1073.264779768883
12344.0 2095.4932021984378
15801.0 2095.4932021984378
15919.0 2706.1869218500797
19054.0 2706.1869218500797
19114.0 2198.731550112794
22217.0 2198.731550112794
22323.0 1996.4784270890225
25985.0 1996.4784270890225
26018.0 2855.5077857956703
28651.0 2855.5077857956703
28716.0 2693.3666055045874
31441.0 2693.3666055045874
31521.0 1973.1200833550404
35360.0 1973.1200833550404
35611.0 1888.7544419134397
40001.0 1888.7544419134397
40119.0 1920.8205727644652
43541.0 1920.8205727644652
43623.0 1986.9141781006188
47340.0 1986.9141781006188
47422.0 2361.40213740458
50697.0 2361.40213740458
50814.0 2487.0873990873993
53663.0 2487.0873990873993
53722.0 1781.660428410372
58157.0 1781.660428410372
58222.0 1669.6882060551288
62648.0 1669.6882060551288
62723.0 2035.6255707762557
66227.0 2035.6255707762557
66320.0 1871.1674828599412
70404.0 1871.1674828599412
70712.0 1685.7222464083588
75306.0 1685.7222464083588
75425.0 1634.3538209862118
79704.0 1634.3538209862118
79828.0 942.5095775387038
87450.0 942.5095775387038
87595.0 539.5681953543776
101027.0 539.5681953543776
101206.0 524.2103746397695
103982.0 524.2103746397695
104096.0 528.680142687277
105778.0 528.680142687277
105891.0 529.9008193186719
108210.0 529.9008193186719
108392.0 876.6411764705882
109752.0 876.6411764705882
109858.0 905.3687994248742
111249.0 905.3687994248742
111355.0 893.0775237032906
114941.0 893.0775237032906
115060.0 896.83904213398
118359.0 896.83904213398
118452.0 952.8840161569533
121918.0 952.8840161569533
122053.0 688.7437489511663
133971.0 688.7437489511663
134110.0 515.2283527990335
136593.0 515.2283527990335
136806.0 520.197628458498
138830.0 520.197628458498
138995.0 520.2349239643419
140902.0 520.2349239643419
141090.0 515.6532618409294
143328.0 515.6532618409294
143493.0 737.9630996309963
145119.0 737.9630996309963
145239.0 1120.969696969697
146295.0 1120.969696969697
146448.0 1107.66124893071
147617.0 1107.66124893071
147747.0 1100.8668639053255
150451.0 1100.8668639053255
150550.0 849.1473408892764
159726.0 849.1473408892764
159862.0 807.8289986311466
169359.0 807.8289986311466
169458.0 759.6704699284471
179800.0 759.6704699284471
179963.0 745.2953929539295
181439.0 745.2953929539295
181585.0 740.13125
182865.0 740.13125
182964.0 740.4451772464963
184177.0 740.4451772464963
