36.0 1201.990082644628
1246.0 1201.990082644628
1336.0 1219.0401567091087
2357.0 1219.0401567091087
2436.0 1214.827361563518
3357.0 1214.827361563518
3447.0 939.8760393046107
4770.0 939.8760393046107
4898.0 573.7323387450637
7177.0 573.7323387450637
7303.0 578.6437571592211
9049.0 578.6437571592211
9219.0 571.4631873252563
11365.0 571.4631873252563
11491.0 574.707438016529
13911.0 574.707438016529
14118.0 584.5826407334418
25789.0 584.5826407334418
25996.0 531.6961299569995
28089.0 531.6961299569995
28304.0 529.9953292853806
30445.0 529.9953292853806
30745.0 611.745347698335
32787.0 611.745347698335
32881.0 636.3028203859476
34902.0 636.3028203859476
35074.0 631.1575252303642
37353.0 631.1575252303642
37485.0 609.5799782372144
39323.0 609.5799782372144
39509.0 580.7159563924678
44554.0 580.7159563924678
44719.0 580.9336470588236
53219.0 580.9336470588236
53366.0 624.456860844276
64713.0 624.456860844276
64898.0 587.5097690941385
67150.0 587.5097690941385
67296.0 587.6162669447341
69214.0 587.6162669447341
69548.0 587.5025617140195
71695.0 587.5025617140195
71883.0 571.2651583710407
74093.0 571.2651583710407
74304.0 554.9497669601243
80097.0 554.9497669601243
80455.0 508.6739411873497
85862.0 508.6739411873497
86003.0 596.257998984256
87972.0 596.257998984256
88071.0 737.4275449101797
89741.0 737.4275449101797
89873.0 733.1022670025189
91858.0 733.1022670025189
91973.0 532.4790419161677
93643.0 532.4790419161677
93817.0 482.8411214953271
100451.0 482.8411214953271
100747.0 610.1494370522006
102701.0 610.1494370522006
102888.0 641.2494965316625
107357.0 641.2494965316625
107478.0 627.1044678055191
119654.0 627.1044678055191
119776.0 622.188108108108
121626.0 622.188108108108
121787.0 598.6959706959707
123971.0 598.6959706959707
124092.0 559.0896336710834
126658.0 559.0896336710834
126796.0 529.0785773366418
129214.0 529.0785773366418
129407.0 616.6895558223289
133572.0 616.6895558223289
133684.0 442.68748086929907
140218.0 442.68748086929907
140561.0 631.308533916849
142389.0 631.308533916849
142469.0 759.4481012658227
144049.0 759.4481012658227
144161.0 694.6854460093897
145865.0 694.6854460093897
145971.0 682.9409282700421
147867.0 682.9409282700421
147973.0 522.6942932396839
153668.0 522.6942932396839
153787.0 601.5179276033625
159616.0 601.5179276033625
159939.0 607.7486671744098
165191.0 607.7486671744098
165396.0 602.8775894538607
167520.0 602.8775894538607
167683.0 569.7248178311187
179348.0 569.7248178311187
179643.0 580.1396203306797
181276.0 580.1396203306797
181387.0 603.1967763599731
182876.0 603.1967763599731
