7.0 6733.37037037037
223.0 6733.37037037037
308.0 6633.929313929314
789.0 6633.929313929314
906.0 6740.096385542169
1072.0 6740.096385542169
1106.0 6635.227765726681
1567.0 6635.227765726681
1607.0 7000.175548589342
4159.0 7000.175548589342
4202.0 6900.488671701466
6453.0 6900.488671701466
6505.0 6708.231636222308
9078.0 6708.231636222308
9104.0 7261.742370194213
11627.0 7261.742370194213
11705.0 4561.373647711512
15310.0 4561.373647711512
15410.0 6470.398210290828
18092.0 6470.398210290828
18203.0 7871.514712539611
20412.0 7871.514712539611
20504.0 7669.683538531692
22697.0 7669.683538531692
22998.0 7461.2511608273535
25367.0 7461.2511608273535
25406.0 5630.376739870089
28639.0 5630.376739870089
28709.0 5840.25919184565
31456.0 5840.25919184565
31506.0 6456.64191976003
34173.0 6456.64191976003
34205.0 6794.329376854599
36901.0 6794.329376854599
37006.0 6496.883280757098
39542.0 6496.883280757098
39610.0 5214.501907836807
43017.0 5214.501907836807
43108.0 4127.711004784689
47288.0 4127.711004784689
47414.0 5025.618724976902
50661.0 5025.618724976902
50898.0 7508.30185424752
53217.0 7508.30185424752
53305.0 7517.786802030457
55669.0 7517.786802030457
55706.0 6365.356169715843
58275.0 6365.356169715843
58305.0 6234.611546685674
61111.0 6234.611546685674
61206.0 6525.3188686555595
63787.0 6525.3188686555595
63906.0 7148.3416635583735
66587.0 7148.3416635583735
66705.0 7071.440609592111
68936.0 7071.440609592111
69008.0 5050.846495119787
72389.0 5050.846495119787
72509.0 8327.619047619048
74588.0 8327.619047619048
74902.0 5116.690072639225
78206.0 5116.690072639225
78308.0 5480.9620414673045
81443.0 5480.9620414673045
81506.0 5465.728718428438
84713.0 5465.728718428438
84808.0 3115.478201634877
90680.0 3115.478201634877
90716.0 4231.559935823974
95079.0 4231.559935823974
95106.0 6596.763076923077
97706.0 6596.763076923077
97806.0 6380.659742417947
100213.0 6380.659742417947
100307.0 5596.005211726384
103377.0 5596.005211726384
103408.0 4357.0597243491575
107326.0 4357.0597243491575
107602.0 1905.122059476254
116614.0 1905.122059476254
116726.0 2740.969775755606
122880.0 2740.969775755606
122912.0 3729.527955612463
127598.0 3729.527955612463
127711.0 4197.6815034619185
131755.0 4197.6815034619185
131814.0 4525.316339536069
135737.0 4525.316339536069
135809.0 5849.827942188575
138715.0 5849.827942188575
138809.0 5477.612922889363
142090.0 5477.612922889363
142208.0 2838.6321693504615
147735.0 2838.6321693504615
147820.0 3915.5339541221892
152223.0 3915.5339541221892
152500.0 4323.130041462496
155153.0 4323.130041462496
