11.0 3462.8761904761905
431.0 3462.8761904761905
520.0 3409.102564102564
1456.0 3409.102564102564
1514.0 3463.950464396285
1837.0 3463.950464396285
1914.0 3413.8839285714284
2810.0 3413.8839285714284
2915.0 3418.9906542056074
3878.0 3418.9906542056074
3916.0 3403.3266064790228
5799.0 3403.3266064790228
5913.0 3407.3941674506113
8039.0 3407.3941674506113
8118.0 3258.8715759516185
13740.0 3258.8715759516185
13812.0 3794.1282879556993
18146.0 3794.1282879556993
18212.0 3877.0348525469167
22688.0 3877.0348525469167
22815.0 3879.557340473003
27297.0 3879.557340473003
27411.0 4019.0241338112305
31596.0 4019.0241338112305
31712.0 3861.8536159056152
36289.0 3861.8536159056152
36410.0 4074.9961943138574
40877.0 4074.9961943138574
40912.0 3533.742731277533
45452.0 3533.742731277533
45702.0 3986.07962962963
50022.0 3986.07962962963
50110.0 3551.9705254993214
55267.0 3551.9705254993214
55312.0 4087.3470602828083
59343.0 4087.3470602828083
59412.0 3733.8814627994957
64170.0 3733.8814627994957
64213.0 3899.1710734463277
68638.0 3899.1710734463277
68712.0 3535.9011917659805
73327.0 3535.9011917659805
73423.0 2391.067289206262
80705.0 2391.067289206262
80815.0 3963.5984905660375
82140.0 3963.5984905660375
82212.0 3924.438756855576
83306.0 3924.438756855576
83412.0 3960.2028665931643
85226.0 3960.2028665931643
85310.0 4013.786463298379
89506.0 4013.786463298379
89613.0 3985.174464545644
94422.0 3985.174464545644
94513.0 4032.8179959100203
98425.0 4032.8179959100203
98515.0 3603.484279383836
103254.0 3603.484279383836
103311.0 3936.589358799454
107709.0 3936.589358799454
107813.0 3865.007773205304
112187.0 3865.007773205304
112313.0 3632.7306553911203
117043.0 3632.7306553911203
117114.0 3837.2574430823115
121682.0 3837.2574430823115
121712.0 3991.6298795180724
123787.0 3991.6298795180724
123811.0 3992.4357976653696
125867.0 3992.4357976653696
125910.0 3993.408778424114
127801.0 3993.408778424114
127910.0 4038.455955824349
131713.0 4038.455955824349
131811.0 3544.4060243449558
136658.0 3544.4060243449558
136714.0 3907.2922865644314
141083.0 3907.2922865644314
141115.0 3765.948672954595
145674.0 3765.948672954595
145715.0 3594.2740251438313
150408.0 3594.2740251438313
150514.0 3684.707569049125
155257.0 3684.707569049125
155314.0 3691.1119808654057
159913.0 3691.1119808654057
160012.0 3798.206247325631
164686.0 3798.206247325631
165004.0 3853.9106778508276
169415.0 3853.9106778508276
169513.0 3332.4769145188206
174906.0 3332.4769145188206
175017.0 3308.544917756221
179759.0 3308.544917756221
179815.0 3630.35255354201
181029.0 3630.35255354201
181114.0 3629.3939393939395
182434.0 3629.3939393939395
