27.0 1368.2107243650048
1090.0 1368.2107243650048
1232.0 1376.8141592920354
2136.0 1376.8141592920354
2233.0 1374.5159705159706
3047.0 1374.5159705159706
3136.0 1252.2215508559918
4129.0 1252.2215508559918
4238.0 1233.524528301887
5298.0 1233.524528301887
5447.0 1259.5251572327045
10535.0 1259.5251572327045
10632.0 1271.5674916622784
16329.0 1271.5674916622784
16432.0 1496.8059280169373
22100.0 1496.8059280169373
22231.0 1502.127697049758
26773.0 1502.127697049758
26828.0 1497.8701085843065
31709.0 1497.8701085843065
31829.0 1457.0837209302326
36989.0 1457.0837209302326
37127.0 1450.479051383399
42187.0 1450.479051383399
42330.0 1474.7339449541284
43202.0 1474.7339449541284
43331.0 1499.9040667361835
44290.0 1499.9040667361835
44436.0 1493.063122923588
46242.0 1493.063122923588
46340.0 1469.2637913741223
48334.0 1469.2637913741223
48432.0 1442.6026986506747
50433.0 1442.6026986506747
50535.0 1044.012376602328
57322.0 1044.012376602328
57492.0 552.1006148686417
71804.0 552.1006148686417
71944.0 1198.9872340425532
72884.0 1198.9872340425532
73118.0 1199.0190114068441
74170.0 1199.0190114068441
74240.0 1372.2782608695652
75160.0 1372.2782608695652
75229.0 1383.350210970464
76177.0 1383.350210970464
76229.0 1030.112359550562
78899.0 1030.112359550562
79050.0 935.1165962974992
82129.0 935.1165962974992
82251.0 1001.1865524060646
85285.0 1001.1865524060646
85342.0 1065.939603960396
93422.0 1065.939603960396
93578.0 699.2824533087388
102252.0 699.2824533087388
102370.0 737.5990396158463
104036.0 737.5990396158463
104336.0 847.9601706970128
105742.0 847.9601706970128
105841.0 1098.9249563699825
106987.0 1098.9249563699825
107220.0 1093.775956284153
110148.0 1093.775956284153
110244.0 1233.7508276703259
115983.0 1233.7508276703259
116032.0 1400.275908706678
121947.0 1400.275908706678
122221.0 1370.3585976627712
128211.0 1370.3585976627712
128326.0 1527.7232449929193
133269.0 1527.7232449929193
133342.0 1546.1553090332804
135866.0 1546.1553090332804
135934.0 1525.847591952855
140855.0 1525.847591952855
140930.0 1378.331437239287
146204.0 1378.331437239287
146337.0 1377.8671108643346
151740.0 1377.8671108643346
152017.0 1483.6972624798711
153880.0 1483.6972624798711
153928.0 1514.4514619883041
154783.0 1514.4514619883041
154831.0 1526.5177398160315
155592.0 1526.5177398160315
155734.0 1497.1169940222032
158076.0 1497.1169940222032
158137.0 1441.554302893649
163459.0 1441.554302893649
163533.0 1362.5584460631287
169299.0 1362.5584460631287
169436.0 1373.9590655364896
174273.0 1373.9590655364896
174335.0 1428.7740029542097
179074.0 1428.7740029542097
179127.0 1519.9238578680204
182279.0 1519.9238578680204
