14.0 3758.160206718346
401.0 3758.160206718346
515.0 3760.2416918429003
846.0 3760.2416918429003
914.0 3707.3923381770146
1671.0 3707.3923381770146
1709.0 3707.6848484848483
2534.0 3707.6848484848483
2615.0 3696.3849964614296
4028.0 3696.3849964614296
4114.0 3691.5115207373274
5850.0 3691.5115207373274
5911.0 3677.2182741116753
7881.0 3677.2182741116753
7917.0 3457.51575769013
13216.0 3457.51575769013
13311.0 3102.594716981132
18611.0 3102.594716981132
18714.0 3366.364306498545
23869.0 3366.364306498545
23912.0 3704.3408606732
28606.0 3704.3408606732
28712.0 3301.8484491558697
33806.0 3301.8484491558697
33916.0 3776.0529801324506
38597.0 3776.0529801324506
38710.0 3942.6051548624646
43327.0 3942.6051548624646
43415.0 3939.880157170923
47487.0 3939.880157170923
47800.0 3935.069469835466
52176.0 3935.069469835466
52212.0 3860.381875658588
56957.0 3860.381875658588
57013.0 3828.9788519637464
61316.0 3828.9788519637464
61411.0 3913.1735682819385
65951.0 3913.1735682819385
66012.0 3996.7180912670838
70329.0 3996.7180912670838
70412.0 3977.1347794296858
74515.0 3977.1347794296858
74613.0 3957.2163636363634
79013.0 3957.2163636363634
79113.0 3978.612121212121
80433.0 3978.612121212121
80513.0 3743.7901498929336
82381.0 3743.7901498929336
82415.0 3396.5995271867614
84530.0 3396.5995271867614
84613.0 3385.091078935077
86754.0 3385.091078935077
86816.0 3393.5350669818754
89354.0 3393.5350669818754
89414.0 3396.179171332587
91200.0 3396.179171332587
91312.0 3540.666060054595
93510.0 3540.666060054595
93616.0 4114.334600760456
97824.0 4114.334600760456
97912.0 4124.309343742376
102011.0 4124.309343742376
102110.0 4185.826065773447
106215.0 4185.826065773447
106310.0 4188.4329749103945
110495.0 4188.4329749103945
110610.0 3952.060488226399
115239.0 3952.060488226399
115310.0 3948.3096663815227
119986.0 3948.3096663815227
120111.0 3928.443426477325
124477.0 3928.443426477325
124515.0 3925.9325153374234
128427.0 3925.9325153374234
128701.0 4070.063018242123
132922.0 4070.063018242123
133013.0 4104.582832411637
137172.0 4104.582832411637
137213.0 4169.247207382225
141331.0 4169.247207382225
141414.0 4225.432865731463
145406.0 4225.432865731463
145509.0 4207.166104959076
149663.0 4207.166104959076
149714.0 4189.393879565647
153766.0 4189.393879565647
153813.0 4221.834958382878
158018.0 4221.834958382878
158112.0 4294.997473471451
162070.0 4294.997473471451
162215.0 4272.954826438421
166421.0 4272.954826438421
166701.0 4010.511247443763
170613.0 4010.511247443763
170714.0 4011.1903210795717
175012.0 4011.1903210795717
175115.0 4155.530434782609
177875.0 4155.530434782609
