20.0 1850.3918575063612
806.0 1850.3918575063612
923.0 1863.2335329341317
1591.0 1863.2335329341317
1720.0 1874.1306532663316
2317.0 1874.1306532663316
2421.0 1864.2518740629685
3088.0 1864.2518740629685
3231.0 2126.9302325581393
4779.0 2126.9302325581393
4812.0 3095.8763285024156
6882.0 3095.8763285024156
6913.0 2571.5725949591765
9730.0 2571.5725949591765
9817.0 2976.8056140350877
12667.0 2976.8056140350877
12714.0 3108.2751708428245
14909.0 3108.2751708428245
15016.0 3099.238660449343
17375.0 3099.238660449343
17413.0 3306.311345646438
19687.0 3306.311345646438
19816.0 3224.001533448342
25033.0 3224.001533448342
25109.0 3159.7611726850196
30703.0 3159.7611726850196
30814.0 3243.5866001425516
36426.0 3243.5866001425516
36508.0 3290.236259228876
41384.0 3290.236259228876
41516.0 3339.124297071941
46673.0 3339.124297071941
46711.0 3399.6867112100963
52099.0 3399.6867112100963
52213.0 3416.85939444214
57035.0 3416.85939444214
57112.0 3354.570996978852
62408.0 3354.570996978852
62701.0 3241.3736614690965
68024.0 3241.3736614690965
68110.0 3443.381304072589
72849.0 3443.381304072589
72912.0 3367.843713733075
78082.0 3367.843713733075
78213.0 3342.3426845058266
80530.0 3342.3426845058266
80612.0 3338.1384248210024
82707.0 3338.1384248210024
82809.0 3468.7629164654754
84880.0 3468.7629164654754
84913.0 3464.378585086042
87005.0 3464.378585086042
87110.0 3370.9557729941293
89665.0 3370.9557729941293
89713.0 3360.4299168975067
91518.0 3360.4299168975067
91613.0 3355.922380336352
93932.0 3355.922380336352
94016.0 3434.4425868895732
96289.0 3434.4425868895732
96412.0 3399.465915946109
101385.0 3399.465915946109
101509.0 3313.3081372927113
106695.0 3313.3081372927113
106814.0 3385.205098493627
111992.0 3385.205098493627
112111.0 3377.162266937419
117528.0 3377.162266937419
117614.0 3373.9576023391814
123086.0 3373.9576023391814
123216.0 3233.097832233742
128521.0 3233.097832233742
128614.0 3258.0076368264745
133328.0 3258.0076368264745
133416.0 3048.2143364088006
139052.0 3048.2143364088006
139302.0 3208.2240180417216
144623.0 3208.2240180417216
144714.0 3390.08014571949
146910.0 3390.08014571949
147008.0 3303.3189033189033
149087.0 3303.3189033189033
149213.0 3273.4690618762475
151718.0 3273.4690618762475
151812.0 3283.9462714219544
153971.0 3283.9462714219544
154016.0 3273.855462184874
156396.0 3273.855462184874
156517.0 3254.9647857445907
158874.0 3254.9647857445907
158916.0 3239.798762886598
161341.0 3239.798762886598
161412.0 2578.905704307334
163989.0 2578.905704307334
164308.0 2541.6623912722985
171091.0 2541.6623912722985
171210.0 3125.9918233851186
174879.0 3125.9918233851186
