16.0 2974.2494887525563
505.0 2974.2494887525563
618.0 2991.923076923077
1034.0 2991.923076923077
1115.0 2991.5935828877004
1489.0 2991.5935828877004
1614.0 2989.076923076923
2030.0 2989.076923076923
2116.0 2939.7214285714285
3236.0 2939.7214285714285
3321.0 2926.239269406393
5511.0 2926.239269406393
5618.0 3012.108108108108
8023.0 3012.108108108108
8116.0 3398.996794871795
10612.0 3398.996794871795
10719.0 3169.574402467232
15907.0 3169.574402467232
16016.0 3166.139025725233
21497.0 3166.139025725233
21623.0 2260.847224028085
29314.0 2260.847224028085
29427.0 1925.8525321437942
33238.0 1925.8525321437942
33323.0 594.1025882352941
46073.0 594.1025882352941
46197.0 582.1157426143262
48668.0 582.1157426143262
48756.0 1053.015037593985
49820.0 1053.015037593985
49938.0 1364.3699136868065
50749.0 1364.3699136868065
50839.0 1344.503027480205
52986.0 1344.503027480205
53039.0 1344.6164939161786
55258.0 1344.6164939161786
55339.0 2733.587194608256
56526.0 2733.587194608256
56624.0 3138.176470588235
58120.0 3138.176470588235
58219.0 1345.0560060343203
63522.0 1345.0560060343203
63643.0 1180.572841031979
70116.0 1180.572841031979
70245.0 1118.6202513361259
77168.0 1118.6202513361259
77247.0 1001.3459335624284
84231.0 1001.3459335624284
84362.0 806.7162268388546
93267.0 806.7162268388546
93368.0 932.9575757575758
94688.0 932.9575757575758
94744.0 1090.8605697151424
96078.0 1090.8605697151424
96144.0 1080.6070038910507
98200.0 1080.6070038910507
98345.0 1074.8885906040268
101325.0 1074.8885906040268
101446.0 827.7096357530354
105317.0 827.7096357530354
105470.0 775.5734776725304
109165.0 775.5734776725304
109271.0 772.8223938223938
113415.0 772.8223938223938
113567.0 2059.1198568872987
114126.0 2059.1198568872987
114227.0 2244.0075860200486
117918.0 2244.0075860200486
118018.0 2427.8166223010944
121399.0 2427.8166223010944
121525.0 2431.273663876368
124631.0 2431.273663876368
124720.0 2098.487225620727
127499.0 2098.487225620727
127622.0 1926.2945100051309
131520.0 1926.2945100051309
131623.0 2572.300070771408
134449.0 2572.300070771408
134521.0 2793.476923076923
137186.0 2793.476923076923
137320.0 3404.85870104115
139337.0 3404.85870104115
139606.0 3464.3177017321505
141973.0 3464.3177017321505
142016.0 3277.8733240869165
144179.0 3277.8733240869165
144225.0 2042.9407446250655
148039.0 2042.9407446250655
148124.0 1959.630140485313
152039.0 1959.630140485313
152134.0 2000.6396740514388
156061.0 2000.6396740514388
156126.0 2336.7932489451478
158970.0 2336.7932489451478
159025.0 2295.31300758887
166536.0 2295.31300758887
166620.0 2080.0261153427637
172134.0 2080.0261153427637
