88.0 450.4205636419944
3317.0 450.4205636419944
3503.0 454.9122807017544
6239.0 454.9122807017544
6425.0 456.11740725642073
8878.0 456.11740725642073
9011.0 454.64570383912246
11746.0 454.64570383912246
11906.0 429.827744904668
14948.0 429.827744904668
15137.0 432.12660393498714
17475.0 432.12660393498714
17614.0 427.89951151430563
20480.0 427.89951151430563
20619.0 425.709213345577
23886.0 425.709213345577
24115.0 430.6
26915.0 430.6
27115.0 432.506801399145
29688.0 432.506801399145
29916.0 423.4029850746269
32596.0 423.4029850746269
32976.0 377.96792738275343
36281.0 377.96792738275343
36440.0 380.01418439716315
39824.0 380.01418439716315
40046.0 376.3495552066981
43868.0 376.3495552066981
44029.0 371.48806366047745
47045.0 371.48806366047745
47261.0 368.46620046620046
50264.0 368.46620046620046
50427.0 370.2263785875524
53528.0 370.2263785875524
53756.0 366.90864799025576
57040.0 366.90864799025576
57272.0 360.4118768727867
60943.0 360.4118768727867
61209.0 357.0506490201069
69067.0 357.0506490201069
69377.0 367.74577259475217
72807.0 367.74577259475217
73035.0 366.4719883889695
76480.0 366.4719883889695
76644.0 370.14281682190233
80187.0 370.14281682190233
80345.0 382.904033379694
83221.0 382.904033379694
83441.0 375.9268834051443
91100.0 375.9268834051443
91321.0 394.08128
94446.0 394.08128
94632.0 390.76476906552097
98356.0 390.76476906552097
98541.0 395.21777777777777
100791.0 395.21777777777777
101039.0 401.7129780974175
104098.0 401.7129780974175
104469.0 405.107713217805
107412.0 405.107713217805
107622.0 377.31981566820275
115217.0 377.31981566820275
115483.0 317.91672975018923
119446.0 317.91672975018923
119674.0 317.61810154525386
123298.0 317.61810154525386
123564.0 317.4440398154892
127683.0 317.4440398154892
127872.0 341.4145644930985
132074.0 341.4145644930985
132260.0 344.921002965759
135969.0 344.921002965759
136146.0 346.798418972332
139182.0 346.798418972332
139371.0 327.3137578356978
142402.0 327.3137578356978
142815.0 294.3208365212956
146736.0 294.3208365212956
146983.0 293.81194906953965
151067.0 293.81194906953965
151283.0 295.936
155283.0 295.936
155490.0 367.23085649461143
159016.0 367.23085649461143
159265.0 382.88727752142387
162299.0 382.88727752142387
162548.0 386.3497757847534
166116.0 386.3497757847534
166364.0 357.75100401606426
170099.0 357.75100401606426
170359.0 332.3415520373735
174212.0 332.3415520373735
174473.0 333.55245603395997
177771.0 333.55245603395997
178103.0 331.59537976898844
180960.0 331.59537976898844
181144.0 333.14540059347183
183840.0 333.14540059347183
