45.0 1010.0055555555556
1485.0 1010.0055555555556
1544.0 1023.5526315789474
2760.0 1023.5526315789474
2843.0 1019.9234275296262
3940.0 1019.9234275296262
4048.0 1014.2381729200653
5274.0 1014.2381729200653
5348.0 989.8077214231643
6669.0 989.8077214231643
6742.0 997.3464955577492
7755.0 997.3464955577492
7865.0 930.1470491262776
10898.0 930.1470491262776
11073.0 1270.2344662374608
17752.0 1270.2344662374608
17829.0 1956.038990825688
21317.0 1956.038990825688
21410.0 3790.1005702436496
23339.0 3790.1005702436496
23414.0 2233.675579322638
26780.0 2233.675579322638
26817.0 2419.856247939334
29850.0 2419.856247939334
29922.0 1860.2180746561885
33994.0 1860.2180746561885
34129.0 1419.071025158309
39972.0 1419.071025158309
40042.0 3203.2397660818715
42094.0 3203.2397660818715
42400.0 4633.2245922208285
43994.0 4633.2245922208285
44107.0 3743.268151016457
46173.0 3743.268151016457
46214.0 2395.440162271805
49172.0 2395.440162271805
49216.0 3336.8513513513512
51584.0 3336.8513513513512
51711.0 2531.702637889688
54630.0 2531.702637889688
54722.0 1219.0791317723465
60573.0 1219.0791317723465
60616.0 2762.7794649313087
63382.0 2762.7794649313087
63418.0 2527.4830287206264
66482.0 2527.4830287206264
66517.0 2888.6410574142915
68938.0 2888.6410574142915
69023.0 2162.1950315165
77114.0 2162.1950315165
77230.0 1617.3867281283012
87643.0 1617.3867281283012
87723.0 2267.717746182201
91521.0 2267.717746182201
91622.0 2556.0792246101983
93995.0 2556.0792246101983
94121.0 2286.918601234205
97524.0 2286.918601234205
97627.0 2036.6522306287504
101460.0 2036.6522306287504
101526.0 1774.3605891315387
105464.0 1774.3605891315387
105527.0 2634.790890269151
108425.0 2634.790890269151
108516.0 2850.441223832528
111000.0 2850.441223832528
111115.0 2447.5862884160756
114499.0 2447.5862884160756
114808.0 2084.4205180294566
118746.0 2084.4205180294566
118819.0 3303.3840769903763
121105.0 3303.3840769903763
121215.0 2252.4897643877944
123804.0 2252.4897643877944
123926.0 1402.9701046337818
129278.0 1402.9701046337818
129338.0 1716.081208687441
133574.0 1716.081208687441
133625.0 1597.8999785361666
138284.0 1597.8999785361666
138356.0 951.4546965918537
145574.0 951.4546965918537
145648.0 1336.3820078226859
151784.0 1336.3820078226859
151833.0 1573.8157602663707
156338.0 1573.8157602663707
156610.0 799.0745564557482
166361.0 799.0745564557482
166439.0 1105.99306999307
169325.0 1105.99306999307
169467.0 848.2584814216478
173181.0 848.2584814216478
173245.0 1104.8911138923654
175642.0 1104.8911138923654
175741.0 1156.3994477680626
177914.0 1156.3994477680626
178039.0 1253.140758873929
179673.0 1253.140758873929
