13.0 3217.716814159292
465.0 3217.716814159292
518.0 3224.455958549223
904.0 3224.455958549223
1018.0 3167.6027088036117
1904.0 3167.6027088036117
2014.0 1508.3037475345168
4042.0 1508.3037475345168
4158.0 811.3573188762938
8216.0 811.3573188762938
8384.0 1135.4472005669738
14028.0 1135.4472005669738
14126.0 1198.7622042032103
20169.0 1198.7622042032103
20241.0 1158.9933333333333
21441.0 1158.9933333333333
21545.0 1167.1636011616652
22578.0 1167.1636011616652
22645.0 1183.18793314309
25098.0 1183.18793314309
25233.0 1469.4539781591263
27156.0 1469.4539781591263
27227.0 1978.8147748719332
30936.0 1978.8147748719332
31013.0 1738.9366391184574
35369.0 1738.9366391184574
35611.0 2086.9952177196074
39584.0 2086.9952177196074
39620.0 1935.5265017667843
43016.0 1935.5265017667843
43127.0 1720.726933830382
47419.0 1720.726933830382
47517.0 1734.3781116842342
51976.0 1734.3781116842342
52023.0 1910.925566343042
55731.0 1910.925566343042
55824.0 1874.6533807829182
60039.0 1874.6533807829182
60132.0 1882.812738853503
64057.0 1882.812738853503
64123.0 2215.8533706119915
67342.0 2215.8533706119915
67419.0 1974.6377260981913
71289.0 1974.6377260981913
71609.0 2269.6975381008206
75021.0 2269.6975381008206
75120.0 973.7399053188527
82302.0 973.7399053188527
82414.0 1013.8029918148462
89500.0 1013.8029918148462
89654.0 2418.244911578245
92651.0 2418.244911578245
92725.0 2364.2031292890474
96368.0 2364.2031292890474
96426.0 1151.4001518602886
101694.0 1151.4001518602886
101812.0 7837.244712990937
102805.0 7837.244712990937
102918.0 2940.2967984934085
105573.0 2940.2967984934085
105624.0 2083.9343871160154
108977.0 2083.9343871160154
109023.0 1308.7764609726196
111470.0 1308.7764609726196
111554.0 926.068145800317
116602.0 926.068145800317
116767.0 702.7012765957447
121467.0 702.7012765957447
121568.0 1726.6403029028186
126322.0 1726.6403029028186
126431.0 1002.3275816299442
133965.0 1002.3275816299442
134021.0 1711.6806574699149
137428.0 1711.6806574699149
137529.0 1364.7211922937113
143031.0 1364.7211922937113
143140.0 1532.5790172642762
143893.0 1532.5790172642762
144210.0 2033.4677944046844
145747.0 2033.4677944046844
146009.0 2525.184855233853
147805.0 2525.184855233853
147926.0 1665.5683219733853
151007.0 1665.5683219733853
151315.0 1659.6535580524344
155587.0 1659.6535580524344
155727.0 1735.7487190911115
160216.0 1735.7487190911115
160325.0 1592.0215812409213
165144.0 1592.0215812409213
165246.0 1496.4784761904762
170496.0 1496.4784761904762
170633.0 875.4893953365828
178224.0 875.4893953365828
178354.0 1478.698405765451
182933.0 1478.698405765451
183028.0 1723.9294710327456
185807.0 1723.9294710327456
