17.0 2240.998459167951
666.0 2240.998459167951
726.0 2279.5604395604396
1272.0 2279.5604395604396
1326.0 2251.2193158953723
1823.0 2251.2193158953723
1926.0 2226.2299854439593
3300.0 2226.2299854439593
3418.0 2126.9302325581393
4966.0 2126.9302325581393
5029.0 1878.7639988273233
8440.0 1878.7639988273233
8525.0 1793.9871223377909
12563.0 1793.9871223377909
12628.0 1797.054861258208
17349.0 1797.054861258208
17425.0 1745.3732412381682
21334.0 1745.3732412381682
21426.0 1649.9896185962536
25857.0 1649.9896185962536
25927.0 1683.5091804746978
30393.0 1683.5091804746978
30528.0 1769.3886210221794
34676.0 1769.3886210221794
34727.0 1312.3367983367984
40499.0 1312.3367983367984
40820.0 1429.8382479737886
46619.0 1429.8382479737886
46734.0 1425.2055507372072
51346.0 1425.2055507372072
51428.0 1411.3051786738008
56661.0 1411.3051786738008
56736.0 1417.3728395061728
57546.0 1417.3728395061728
57632.0 1393.6029892573563
59773.0 1393.6029892573563
59832.0 1392.6042918454937
62162.0 1392.6042918454937
62229.0 1394.4850894632207
64241.0 1394.4850894632207
64334.0 1412.414801279123
66523.0 1412.414801279123
66642.0 1408.873392397828
70141.0 1408.873392397828
70413.0 1434.6439422008152
75811.0 1434.6439422008152
75932.0 1467.0442626389763
80699.0 1467.0442626389763
80825.0 1758.582129742962
84910.0 1758.582129742962
85023.0 1478.4740922072624
89925.0 1478.4740922072624
90035.0 1332.2184068058777
96500.0 1332.2184068058777
96628.0 1591.1794333683106
100440.0 1591.1794333683106
100529.0 1524.4630754162586
105634.0 1524.4630754162586
105733.0 1432.9089574155653
111181.0 1432.9089574155653
111229.0 1181.5069327020628
117143.0 1181.5069327020628
117245.0 1170.621372965322
121484.0 1170.621372965322
121543.0 1546.613695765813
123456.0 1546.613695765813
123526.0 1562.188769414576
124363.0 1562.188769414576
124433.0 1548.6023166023167
126505.0 1548.6023166023167
126632.0 1553.050505050505
128513.0 1553.050505050505
128629.0 1454.4235560588902
130395.0 1454.4235560588902
130537.0 1525.847591952855
135458.0 1525.847591952855
135528.0 1648.7457473349966
139937.0 1648.7457473349966
140027.0 1804.755393939394
144152.0 1804.755393939394
144214.0 2742.6517571884983
146718.0 2742.6517571884983
146816.0 1610.3770620581304
151908.0 1610.3770620581304
152040.0 1246.710040443116
157727.0 1246.710040443116
157833.0 1335.5803908124785
163667.0 1335.5803908124785
163735.0 1389.594638652418
169256.0 1389.594638652418
169519.0 1449.540959409594
174939.0 1449.540959409594
175031.0 1519.049142857143
179406.0 1519.049142857143
179531.0 1579.4168416141824
183818.0 1579.4168416141824
183927.0 1735.1684172401303
186688.0 1735.1684172401303
