33.0 1097.6664150943395
1358.0 1097.6664150943395
1446.0 1108.3170080142474
2569.0 1108.3170080142474
2657.0 1086.6812559467173
6861.0 1086.6812559467173
6937.0 1107.2626892252895
8060.0 1107.2626892252895
8137.0 1098.7697478991597
9327.0 1098.7697478991597
9438.0 1085.6859676577988
13272.0 1085.6859676577988
13349.0 1018.433853507662
20462.0 1018.433853507662
20560.0 883.0952430519413
30167.0 883.0952430519413
30242.0 1106.1284403669724
31332.0 1106.1284403669724
31442.0 1111.7282717282717
32443.0 1111.7282717282717
32542.0 1109.208211143695
33565.0 1109.208211143695
33820.0 1102.5454545454545
34953.0 1102.5454545454545
35052.0 1146.8675324675326
37747.0 1146.8675324675326
37841.0 1107.9144842330304
45325.0 1107.9144842330304
45620.0 1206.7281072149808
51067.0 1206.7281072149808
51129.0 1287.3208994247864
56866.0 1287.3208994247864
56942.0 1003.9714396988186
64645.0 1003.9714396988186
64750.0 910.0664652567975
66074.0 910.0664652567975
66156.0 906.8348183687457
67615.0 906.8348183687457
67750.0 906.7160096540628
68993.0 906.7160096540628
69332.0 905.5046661880833
70725.0 905.5046661880833
70846.0 972.978102189781
74134.0 972.978102189781
74246.0 978.6374429223745
77531.0 978.6374429223745
77826.0 976.1864879955332
84990.0 976.1864879955332
85147.0 1043.3998547567176
92032.0 1043.3998547567176
92140.0 972.9467042556048
99589.0 972.9467042556048
99748.0 902.1748295102294
101361.0 902.1748295102294
101454.0 913.9157245632066
102427.0 913.9157245632066
102548.0 945.9892224788299
103847.0 945.9892224788299
104122.0 965.952366596322
107439.0 965.952366596322
107550.0 973.5867354047652
114727.0 973.5867354047652
114845.0 997.9903280616912
122496.0 997.9903280616912
122830.0 999.7876306128212
129912.0 999.7876306128212
130041.0 1008.9135802469136
131337.0 1008.9135802469136
131444.0 1018.9090909090909
132852.0 1018.9090909090909
132946.0 1014.5218080888184
134207.0 1014.5218080888184
134349.0 1027.2
135374.0 1027.2
135446.0 1031.2014260249555
138251.0 1031.2014260249555
138524.0 1052.3699582753825
141400.0 1052.3699582753825
141547.0 998.7410786155084
149001.0 998.7410786155084
149170.0 770.6014362657091
158082.0 770.6014362657091
158333.0 782.390332326284
159988.0 782.390332326284
160158.0 848.5609934258583
161527.0 848.5609934258583
161647.0 1012.8552534900808
163008.0 1012.8552534900808
163152.0 1015.3495440729483
164468.0 1015.3495440729483
164553.0 966.2417906776534
172684.0 966.2417906776534
172749.0 918.3142185988669
179986.0 918.3142185988669
180144.0 1036.2656871747781
186678.0 1036.2656871747781
186744.0 1043.51993029841
191335.0 1043.51993029841
