41.0 1171.0209339774558
1283.0 1171.0209339774558
1345.0 1183.1178707224335
2397.0 1183.1178707224335
2542.0 1178.9841938883035
3491.0 1178.9841938883035
3637.0 1179.7495256166983
4691.0 1179.7495256166983
4846.0 782.9935790725327
9051.0 782.9935790725327
9162.0 673.8529878371232
12944.0 673.8529878371232
13075.0 640.2941443486155
17481.0 640.2941443486155
17573.0 629.8029893751126
23126.0 629.8029893751126
23280.0 620.2057613168724
25224.0 620.2057613168724
25381.0 622.3937360178971
27169.0 622.3937360178971
27305.0 621.0837438423646
29132.0 621.0837438423646
29444.0 661.9947005829358
31331.0 661.9947005829358
31645.0 661.4183607960625
36318.0 661.4183607960625
36487.0 590.932154395511
42368.0 590.932154395511
42482.0 621.1637871458189
46823.0 621.1637871458189
46995.0 555.8171125023715
52266.0 555.8171125023715
52395.0 606.1626187961986
54289.0 606.1626187961986
54480.0 641.6017039403621
56358.0 641.6017039403621
56472.0 637.0110736639384
58549.0 637.0110736639384
58682.0 636.6471522577717
63089.0 636.6471522577717
63282.0 638.7966942148761
68122.0 638.7966942148761
68442.0 617.7161614211237
73621.0 617.7161614211237
73776.0 688.7689075630252
75680.0 688.7689075630252
75765.0 715.5503573749188
77304.0 715.5503573749188
77475.0 710.6731234866828
79127.0 710.6731234866828
79276.0 604.6178343949044
84300.0 604.6178343949044
84499.0 512.3237079271657
95373.0 512.3237079271657
95501.0 468.5142255005269
97399.0 468.5142255005269
97605.0 468.6651411136537
100227.0 468.6651411136537
100400.0 468.6446540880503
102944.0 468.6446540880503
103272.0 509.453074433657
105744.0 509.453074433657
105901.0 531.195223088406
111930.0 531.195223088406
112086.0 514.0902188476998
114325.0 514.0902188476998
114490.0 485.90495806973667
121287.0 485.90495806973667
121422.0 435.96521739130435
128782.0 435.96521739130435
128918.0 463.8549673676577
131676.0 463.8549673676577
131805.0 471.0872483221477
134040.0 471.0872483221477
134219.0 466.20676691729324
136347.0 466.20676691729324
136501.0 477.08322824716265
142845.0 477.08322824716265
143167.0 415.9488953952622
150681.0 415.9488953952622
150799.0 517.3706293706293
153087.0 517.3706293706293
153205.0 468.47178002894356
155969.0 468.47178002894356
156105.0 443.72803666921317
158723.0 443.72803666921317
158915.0 438.73201782304267
162057.0 438.73201782304267
162221.0 380.79224850384725
165730.0 380.79224850384725
165949.0 366.03136981526666
174556.0 366.03136981526666
174750.0 449.00244897959186
177200.0 449.00244897959186
177428.0 467.3744449925999
179455.0 467.3744449925999
179764.0 466.5766233766234
181689.0 466.5766233766234
