17.0 2361.051948051948
633.0 2361.051948051948
720.0 2393.5384615384614
1240.0 2393.5384615384614
1317.0 2380.5446808510637
1787.0 2380.5446808510637
1922.0 2343.9386973180076
3227.0 2343.9386973180076
3314.0 2382.408104196816
4696.0 2382.408104196816
4818.0 2654.668367346939
6386.0 2654.668367346939
6516.0 2809.976726144298
9094.0 2809.976726144298
9209.0 5116.945717732207
10867.0 5116.945717732207
10907.0 3958.534424650939
15061.0 3958.534424650939
15111.0 3583.97521685254
19953.0 3583.97521685254
20010.0 3062.916329047032
25687.0 3062.916329047032
25817.0 2504.40976771888
32533.0 2504.40976771888
32618.0 2315.0889325474786
40253.0 2315.0889325474786
40508.0 2932.7829333333334
42383.0 2932.7829333333334
42409.0 4328.205457463884
43032.0 4328.205457463884
43109.0 4298.91042047532
44203.0 4298.91042047532
44502.0 3648.9067729083667
49522.0 3648.9067729083667
49613.0 3204.84263761914
54754.0 3204.84263761914
54809.0 3089.7057391304347
60559.0 3089.7057391304347
60616.0 3043.5406597283472
66285.0 3043.5406597283472
66415.0 3904.122605363985
68242.0 3904.122605363985
68310.0 3986.357850808555
70227.0 3986.357850808555
70309.0 3998.0423335054206
72246.0 3998.0423335054206
72309.0 4063.7673956262424
76333.0 4063.7673956262424
76409.0 3578.3023113111067
81298.0 3578.3023113111067
81601.0 3362.988817891374
86609.0 3362.988817891374
86712.0 2866.8218399401644
93397.0 2866.8218399401644
93516.0 2936.7803425167535
98888.0 2936.7803425167535
99013.0 3672.454193548387
103663.0 3672.454193548387
103713.0 4191.310067114094
106693.0 4191.310067114094
106809.0 3285.820019436346
111954.0 3285.820019436346
112008.0 4763.741613529249
115615.0 4763.741613529249
115708.0 4503.749229188078
119600.0 4503.749229188078
119711.0 4258.400372439479
124007.0 4258.400372439479
124300.0 3600.993953579091
129427.0 3600.993953579091
129516.0 3072.1089020240015
135099.0 3072.1089020240015
135215.0 4086.814262905801
138973.0 4086.814262905801
139007.0 4669.675455286762
142686.0 4669.675455286762
142808.0 4714.432477216239
146429.0 4714.432477216239
146510.0 4369.804021379486
150439.0 4369.804021379486
150511.0 3697.4853134590094
155073.0 3697.4853134590094
155113.0 2574.2477537192517
161902.0 2574.2477537192517
162014.0 3294.628252788104
164166.0 3294.628252788104
164208.0 3296.0135363790187
166572.0 3296.0135363790187
166616.0 3325.51018638925
168923.0 3325.51018638925
169011.0 3479.3948988566403
172422.0 3479.3948988566403
172515.0 3492.2963741460853
174418.0 3492.2963741460853
174510.0 3224.266666666667
176610.0 3224.266666666667
176712.0 3133.289731850883
178241.0 3133.289731850883
