6.0 8505.309941520467
177.0 8505.309941520467
209.0 8397.157894736842
589.0 8397.157894736842
709.0 8332.220976781426
1958.0 8332.220976781426
2008.0 8335.108968177436
4082.0 8335.108968177436
4105.0 3436.131563762262
9304.0 3436.131563762262
9427.0 4840.4487379245875
12636.0 4840.4487379245875
12710.0 5477.715011107585
15861.0 5477.715011107585
15912.0 5368.114854966306
19325.0 5368.114854966306
19408.0 1518.4921968787514
30237.0 1518.4921968787514
30326.0 3662.877755511022
32322.0 3662.877755511022
32407.0 7146.912547528517
33459.0 7146.912547528517
33508.0 7245.235932872655
34521.0 7245.235932872655
34602.0 2098.8661679135494
38211.0 2098.8661679135494
38309.0 5730.222529371113
39756.0 5730.222529371113
39812.0 4833.742693582404
43131.0 4833.742693582404
43207.0 7086.363786008231
45637.0 7086.363786008231
45709.0 1618.7267585719335
57025.0 1618.7267585719335
57163.0 1481.1838125085162
64502.0 1481.1838125085162
64612.0 3021.668833652008
67227.0 3021.668833652008
67332.0 1478.8953372023213
72329.0 1478.8953372023213
72426.0 1574.224032586558
74390.0 1574.224032586558
74528.0 4616.380952380952
75221.0 4616.380952380952
75308.0 7034.625820568927
75765.0 7034.625820568927
75811.0 6883.2677165354335
76827.0 6883.2677165354335
76909.0 6874.457416267943
77954.0 6874.457416267943
78006.0 7206.610183996577
80343.0 7206.610183996577
80410.0 7035.500734214391
83134.0 7035.500734214391
83208.0 3575.7896645512237
87620.0 3575.7896645512237
87724.0 4239.551142005958
91752.0 4239.551142005958
91808.0 4876.935211267606
95358.0 4876.935211267606
95414.0 4182.4700643245915
99456.0 4182.4700643245915
99507.0 5077.664302600473
102891.0 5077.664302600473
103014.0 4027.7095588235293
107366.0 4027.7095588235293
107601.0 4099.974899148364
112063.0 4099.974899148364
112109.0 6309.738892686261
115035.0 6309.738892686261
115112.0 6494.352139341158
117753.0 6494.352139341158
117807.0 6949.433484162896
120017.0 6949.433484162896
120105.0 6460.976306882287
122764.0 6460.976306882287
122809.0 6454.049149338374
125454.0 6454.049149338374
125507.0 6459.352896914974
128165.0 6459.352896914974
128209.0 6254.3299962921765
130906.0 6254.3299962921765
131009.0 6413.419449541285
133734.0 6413.419449541285
134006.0 3360.1393507521775
139058.0 3360.1393507521775
139109.0 6636.566728971962
141784.0 6636.566728971962
141906.0 6808.009611533841
144403.0 6808.009611533841
144509.0 5698.176284083704
147663.0 5698.176284083704
147708.0 6608.727885425442
150082.0 6608.727885425442
150210.0 5721.903750414869
153223.0 5721.903750414869
153311.0 4435.136890951276
155897.0 4435.136890951276
