14.0 2673.544117647059
558.0 2673.544117647059
617.0 2688.207343412527
1080.0 2688.207343412527
1115.0 2683.1079136690646
1532.0 2683.1079136690646
1613.0 2685.6501079913605
2076.0 2685.6501079913605
2121.0 2652.2028397565923
2614.0 2652.2028397565923
2718.0 2625.343711593609
5159.0 2625.343711593609
5212.0 2623.7305324157915
7973.0 2623.7305324157915
8012.0 2620.9131912264443
11249.0 2620.9131912264443
11315.0 2597.1313285116103
13942.0 2597.1313285116103
14014.0 2429.74543037554
17023.0 2429.74543037554
17114.0 1858.2679189322787
21160.0 1858.2679189322787
21226.0 1750.8167938931297
25418.0 1750.8167938931297
25521.0 1725.0758369391938
29912.0 1725.0758369391938
30209.0 1761.927751806205
34915.0 1761.927751806205
35021.0 2546.705927934909
37602.0 2546.705927934909
37714.0 2841.616006156214
40313.0 2841.616006156214
40410.0 3032.7811764705884
42960.0 3032.7811764705884
43010.0 2531.5155412647373
45809.0 2531.5155412647373
45918.0 2396.6223839854415
49215.0 2396.6223839854415
49318.0 3316.89407540395
51546.0 3316.89407540395
51614.0 1835.153396311291
60506.0 1835.153396311291
60622.0 2229.9887295081967
68430.0 2229.9887295081967
68516.0 2637.9765474246697
75253.0 2637.9765474246697
75316.0 2543.979628955984
78065.0 2543.979628955984
78117.0 2288.5657852819368
81256.0 2288.5657852819368
81317.0 2612.645998558039
84091.0 2612.645998558039
84215.0 2622.652862362972
87499.0 2622.652862362972
87619.0 2524.168123179359
90022.0 2524.168123179359
90115.0 2356.156221616712
93418.0 2356.156221616712
93518.0 2225.9731964642147
97025.0 2225.9731964642147
97121.0 2798.3307969563475
99618.0 2798.3307969563475
99905.0 2936.7784615384617
102505.0 2936.7784615384617
102613.0 1902.8476216070949
106334.0 1902.8476216070949
106420.0 2062.4083665338644
110436.0 2062.4083665338644
110519.0 2258.1700137551584
114154.0 2258.1700137551584
114219.0 1487.1083103584087
119297.0 1487.1083103584087
119430.0 1574.4319654427645
123134.0 1574.4319654427645
123213.0 2539.295231653703
126170.0 2539.295231653703
126215.0 2259.658066521604
129432.0 2259.658066521604
129518.0 2032.3822003822004
133181.0 2032.3822003822004
133408.0 2194.822627037392
136537.0 2194.822627037392
136619.0 2097.1969309462916
140529.0 2097.1969309462916
140628.0 1419.7116539847818
145622.0 1419.7116539847818
145734.0 2424.323584318606
148948.0 2424.323584318606
149011.0 3874.7232323232324
150991.0 3874.7232323232324
151113.0 1763.5215386125012
161304.0 1763.5215386125012
161414.0 2162.823269920044
168668.0 2162.823269920044
168722.0 2030.2728635682158
172057.0 2030.2728635682158
172109.0 3530.4347826086955
173466.0 3530.4347826086955
