51.0 744.7045570916539
2004.0 744.7045570916539
2165.0 749.3317278747743
3826.0 749.3317278747743
3971.0 751.4143720617865
5460.0 751.4143720617865
5573.0 749.0698795180723
7233.0 749.0698795180723
7363.0 744.1866818440524
9120.0 744.1866818440524
9282.0 963.8850226928896
11926.0 963.8850226928896
12031.0 1795.765989092712
16065.0 1795.765989092712
16120.0 1617.8291380625476
21364.0 1617.8291380625476
21474.0 966.7938217372821
28531.0 966.7938217372821
28614.0 1349.9084194977843
34030.0 1349.9084194977843
34140.0 1457.366156231828
39299.0 1457.366156231828
39419.0 2814.196319018405
42027.0 2814.196319018405
42112.0 1875.8811292719167
46150.0 1875.8811292719167
46405.0 3051.1606672519756
47544.0 3051.1606672519756
47805.0 3075.82966775854
49942.0 3075.82966775854
50011.0 4128.205701509223
51800.0 4128.205701509223
51910.0 4442.040206777714
53651.0 4442.040206777714
53708.0 4903.6069204152245
55153.0 4903.6069204152245
55203.0 6418.8984565393985
56434.0 6418.8984565393985
56505.0 3674.9375931842387
61200.0 3674.9375931842387
61312.0 3599.0701367445963
65846.0 3599.0701367445963
65906.0 5012.018422567646
69380.0 5012.018422567646
69411.0 5382.207147183525
72713.0 5382.207147183525
72808.0 5737.754385964912
75658.0 5737.754385964912
75710.0 6692.5478194338175
78324.0 6692.5478194338175
78406.0 6871.419012647899
80857.0 6871.419012647899
80905.0 5702.083903600119
84266.0 5702.083903600119
84501.0 6773.88750536711
86830.0 6773.88750536711
86904.0 8940.79162303665
88814.0 8940.79162303665
88905.0 7566.923076923077
91193.0 7566.923076923077
91306.0 5334.662038497949
94475.0 5334.662038497949
94511.0 4142.433944069431
98659.0 4142.433944069431
98706.0 5166.10433244916
102099.0 5166.10433244916
102207.0 4785.270206643997
106030.0 4785.270206643997
106108.0 3587.001360015543
111255.0 3587.001360015543
111313.0 4531.462087186262
115098.0 4531.462087186262
115402.0 5327.175858480749
118285.0 5327.175858480749
118407.0 4450.7088082901555
122267.0 4450.7088082901555
122316.0 1692.7079821517104
132401.0 1692.7079821517104
132535.0 1586.9267030224605
143354.0 1586.9267030224605
143480.0 1192.1639691851015
157629.0 1192.1639691851015
157731.0 2053.603806661658
161724.0 2053.603806661658
161812.0 2964.063545150502
164204.0 2964.063545150502
164322.0 1965.1389659520808
168287.0 1965.1389659520808
168411.0 3065.1026767878548
170914.0 3065.1026767878548
171009.0 4441.216506500848
172778.0 4441.216506500848
172808.0 4439.438877755511
174305.0 4439.438877755511
174409.0 4471.274021352313
174971.0 4471.274021352313
175010.0 4757.497517378351
176017.0 4757.497517378351
