15.0 3068.3713080168777
489.0 3068.3713080168777
617.0 3088.436724565757
1020.0 3088.436724565757
1120.0 3017.737634408602
2050.0 3017.737634408602
2112.0 3025.5588526211673
3123.0 3025.5588526211673
3213.0 3023.404958677686
4302.0 3023.404958677686
4417.0 3086.928709055877
6493.0 3086.928709055877
6614.0 3263.1171171171172
8834.0 3263.1171171171172
8911.0 3397.63556267521
11408.0 3397.63556267521
11515.0 3577.061561888188
16112.0 3577.061561888188
16214.0 3657.240885142255
20959.0 3657.240885142255
21013.0 3671.489864864865
25749.0 3671.489864864865
25814.0 3433.976316864026
30712.0 3433.976316864026
30810.0 3696.2994562944373
35592.0 3696.2994562944373
35712.0 3507.3233140655107
40902.0 3507.3233140655107
41014.0 3360.5345622119817
45788.0 3360.5345622119817
45912.0 3399.775715695953
50977.0 3399.775715695953
51303.0 3037.730016583748
57333.0 3037.730016583748
57418.0 3046.3078245915735
59744.0 3046.3078245915735
59813.0 2891.205268935236
62546.0 2891.205268935236
62614.0 2826.019120458891
65229.0 2826.019120458891
65315.0 2886.6175637393767
67786.0 2886.6175637393767
67910.0 3620.0132638559926
70021.0 3620.0132638559926
70112.0 3608.67101584343
72258.0 3608.67101584343
72312.0 3568.061224489796
74272.0 3568.061224489796
74312.0 3477.157792836399
76378.0 3477.157792836399
76604.0 3533.7490558120016
81370.0 3533.7490558120016
81412.0 3601.710956587108
86733.0 3601.710956587108
86815.0 3705.1160169093473
91073.0 3705.1160169093473
91214.0 3890.8434723171567
95603.0 3890.8434723171567
95711.0 3560.9049773755655
100573.0 3560.9049773755655
100617.0 3348.958795562599
105665.0 3348.958795562599
105713.0 3583.4861313868614
110508.0 3583.4861313868614
110616.0 3622.35833849969
115455.0 3622.35833849969
115514.0 3503.9433058800996
120735.0 3503.9433058800996
121001.0 3478.201959306707
126309.0 3478.201959306707
126413.0 4778.931178601281
130002.0 4778.931178601281
130111.0 6856.3607142857145
132351.0 6856.3607142857145
132408.0 4520.983157894737
136208.0 4520.983157894737
136310.0 4298.907076303198
140281.0 4298.907076303198
140416.0 4093.6957558416784
144610.0 4093.6957558416784
144713.0 4018.0867079561694
148911.0 4018.0867079561694
149011.0 3989.1732481168683
153392.0 3989.1732481168683
153511.0 4006.472504130281
157748.0 4006.472504130281
158003.0 4445.984472827448
161996.0 4445.984472827448
162114.0 4445.502092050209
165938.0 4445.502092050209
166011.0 4244.697213037317
170245.0 4244.697213037317
170313.0 4212.97529538131
174037.0 4212.97529538131
174111.0 4234.8553181036605
178182.0 4234.8553181036605
178315.0 4252.600667408231
181012.0 4252.600667408231
