13.0 3290.5158371040725
455.0 3290.5158371040725
517.0 3310.2127659574467
893.0 3310.2127659574467
1018.0 3248.259259259259
1882.0 3248.259259259259
1916.0 3324.748663101604
2290.0 3324.748663101604
2415.0 3263.119920713578
3424.0 3263.119920713578
3511.0 3239.870576339737
5489.0 3239.870576339737
5613.0 3366.2267657992566
7765.0 3366.2267657992566
7814.0 3331.1592727272728
13314.0 3331.1592727272728
13413.0 3408.0315025906734
18238.0 3408.0315025906734
18314.0 3550.2471358428807
23202.0 3550.2471358428807
23311.0 3548.6073469387757
28211.0 3548.6073469387757
28312.0 3694.9947275922673
32864.0 3694.9947275922673
32914.0 3783.3270547945203
37586.0 3783.3270547945203
37710.0 3750.1046559538527
42564.0 3750.1046559538527
42609.0 3624.7609579755986
47035.0 3624.7609579755986
47304.0 3577.781840847704
52117.0 3577.781840847704
52212.0 3693.0467741935486
57172.0 3693.0467741935486
57212.0 3606.8511383537652
61780.0 3606.8511383537652
61813.0 3491.7075471698113
66901.0 3491.7075471698113
67013.0 3702.4248496993987
69009.0 3702.4248496993987
69108.0 3705.367272727273
71033.0 3705.367272727273
71112.0 3820.924
73112.0 3820.924
73210.0 3860.522432701894
75216.0 3860.522432701894
75312.0 3855.237045203969
77126.0 3855.237045203969
77211.0 3841.6085561497325
79081.0 3841.6085561497325
79110.0 3832.0473265073947
83505.0 3832.0473265073947
83613.0 3819.1917098445597
88631.0 3819.1917098445597
88709.0 3742.914353499407
92924.0 3742.914353499407
93013.0 3562.142678347935
97807.0 3562.142678347935
97911.0 3624.26627590538
102688.0 3624.26627590538
102812.0 3543.3963529658354
107583.0 3543.3963529658354
107713.0 3499.5551934826885
112623.0 3499.5551934826885
112712.0 3587.5137126483833
117598.0 3587.5137126483833
117904.0 3663.2134561473767
122898.0 3663.2134561473767
123013.0 3756.316581892167
127928.0 3756.316581892167
128012.0 3665.651634964736
132691.0 3665.651634964736
132811.0 3623.937706465314
137049.0 3623.937706465314
137114.0 3600.1123218776193
141886.0 3600.1123218776193
142015.0 3589.7876543209877
144040.0 3589.7876543209877
144112.0 3615.646430305974
146171.0 3615.646430305974
146210.0 3704.2071197411005
148064.0 3704.2071197411005
148110.0 3708.747173224785
150321.0 3708.747173224785
150413.0 3643.391572456321
152359.0 3643.391572456321
152415.0 3598.972748267898
154580.0 3598.972748267898
154614.0 3600.0847098686995
159336.0 3600.0847098686995
159413.0 3670.7614379084966
164309.0 3670.7614379084966
164416.0 3661.4049008168026
168701.0 3661.4049008168026
168813.0 3621.1081705524048
173574.0 3621.1081705524048
173609.0 3596.507996237065
176798.0 3596.507996237065
