17.0 2279.6363636363635
655.0 2279.6363636363635
718.0 2309.165120593692
1257.0 2309.165120593692
1317.0 2297.4455852156057
1804.0 2297.4455852156057
1916.0 2302.696296296296
2456.0 2302.696296296296
2525.0 2261.3241758241757
3981.0 2261.3241758241757
4023.0 2253.6654033567947
5870.0 2253.6654033567947
5922.0 2320.345932094811
9044.0 2320.345932094811
9119.0 2462.6693759071118
12564.0 2462.6693759071118
12609.0 3037.6954585930544
14855.0 3037.6954585930544
14926.0 2568.9051300070273
17772.0 2568.9051300070273
17820.0 2330.6112833230004
21046.0 2330.6112833230004
21110.0 3594.2331047992166
23152.0 3594.2331047992166
23211.0 3136.566459627329
25626.0 3136.566459627329
25714.0 2432.2769140510413
29123.0 2432.2769140510413
29414.0 2180.8387524883874
32428.0 2180.8387524883874
32516.0 2105.290763968073
36024.0 2105.290763968073
36119.0 2629.579054743285
39060.0 2629.579054743285
39127.0 2375.446366782007
46063.0 2375.446366782007
46110.0 2406.312880942706
53493.0 2406.312880942706
53610.0 2518.807591240876
60460.0 2518.807591240876
60512.0 2066.6393110435665
68408.0 2066.6393110435665
68526.0 2349.891758917589
71778.0 2349.891758917589
71811.0 3087.8022328548645
74319.0 3087.8022328548645
74604.0 3491.462805791313
76607.0 3491.462805791313
76707.0 5751.6477181745395
77956.0 5751.6477181745395
78201.0 5088.171601208459
81511.0 5088.171601208459
81609.0 4003.4894505953625
86396.0 4003.4894505953625
86513.0 4117.010438413361
90345.0 4117.010438413361
90410.0 4333.141842172037
94351.0 4333.141842172037
94408.0 2814.226267880364
100560.0 2814.226267880364
100616.0 3231.7996558975337
105847.0 3231.7996558975337
105913.0 3228.6388575723413
111235.0 3228.6388575723413
111311.0 3180.6554164398476
116822.0 3180.6554164398476
116916.0 3181.0272996000695
122667.0 3181.0272996000695
122905.0 2849.1197530864197
129385.0 2849.1197530864197
129515.0 2454.1878453038676
132592.0 2454.1878453038676
132713.0 3408.355347749854
134424.0 3408.355347749854
134514.0 4337.779318313113
136245.0 4337.779318313113
136310.0 4091.7929050814955
140482.0 4091.7929050814955
140510.0 4234.022194821208
144565.0 4234.022194821208
144613.0 3961.4673555659933
148871.0 3961.4673555659933
148906.0 6203.964501242456
151723.0 6203.964501242456
151807.0 6920.270688952303
154260.0 6920.270688952303
154506.0 4285.01472363022
158649.0 4285.01472363022
158705.0 3766.807001994239
163218.0 3766.807001994239
163315.0 4858.6234117329
167014.0 4858.6234117329
167119.0 2588.1095348069944
173181.0 2588.1095348069944
173208.0 3094.058865757358
178780.0 3094.058865757358
178824.0 2198.8619631901843
184040.0 2198.8619631901843
