11.0 3797.4099216710183
394.0 3797.4099216710183
513.0 3817.9141104294476
839.0 3817.9141104294476
912.0 3818.6211604095565
1205.0 3818.6211604095565
1315.0 3753.1779141104294
2130.0 3753.1779141104294
2216.0 3734.8908665105387
4351.0 3734.8908665105387
4413.0 3741.0764740221834
6126.0 3741.0764740221834
6212.0 3743.731266149871
8147.0 3743.731266149871
8212.0 3734.1091549295775
10484.0 3734.1091549295775
10513.0 3723.675724637681
14929.0 3723.675724637681
15012.0 3731.1563104708666
19663.0 3731.1563104708666
19713.0 3748.259538693684
24352.0 3748.259538693684
24412.0 3764.461951656222
28880.0 3764.461951656222
28912.0 3928.807290509002
33411.0 3928.807290509002
33512.0 2957.4342810722987
39667.0 2957.4342810722987
39719.0 2596.82615733247
45897.0 2596.82615733247
46013.0 3360.6291959406713
51137.0 3360.6291959406713
51406.0 2808.1422658286065
57929.0 2808.1422658286065
58017.0 2808.165331955567
61888.0 2808.165331955567
62018.0 2812.9811320754716
64827.0 2812.9811320754716
64914.0 2814.1812642802743
67540.0 2814.1812642802743
67615.0 2217.92039800995
70831.0 2217.92039800995
70916.0 3301.0142548596114
73231.0 3301.0142548596114
73313.0 3310.9055151774264
75652.0 3310.9055151774264
75719.0 3424.7796278158667
77761.0 3424.7796278158667
77809.0 3642.9046653144014
79781.0 3642.9046653144014
79809.0 4037.5933147632313
81604.0 4037.5933147632313
81903.0 3556.0660611065236
84325.0 3556.0660611065236
84422.0 2169.3762517882687
87218.0 2169.3762517882687
87321.0 2570.9890981169474
90348.0 2570.9890981169474
90412.0 4085.0277341705914
92323.0 4085.0277341705914
92409.0 3936.0987194412105
96704.0 3936.0987194412105
96811.0 3486.7727272727275
101739.0 3486.7727272727275
101811.0 3927.535738292628
106274.0 3927.535738292628
106311.0 3639.166103043565
111338.0 3639.166103043565
111413.0 3730.510406142655
116362.0 3730.510406142655
116415.0 3967.5188526486236
120738.0 3967.5188526486236
120812.0 3972.645628556648
124678.0 3972.645628556648
124710.0 3931.2897025171624
129080.0 3931.2897025171624
129402.0 3955.2734012974975
133718.0 3955.2734012974975
133812.0 3900.2635165833713
138214.0 3900.2635165833713
138313.0 3865.2447296058663
142677.0 3865.2447296058663
142709.0 3789.368603642671
147321.0 3789.368603642671
147412.0 3777.352914997775
151906.0 3777.352914997775
152013.0 3950.337338673787
156507.0 3950.337338673787
156611.0 3950.639089007669
160914.0 3950.639089007669
161013.0 3950.7689602110354
165562.0 3950.7689602110354
165614.0 2698.042992261393
171429.0 2698.042992261393
171709.0 2398.455203116305
178897.0 2398.455203116305
179016.0 2525.1571994715982
183558.0 2525.1571994715982
