15.0 3114.3640256959316
482.0 3114.3640256959316
516.0 3111.6
916.0 3111.6
1021.0 3077.2982456140353
1933.0 3077.2982456140353
2017.0 3067.464256368118
4451.0 3067.464256368118
4511.0 3066.92
7111.0 3066.92
7214.0 3123.0331384015594
9266.0 3123.0331384015594
9314.0 2846.41257367387
11859.0 2846.41257367387
11917.0 2430.915759312321
15407.0 2430.915759312321
15517.0 2078.8129189518586
18799.0 2078.8129189518586
18915.0 3068.025178346622
21298.0 3068.025178346622
21413.0 3012.2403846153848
23909.0 3012.2403846153848
24202.0 3064.477661795407
26597.0 3064.477661795407
26712.0 3009.4588796185935
29229.0 3009.4588796185935
29316.0 2966.594633273703
32111.0 2966.594633273703
32215.0 2964.8389715832204
34432.0 2964.8389715832204
34515.0 3074.6711074104915
36917.0 3074.6711074104915
37017.0 3064.0221870047544
39541.0 3064.0221870047544
39620.0 2949.533834586466
45206.0 2949.533834586466
45316.0 2937.954026790144
51363.0 2937.954026790144
51414.0 2852.3445197553315
57463.0 2852.3445197553315
57516.0 2813.9651664080016
63315.0 2813.9651664080016
63417.0 3006.1726519337017
69209.0 3006.1726519337017
69317.0 2920.632374691865
75402.0 2920.632374691865
75519.0 3085.978486506888
80818.0 3085.978486506888
80917.0 3037.7357180065983
86676.0 3037.7357180065983
86903.0 3086.2833058457027
92360.0 3086.2833058457027
92415.0 3088.129078522768
95204.0 3088.129078522768
95315.0 3057.2459677419356
97299.0 3057.2459677419356
97415.0 3041.181711606096
99974.0 3041.181711606096
100015.0 3085.5683794466404
102545.0 3085.5683794466404
102617.0 3094.52258635961
104875.0 3094.52258635961
104915.0 3138.3575832305796
107348.0 3138.3575832305796
107415.0 3132.9628318584073
109675.0 3132.9628318584073
109715.0 3136.172661870504
112356.0 3136.172661870504
112602.0 3078.588627647157
118599.0 3078.588627647157
118716.0 3104.921071687183
124240.0 3104.921071687183
124314.0 3082.747490967483
129296.0 3082.747490967483
129414.0 3025.666784078901
135092.0 3025.666784078901
135217.0 2959.597780859917
140985.0 2959.597780859917
141119.0 2550.3505644682114
147851.0 2550.3505644682114
147922.0 2331.1608961303464
150868.0 2331.1608961303464
150919.0 2262.08
154544.0 2262.08
154622.0 3089.342047930283
156917.0 3089.342047930283
157015.0 3090.748115827053
159536.0 3090.748115827053
159615.0 2973.62480620155
162195.0 2973.62480620155
162317.0 2888.423529411765
165037.0 2888.423529411765
165115.0 2820.8149405772497
167471.0 2820.8149405772497
167516.0 2814.197838736492
169922.0 2814.197838736492
170205.0 2942.7518427518426
171833.0 2942.7518427518426
