21.0 1913.6947368421052
781.0 1913.6947368421052
819.0 1941.7160686427458
1460.0 1941.7160686427458
1521.0 1935.7370242214533
2099.0 1935.7370242214533
2220.0 1924.8544891640868
2866.0 1924.8544891640868
2922.0 1911.6023391812867
3606.0 1911.6023391812867
3726.0 2132.600332778702
6731.0 2132.600332778702
6817.0 2258.142144638404
10025.0 2258.142144638404
10123.0 2059.198058252427
14243.0 2059.198058252427
14321.0 2121.4751243781093
17537.0 2121.4751243781093
17619.0 2346.3106546854942
20735.0 2346.3106546854942
20808.0 3801.087967644085
22786.0 3801.087967644085
22927.0 1758.7884016295232
27100.0 1758.7884016295232
27221.0 1769.8149532710281
31501.0 1769.8149532710281
31807.0 2098.6160465704884
35758.0 2098.6160465704884
35814.0 2494.5153700189753
38449.0 2494.5153700189753
38515.0 2395.5108660395717
41598.0 2395.5108660395717
41719.0 2228.058772687986
45190.0 2228.058772687986
45317.0 2225.4120603015076
48501.0 2225.4120603015076
48619.0 2004.4809741248098
52561.0 2004.4809741248098
52625.0 1813.0618253189402
56701.0 1813.0618253189402
56825.0 1814.0467955239064
60757.0 1814.0467955239064
60821.0 2108.6777041942605
64445.0 2108.6777041942605
64708.0 2358.8815108132803
67991.0 2358.8815108132803
68116.0 2258.8501291989664
71212.0 2258.8501291989664
71320.0 2167.061236802413
74635.0 2167.061236802413
74721.0 2277.649277184161
77903.0 2277.649277184161
78016.0 2357.0859332238642
81670.0 2357.0859332238642
81717.0 2459.6820762368206
84183.0 2459.6820762368206
84216.0 2520.20207253886
87304.0 2520.20207253886
87420.0 2664.376731301939
93918.0 2664.376731301939
94015.0 2315.8279452054794
101315.0 2315.8279452054794
101415.0 2533.217750257998
108198.0 2533.217750257998
108317.0 2550.7264260768334
115189.0 2550.7264260768334
115315.0 2392.9480706344016
122960.0 2392.9480706344016
123029.0 2036.7347774177042
128892.0 2036.7347774177042
129021.0 1577.1796157059314
133809.0 1577.1796157059314
133930.0 1553.4619072988812
137684.0 1553.4619072988812
137729.0 2029.9259259259259
141428.0 2029.9259259259259
141519.0 2562.326401127952
144356.0 2562.326401127952
144413.0 2777.841791044776
147093.0 2777.841791044776
147212.0 2576.9606003752347
149877.0 2576.9606003752347
149915.0 2382.3474723997674
153357.0 2382.3474723997674
153415.0 2929.7685950413224
155835.0 2929.7685950413224
156101.0 3882.29995017439
158108.0 3882.29995017439
158211.0 3390.1688024745913
160474.0 3390.1688024745913
160519.0 2722.2841302841302
163405.0 2722.2841302841302
163519.0 2717.696
167144.0 2717.696
167212.0 2804.1795705920626
173360.0 2804.1795705920626
173413.0 2910.242070540472
177354.0 2910.242070540472
