53.0 859.071470761961
1746.0 859.071470761961
1858.0 857.7808407994487
3309.0 857.7808407994487
3449.0 748.3986622073579
4944.0 748.3986622073579
5097.0 691.5773081201335
6895.0 691.5773081201335
7041.0 1037.7269841269842
8301.0 1037.7269841269842
8442.0 1272.433249370277
9236.0 1272.433249370277
9328.0 1562.2420382165606
10113.0 1562.2420382165606
10237.0 1349.6493795736558
16523.0 1349.6493795736558
16626.0 1556.264598540146
21010.0 1556.264598540146
21145.0 1497.2566045463855
26028.0 1497.2566045463855
26119.0 2529.7954239569312
29091.0 2529.7954239569312
29216.0 2531.7088651259055
32115.0 2531.7088651259055
32217.0 2504.8968253968255
35241.0 2504.8968253968255
35321.0 2158.7170007810464
39162.0 2158.7170007810464
39217.0 2132.7216093445813
42299.0 2132.7216093445813
42607.0 2129.5732410611304
46075.0 2129.5732410611304
46119.0 2131.0531826949573
49748.0 2131.0531826949573
49818.0 2130.4004810583283
53144.0 2130.4004810583283
53221.0 2037.0363495746326
57100.0 2037.0363495746326
57228.0 2019.6884394643346
60887.0 2019.6884394643346
61020.0 1937.7430046183104
64701.0 1937.7430046183104
64823.0 1937.5882352941176
68767.0 1937.5882352941176
68819.0 1782.3263521288839
73164.0 1782.3263521288839
73228.0 1639.3342709798405
77494.0 1639.3342709798405
77814.0 1635.657559198543
82206.0 1635.657559198543
82327.0 1374.711684370258
87599.0 1374.711684370258
87727.0 1637.412927756654
92987.0 1637.412927756654
93127.0 1597.886195995785
96923.0 1597.886195995785
97025.0 1520.590855803048
102143.0 1520.590855803048
102216.0 2370.631035529912
105509.0 2370.631035529912
105617.0 2369.4242115971515
108566.0 2369.4242115971515
108615.0 2202.37207960773
112082.0 2202.37207960773
112116.0 3457.2734375
114164.0 3457.2734375
114404.0 3453.974979149291
116802.0 3453.974979149291
116912.0 2348.6260371959943
120407.0 2348.6260371959943
120558.0 1471.173972335866
125691.0 1471.173972335866
125830.0 2389.060221220811
128271.0 2389.060221220811
128313.0 2637.406392694064
131160.0 2637.406392694064
131209.0 5306.07299270073
132579.0 5306.07299270073
132613.0 5797.98753894081
133897.0 5797.98753894081
134010.0 6581.321888412017
136573.0 6581.321888412017
136611.0 5140.167058823529
140011.0 5140.167058823529
140112.0 2688.1114806017417
146427.0 2688.1114806017417
146517.0 2233.620533467539
154465.0 2233.620533467539
154525.0 2267.5203414699213
162022.0 2267.5203414699213
162117.0 2485.0730088495575
169349.0 2485.0730088495575
169420.0 1796.1213508872352
178155.0 1796.1213508872352
178230.0 1649.0404286410132
182336.0 1649.0404286410132
182429.0 1651.430541192692
185330.0 1651.430541192692
