67.0 560.0338852522141
2664.0 560.0338852522141
2792.0 567.2926162260711
4986.0 567.2926162260711
5094.0 565.0787878787879
7074.0 565.0787878787879
7181.0 566.7529626253419
9375.0 566.7529626253419
9498.0 563.1076658053403
11820.0 563.1076658053403
11991.0 565.3676552881925
13778.0 565.3676552881925
13885.0 564.6224677716391
16057.0 564.6224677716391
16186.0 558.7754118119727
18675.0 558.7754118119727
18781.0 565.7813233223839
20912.0 565.7813233223839
21083.0 567.7755102040817
23043.0 567.7755102040817
23192.0 846.8059701492538
24532.0 846.8059701492538
24665.0 1041.4962395345538
31712.0 1041.4962395345538
31871.0 636.538487394958
43771.0 636.538487394958
43906.0 523.0574545454546
46656.0 523.0574545454546
46792.0 551.9251231527094
48822.0 551.9251231527094
48967.0 661.3891213389121
50640.0 661.3891213389121
50767.0 664.0092539039907
52496.0 664.0092539039907
52678.0 662.4123144584937
54497.0 662.4123144584937
54697.0 645.3396976929197
59725.0 645.3396976929197
59873.0 643.6577196604726
64232.0 643.6577196604726
64380.0 625.9066339066339
75776.0 625.9066339066339
76040.0 636.3387096774194
78024.0 636.3387096774194
78175.0 626.5723841376015
80268.0 626.5723841376015
80385.0 629.9954233409611
82133.0 629.9954233409611
82288.0 273.2849162011173
86584.0 273.2849162011173
86816.0 268.9460580912863
91395.0 268.9460580912863
91711.0 281.145285935085
96887.0 281.145285935085
97101.0 663.117076808352
98442.0 663.117076808352
98561.0 828.3341091285234
102428.0 828.3341091285234
102579.0 652.9200438116101
104405.0 652.9200438116101
104599.0 520.7870349235334
113361.0 520.7870349235334
113501.0 506.416192283365
119825.0 506.416192283365
119989.0 514.319928507596
122227.0 514.319928507596
122391.0 511.7620352250489
124946.0 511.7620352250489
125111.0 438.7229357798165
128381.0 438.7229357798165
128555.0 367.30175136376687
132038.0 367.30175136376687
132294.0 284.2548596112311
135998.0 284.2548596112311
136296.0 190.01877035050757
141517.0 190.01877035050757
141910.0 159.5068417415342
149145.0 159.5068417415342
149524.0 159.4588704318937
157049.0 159.4588704318937
157481.0 208.33227736712425
163163.0 208.33227736712425
163342.0 329.47989821882953
167272.0 329.47989821882953
167452.0 247.27117922520222
172150.0 247.27117922520222
172419.0 218.7047437728066
178722.0 218.7047437728066
179046.0 269.77589339794065
183999.0 269.77589339794065
184247.0 393.7613776137761
187499.0 393.7613776137761
187722.0 695.797596457938
189303.0 695.797596457938
189445.0 1033.1166848418757
190362.0 1033.1166848418757
190445.0 602.7919463087248
191935.0 602.7919463087248
