11.0 4051.275766016713
370.0 4051.275766016713
412.0 4080.7868852459014
717.0 4080.7868852459014
814.0 4009.28
1514.0 4009.28
1613.0 3993.2637075718017
2379.0 3993.2637075718017
2407.0 3990.8945454545456
3232.0 3990.8945454545456
3312.0 3977.941651148355
4923.0 3977.941651148355
5008.0 3954.2139737991265
6840.0 3954.2139737991265
6913.0 3605.8602637276126
11994.0 3605.8602637276126
12111.0 3173.2443072172905
17293.0 3173.2443072172905
17408.0 3626.6683385579936
22193.0 3626.6683385579936
22310.0 3647.6140130060835
27077.0 3647.6140130060835
27107.0 3698.244503078276
31655.0 3698.244503078276
31713.0 3626.5293393516617
36587.0 3626.5293393516617
36711.0 3804.9765886287623
41495.0 3804.9765886287623
41610.0 3866.761147264401
45759.0 3866.761147264401
46001.0 3385.072537841557
51088.0 3385.072537841557
51209.0 3786.174452252997
56047.0 3786.174452252997
56110.0 3238.862984077059
61197.0 3238.862984077059
61318.0 2867.9932697700506
63101.0 2867.9932697700506
63216.0 3592.6300437530385
65273.0 3592.6300437530385
65313.0 3816.389513108614
67182.0 3816.389513108614
67208.0 3647.204021784667
71982.0 3647.204021784667
72110.0 3704.0533555648185
76908.0 3704.0533555648185
77012.0 3528.8303841173934
81646.0 3528.8303841173934
81901.0 3680.6900904691774
86654.0 3680.6900904691774
86715.0 3122.3299962921765
92109.0 3122.3299962921765
92213.0 3548.740008240626
94640.0 3548.740008240626
94901.0 3298.301250679717
96740.0 3298.301250679717
96811.0 3383.6452173913044
99111.0 3383.6452173913044
99213.0 3787.718583212033
101274.0 3787.718583212033
101313.0 3633.609984399376
103236.0 3633.609984399376
103314.0 3653.4086124401915
105404.0 3653.4086124401915
105510.0 3676.298657718121
110278.0 3676.298657718121
110505.0 2429.493758300133
118035.0 2429.493758300133
118128.0 1457.0512193197064
130799.0 1457.0512193197064
130933.0 2266.3673469387754
134265.0 2266.3673469387754
134507.0 2356.240808080808
136982.0 2356.240808080808
137016.0 3106.6181216383948
139433.0 3106.6181216383948
139516.0 3468.187022900763
141612.0 3468.187022900763
141714.0 3918.218947368421
143614.0 3918.218947368421
143710.0 3597.4855945521217
145619.0 3597.4855945521217
145716.0 3615.9786919206867
149095.0 3615.9786919206867
149211.0 3930.1773835920176
151015.0 3930.1773835920176
151111.0 3359.7305071915216
156395.0 3359.7305071915216
156513.0 3719.8249452954046
161083.0 3719.8249452954046
161211.0 3506.0569644947327
166337.0 3506.0569644947327
166417.0 3497.3517610343292
170903.0 3497.3517610343292
171014.0 1435.7175216522319
183022.0 1435.7175216522319
183152.0 1786.9451697127938
185833.0 1786.9451697127938
