41.0 1171.0209339774558
1283.0 1171.0209339774558
1335.0 1181.994301994302
2388.0 1181.994301994302
2544.0 1180.2278481012659
3492.0 1180.2278481012659
3638.0 1179.7495256166983
4692.0 1179.7495256166983
4848.0 1161.7812279463656
7682.0 1161.7812279463656
7743.0 1411.1362126245847
9549.0 1411.1362126245847
9638.0 1937.4485156458945
13377.0 1937.4485156458945
13418.0 2173.6858826543685
17321.0 2173.6858826543685
17415.0 2702.0451485148515
19940.0 2702.0451485148515
20013.0 4059.469183786785
21814.0 4059.469183786785
21907.0 3461.5801104972375
24079.0 3461.5801104972375
24128.0 4026.0142622051562
25951.0 4026.0142622051562
26006.0 5224.0055172413795
27456.0 5224.0055172413795
27509.0 5360.131919905772
30905.0 5360.131919905772
31005.0 6060.896108802418
33652.0 6060.896108802418
33706.0 6857.7714058144165
36217.0 6857.7714058144165
36307.0 5241.0620886981405
39802.0 5241.0620886981405
39909.0 5083.645788336933
43150.0 5083.645788336933
43204.0 7754.608467917939
45495.0 7754.608467917939
45604.0 6971.245252525253
48079.0 6971.245252525253
48106.0 5695.701221640488
50971.0 5695.701221640488
51198.0 5345.947804728277
54455.0 5345.947804728277
54507.0 5176.827264782989
57940.0 5176.827264782989
58007.0 5058.026600680482
61240.0 5058.026600680482
61311.0 3766.2691065662
65956.0 3766.2691065662
66014.0 4594.06655755592
69680.0 4594.06655755592
69705.0 5592.268456375839
73132.0 5592.268456375839
73210.0 3587.1723510686675
77608.0 3587.1723510686675
77707.0 4907.158620689655
81187.0 4907.158620689655
81309.0 4205.275686179257
85426.0 4205.275686179257
85700.0 2747.9752925877765
91852.0 2747.9752925877765
91906.0 5062.703594578668
95300.0 5062.703594578668
95406.0 5282.878842676311
98724.0 5282.878842676311
98807.0 5219.425962910128
102312.0 5219.425962910128
102407.0 4814.158018252933
106242.0 4814.158018252933
106308.0 4626.809819260858
110015.0 4626.809819260858
110110.0 4093.3496801705755
113862.0 4093.3496801705755
113914.0 3342.3610894941635
119054.0 3342.3610894941635
119109.0 5311.437461107654
122323.0 5311.437461107654
122598.0 6979.252032520325
125058.0 6979.252032520325
125106.0 4161.837651122625
129159.0 4161.837651122625
129210.0 2262.3388996763756
136935.0 2262.3388996763756
137020.0 2308.325265161817
144374.0 2308.325265161817
144410.0 3580.640580879387
149368.0 3580.640580879387
149416.0 4781.884669479607
152971.0 4781.884669479607
153007.0 5536.675292667899
156253.0 5536.675292667899
156307.0 6167.106918238994
158851.0 6167.106918238994
158906.0 6292.005839416059
161646.0 6292.005839416059
161901.0 4798.855230125523
164291.0 4798.855230125523
