7.0 6296.138528138528
238.0 6296.138528138528
307.0 6220.116959064328
820.0 6220.116959064328
905.0 6236.6577777777775
1355.0 6236.6577777777775
1405.0 6204.543610547667
1898.0 6204.543610547667
2006.0 6179.3317191283295
4897.0 6179.3317191283295
5006.0 6181.058495821727
7519.0 6181.058495821727
7606.0 4840.2355580482335
11172.0 4840.2355580482335
11206.0 6311.187047881502
14109.0 6311.187047881502
14205.0 7484.639053254438
16402.0 7484.639053254438
16503.0 6285.2618616443315
19264.0 6285.2618616443315
19304.0 5449.130680037606
22495.0 5449.130680037606
22609.0 4849.946943483275
26077.0 4849.946943483275
26300.0 5993.795863004409
29249.0 5993.795863004409
29305.0 5324.073705761919
32724.0 5324.073705761919
32809.0 4667.789351178353
36246.0 4667.789351178353
36309.0 5623.730894839974
39371.0 5623.730894839974
39406.0 5251.5802752293575
42894.0 5251.5802752293575
43011.0 4123.147147147147
47007.0 4123.147147147147
47110.0 4306.862545454545
51235.0 4306.862545454545
51309.0 4428.601642710472
55205.0 4428.601642710472
55309.0 5074.062189054726
58525.0 5074.062189054726
58802.0 4989.040687679083
62292.0 4989.040687679083
62410.0 3862.648989350141
67011.0 3862.648989350141
67112.0 4138.850923816755
71063.0 4138.850923816755
71109.0 4332.421991084695
75147.0 4332.421991084695
75211.0 3604.847602739726
79883.0 3604.847602739726
80013.0 3611.892951375801
85319.0 3611.892951375801
85409.0 3881.029274292743
89474.0 3881.029274292743
89512.0 4610.397408207344
93216.0 4610.397408207344
93305.0 5786.470588235294
96297.0 5786.470588235294
96600.0 3706.5433019074762
101161.0 3706.5433019074762
101212.0 3737.832499456167
105809.0 3737.832499456167
105912.0 4168.511771700357
110117.0 4168.511771700357
110209.0 4076.222816399287
114697.0 4076.222816399287
114811.0 4030.189041693953
119392.0 4030.189041693953
119512.0 4900.452571428571
123012.0 4900.452571428571
123109.0 5020.676037920889
126168.0 5020.676037920889
126207.0 5310.582998454405
129442.0 5310.582998454405
129507.0 4676.975342465754
133157.0 4676.975342465754
133404.0 3600.8724832214766
138172.0 3600.8724832214766
138214.0 4113.125579127042
142315.0 4113.125579127042
142411.0 4442.442297915608
146345.0 4442.442297915608
146411.0 3922.232902033272
150739.0 3922.232902033272
150814.0 3892.3078272308703
155375.0 3892.3078272308703
155409.0 4107.1756462913745
159548.0 4107.1756462913745
159610.0 3955.9867928681488
164153.0 3955.9867928681488
164211.0 3810.813699295604
168328.0 3810.813699295604
168414.0 3669.667092379736
173112.0 3669.667092379736
173404.0 3523.583410138249
176659.0 3523.583410138249
