14.0 2962.134419551935
505.0 2962.134419551935
618.0 2977.6076555023924
1036.0 2977.6076555023924
1118.0 2983.616
1493.0 2983.616
1620.0 2921.52817574021
2667.0 2921.52817574021
2719.0 2913.4059188892948
5456.0 2913.4059188892948
5515.0 2924.903696942036
7706.0 2924.903696942036
7814.0 3356.867469879518
9972.0 3356.867469879518
10012.0 3301.1268482490273
12582.0 3301.1268482490273
12717.0 1713.3761928679055
16699.0 1713.3761928679055
16818.0 3458.421948912015
18932.0 3458.421948912015
19011.0 3683.7589416952474
21052.0 3683.7589416952474
21114.0 3152.6735395189003
23442.0 3152.6735395189003
23516.0 3097.7399228881877
29222.0 3097.7399228881877
29319.0 2591.5444191343963
36343.0 2591.5444191343963
36413.0 3661.1574623459605
40795.0 3661.1574623459605
40910.0 3882.7201803833145
45345.0 3882.7201803833145
45412.0 4170.653916211293
49804.0 4170.653916211293
49908.0 3893.217391304348
54140.0 3893.217391304348
54213.0 2974.3525866398795
60186.0 2974.3525866398795
60316.0 3829.929411764706
64821.0 3829.929411764706
65102.0 3270.8326317899377
70091.0 3270.8326317899377
70212.0 2341.548144163529
77648.0 2341.548144163529
77714.0 3751.2628571428572
79114.0 3751.2628571428572
79212.0 4094.496487119438
80920.0 4094.496487119438
81012.0 4407.024390243902
82078.0 4407.024390243902
82114.0 4681.834625322997
83662.0 4681.834625322997
83709.0 5353.269273743017
87289.0 5353.269273743017
87409.0 4927.040599625234
90611.0 4927.040599625234
90714.0 4648.043549265106
94388.0 4648.043549265106
94698.0 5925.092402464065
97620.0 5925.092402464065
97709.0 6037.694285714286
100509.0 6037.694285714286
100609.0 6037.5319747013355
103455.0 6037.5319747013355
103508.0 6036.01652892562
106412.0 6036.01652892562
106510.0 6037.652805280528
109540.0 6037.652805280528
109616.0 6043.304746317513
112671.0 6043.304746317513
112712.0 6039.290140845071
115552.0 6039.290140845071
115611.0 6034.675049115914
118156.0 6034.675049115914
118209.0 6040.6947960618845
121053.0 6040.6947960618845
121301.0 6068.595805190188
124114.0 6068.595805190188
124209.0 5940.81660899654
127099.0 5940.81660899654
127208.0 5071.535778713169
130534.0 5071.535778713169
130613.0 4093.8318107285077
134882.0 4093.8318107285077
135010.0 5791.683384510406
137941.0 5791.683384510406
138010.0 5443.979147500767
141271.0 5443.979147500767
141312.0 5344.10562716127
144493.0 5344.10562716127
144611.0 5061.123063925655
148162.0 5061.123063925655
148215.0 6512.710668327107
150624.0 6512.710668327107
150901.0 6570.158536585366
153525.0 6570.158536585366
153607.0 6516.627272727273
155367.0 6516.627272727273
