39.0 998.2210020590254
1496.0 998.2210020590254
1641.0 1011.0804224207961
2872.0 1011.0804224207961
2945.0 1004.359066427289
4059.0 1004.359066427289
4144.0 1009.2987012987013
5376.0 1009.2987012987013
5449.0 1002.7116564417178
6753.0 1002.7116564417178
6850.0 1007.2901296111665
7853.0 1007.2901296111665
7949.0 1002.7473426001635
9172.0 1002.7473426001635
9245.0 1001.2901367890569
10634.0 1001.2901367890569
10756.0 1296.098784194529
16020.0 1296.098784194529
16135.0 1515.2547150259068
20960.0 1515.2547150259068
21022.0 1444.4864553314121
26227.0 1444.4864553314121
26328.0 1569.9302673796792
31003.0 1569.9302673796792
31127.0 1621.6673089274245
35798.0 1621.6673089274245
35931.0 1531.7997413633846
41344.0 1531.7997413633846
41427.0 1565.7570271557884
45625.0 1565.7570271557884
45727.0 1584.8412017167382
50387.0 1584.8412017167382
50711.0 1441.2210212448751
56077.0 1441.2210212448751
56129.0 1611.4878326131454
60526.0 1611.4878326131454
60623.0 1684.4306118098486
65314.0 1684.4306118098486
65424.0 1794.570179698883
69542.0 1794.570179698883
69620.0 1635.9706422018348
73980.0 1635.9706422018348
74025.0 1042.2596835788324
81357.0 1042.2596835788324
81438.0 1425.0106382978724
83694.0 1425.0106382978724
83828.0 1456.6560846560847
84584.0 1456.6560846560847
84626.0 1612.107502799552
86412.0 1612.107502799552
86662.0 643.2867429055485
91384.0 643.2867429055485
91528.0 744.8607041329543
96101.0 744.8607041329543
96234.0 1288.7536231884058
96924.0 1288.7536231884058
97038.0 856.931659693166
98472.0 856.931659693166
98558.0 887.2017274690305
107357.0 887.2017274690305
107473.0 689.4358164775531
117608.0 689.4358164775531
117935.0 1390.6225165562914
118841.0 1390.6225165562914
118927.0 1570.324693042292
119660.0 1570.324693042292
119729.0 1608.3050430504304
120542.0 1608.3050430504304
120622.0 1650.8906789413118
121491.0 1650.8906789413118
121624.0 1694.4825986078886
123348.0 1694.4825986078886
123424.0 1647.837242158802
126963.0 1647.837242158802
127215.0 1543.094122482532
132081.0 1543.094122482532
132138.0 1496.3606422396049
136996.0 1496.3606422396049
137130.0 1609.6467027027027
141755.0 1609.6467027027027
141832.0 1541.8949259092951
146286.0 1541.8949259092951
146431.0 1469.0146900752418
152013.0 1469.0146900752418
152132.0 1512.703221676979
156819.0 1512.703221676979
156928.0 1523.0211102423768
162044.0 1523.0211102423768
162133.0 1629.556499575191
166841.0 1629.556499575191
166927.0 1617.5647519044678
171784.0 1617.5647519044678
172117.0 1599.0952839268527
176273.0 1599.0952839268527
176331.0 1568.4410470233959
180648.0 1568.4410470233959
180730.0 1637.8803418803418
183655.0 1637.8803418803418
