13.0 3246.4464285714284
461.0 3246.4464285714284
517.0 3249.7127937336813
900.0 3249.7127937336813
1013.0 3196.464692482916
1891.0 3196.464692482916
2013.0 3202.973821989529
2968.0 3202.973821989529
3013.0 3202.8093385214006
4041.0 3202.8093385214006
4115.0 3189.877551020408
6124.0 3189.877551020408
6213.0 3170.5143277002203
11657.0 3170.5143277002203
11714.0 3103.2140921409214
17618.0 3103.2140921409214
17712.0 3370.3119491699117
22591.0 3370.3119491699117
22711.0 2919.0257359125317
28656.0 2919.0257359125317
28713.0 3307.6233593304164
33970.0 3307.6233593304164
34012.0 3580.2068292682925
36062.0 3580.2068292682925
36112.0 3578.0859707132736
38229.0 3578.0859707132736
38502.0 3907.4608859566447
40624.0 3907.4608859566447
40707.0 3938.315158777711
42376.0 3938.315158777711
42408.0 3932.566560170394
44286.0 3932.566560170394
44409.0 4025.815720978657
46330.0 4025.815720978657
46410.0 4033.316034271726
50495.0 4033.316034271726
50610.0 4031.2702518720216
55017.0 4031.2702518720216
55110.0 4026.565227537923
59395.0 4026.565227537923
59510.0 3878.817209412883
63717.0 3878.817209412883
63809.0 3494.9321557607386
68791.0 3494.9321557607386
68910.0 4040.020004546488
73309.0 4040.020004546488
73410.0 3961.3856589147285
77538.0 3961.3856589147285
77609.0 3923.3729535770353
82068.0 3923.3729535770353
82300.0 3821.61288858634
86707.0 3821.61288858634
86812.0 3861.516018537175
91775.0 3861.516018537175
91809.0 4022.5354411014787
95731.0 4022.5354411014787
95811.0 4021.8822421102213
100057.0 4021.8822421102213
100111.0 4025.37084398977
104412.0 4025.37084398977
104511.0 4013.661918328585
108723.0 4013.661918328585
108811.0 4004.384991843393
113102.0 4004.384991843393
113211.0 4045.370874682668
117544.0 4045.370874682668
117611.0 4040.213780918728
122139.0 4040.213780918728
122403.0 4024.04010462075
126991.0 4024.04010462075
127110.0 3826.7701918786256
131592.0 3826.7701918786256
131712.0 3710.6180236772166
135851.0 3710.6180236772166
135910.0 3947.549632352941
140262.0 3947.549632352941
140312.0 3997.8829039812645
144582.0 3997.8829039812645
144611.0 4004.8891999066946
148898.0 4004.8891999066946
149010.0 4002.830564784053
153224.0 4002.830564784053
153309.0 3997.385178408051
157681.0 3997.385178408051
157712.0 3971.78848853533
161986.0 3971.78848853533
162302.0 3948.5800711743773
166798.0 3948.5800711743773
166912.0 4011.231713072204
171150.0 4011.231713072204
171213.0 3971.723314917127
175738.0 3971.723314917127
175812.0 3781.422029404676
179961.0 3781.422029404676
180016.0 3806.2398884239888
182884.0 3806.2398884239888
182910.0 4091.204099060632
184081.0 4091.204099060632
