53.0 845.0947123765253
1774.0 845.0947123765253
1861.0 849.0040927694406
3327.0 849.0040927694406
3456.0 848.9044006069803
4774.0 848.9044006069803
4860.0 847.6182685753238
6327.0 847.6182685753238
6456.0 841.4002574002574
8010.0 841.4002574002574
8169.0 1294.31592039801
11385.0 1294.31592039801
11429.0 1926.1153948417973
15190.0 1926.1153948417973
15318.0 2042.8355405730797
19471.0 2042.8355405730797
19521.0 2094.769419711391
22778.0 2094.769419711391
22821.0 2164.3291888691533
26199.0 2164.3291888691533
26319.0 2356.912852664577
29509.0 2356.912852664577
29615.0 1671.0892531876138
34007.0 1671.0892531876138
34122.0 3011.852087475149
36637.0 3011.852087475149
36713.0 3494.15592077539
39086.0 3494.15592077539
39401.0 3064.358041958042
41546.0 3064.358041958042
41622.0 2177.2877358490564
45014.0 2177.2877358490564
45109.0 3970.016427104723
47057.0 3970.016427104723
47110.0 3974.0392596747056
48893.0 3974.0392596747056
49014.0 3734.6663863779695
53771.0 3734.6663863779695
53817.0 2632.5651510527923
60371.0 2632.5651510527923
60415.0 4519.020769869842
64026.0 4519.020769869842
64110.0 4037.9758812615955
68422.0 4037.9758812615955
68514.0 4716.573248407643
72282.0 4716.573248407643
72408.0 4477.710843373494
76060.0 4477.710843373494
76107.0 6460.236336779912
78815.0 6460.236336779912
78909.0 6263.238378579397
81598.0 6263.238378579397
81898.0 7838.324744376278
84343.0 7838.324744376278
84406.0 7904.0
86402.0 7904.0
86505.0 8143.496423462088
88602.0 8143.496423462088
88706.0 8147.350588235294
90831.0 8147.350588235294
90905.0 6487.161933998465
93511.0 6487.161933998465
93607.0 6428.288814066592
96280.0 6428.288814066592
96406.0 4444.369168356998
100350.0 4444.369168356998
100412.0 4097.220156774916
104877.0 4097.220156774916
104911.0 4035.4745355191258
109486.0 4035.4745355191258
109802.0 4020.530707923113
114068.0 4020.530707923113
114111.0 4645.5680580762255
117417.0 4645.5680580762255
117509.0 5485.228607918263
120641.0 5485.228607918263
120708.0 5784.80515079634
123659.0 5784.80515079634
123707.0 6240.988731370411
126458.0 6240.988731370411
126508.0 6054.532663316583
129294.0 6054.532663316583
129410.0 4357.159810521067
133421.0 4357.159810521067
133513.0 4357.141683778234
137409.0 4357.141683778234
137511.0 4969.993281075028
141083.0 4969.993281075028
141401.0 5413.885350318471
144541.0 5413.885350318471
144611.0 5553.784919653894
147847.0 5553.784919653894
147908.0 6062.25656877898
150496.0 6062.25656877898
150607.0 6498.339992461364
153260.0 6498.339992461364
153306.0 6494.48697621744
155072.0 6494.48697621744
