31.0 1403.868725868726
1067.0 1403.868725868726
1127.0 1412.7582292849036
2008.0 1412.7582292849036
2129.0 1412.6969696969697
2921.0 1412.6969696969697
3033.0 1262.3918781725888
4018.0 1262.3918781725888
4141.0 1328.7967479674796
5125.0 1328.7967479674796
5232.0 1528.4599092284418
5893.0 1528.4599092284418
6035.0 2065.2532942898974
7401.0 2065.2532942898974
7516.0 2653.7053487644666
10713.0 2653.7053487644666
10812.0 2578.4822373393804
13458.0 2578.4822373393804
13517.0 2542.1084840055632
16393.0 2542.1084840055632
16564.0 1136.7632295131539
23178.0 1136.7632295131539
23219.0 2065.116488463703
26773.0 2065.116488463703
26818.0 2069.054356733133
30479.0 2069.054356733133
30518.0 2254.999184117487
34195.0 2254.999184117487
34311.0 2866.5713039686
36604.0 2866.5713039686
36905.0 2380.0708991298743
40008.0 2380.0708991298743
40121.0 1460.2703927492448
45417.0 1460.2703927492448
45558.0 756.6971379752242
54922.0 756.6971379752242
55039.0 1326.895717884131
60994.0 1326.895717884131
61117.0 2320.263736263736
64302.0 2320.263736263736
64415.0 2893.643813387424
66880.0 2893.643813387424
66912.0 3251.8502127659576
69262.0 3251.8502127659576
69311.0 3306.66438941076
71653.0 3306.66438941076
71713.0 2625.1501501501502
74377.0 2625.1501501501502
74601.0 3253.536231884058
76809.0 3253.536231884058
76908.0 3247.0788530465948
79140.0 3247.0788530465948
79212.0 2508.0931857891674
82646.0 2508.0931857891674
82716.0 2142.555987283645
85547.0 2142.555987283645
85623.0 2355.761070492482
92872.0 2355.761070492482
92916.0 2692.9724685020997
99345.0 2692.9724685020997
99410.0 2884.9051194539247
105270.0 2884.9051194539247
105315.0 3101.0315827467966
110856.0 3101.0315827467966
110909.0 2214.044713906783
118826.0 2214.044713906783
119107.0 1817.9613696224758
123663.0 1817.9613696224758
123732.0 1492.4450909090908
129232.0 1492.4450909090908
129326.0 1580.8113879003558
134103.0 1580.8113879003558
134216.0 1885.4497251859036
137309.0 1885.4497251859036
137427.0 1215.5894447142625
143604.0 1215.5894447142625
143743.0 966.2794098099163
151266.0 966.2794098099163
151337.0 1783.9269406392693
153089.0 1783.9269406392693
153213.0 2712.5888125613346
154232.0 2712.5888125613346
154312.0 2569.15873015873
154816.0 2569.15873015873
155107.0 2461.8194444444443
157987.0 2461.8194444444443
158119.0 2415.3056416615004
161345.0 2415.3056416615004
161417.0 2162.3314543404736
164965.0 2162.3314543404736
165018.0 1891.7678786419456
169171.0 1891.7678786419456
169217.0 2265.8847596317764
172150.0 2265.8847596317764
172217.0 2267.568653717348
175203.0 2267.568653717348
175317.0 2261.9452313503307
177435.0 2261.9452313503307
