20.0 2384.2754098360656
630.0 2384.2754098360656
725.0 2416.776699029126
1240.0 2416.776699029126
1316.0 2400.978540772532
1782.0 2400.978540772532
1823.0 1955.5285489785228
5641.0 1955.5285489785228
5727.0 1984.0736501617318
9746.0 1984.0736501617318
9820.0 1972.4419821483534
13069.0 1972.4419821483534
13119.0 2056.8199886428165
16641.0 2056.8199886428165
16724.0 1817.0691796958663
21393.0 1817.0691796958663
21522.0 1843.9632432432431
25222.0 1843.9632432432431
25318.0 2030.8622222222223
28918.0 2030.8622222222223
29019.0 1690.321942446043
33467.0 1690.321942446043
33710.0 2026.3456653782441
37332.0 2026.3456653782441
37419.0 1889.9221556886228
41427.0 1889.9221556886228
41520.0 2274.796159122085
45165.0 2274.796159122085
45215.0 1963.8625634896923
48562.0 1963.8625634896923
48620.0 1953.7989417989418
52400.0 1953.7989417989418
52521.0 2045.3827029886274
56302.0 2045.3827029886274
56422.0 2092.031886625332
59809.0 2092.031886625332
59922.0 2175.568281938326
63554.0 2175.568281938326
63617.0 2240.764099454215
66915.0 2240.764099454215
67207.0 2106.565859421146
70593.0 2106.565859421146
70719.0 1949.9484562388363
74638.0 1949.9484562388363
74724.0 1917.8325903912828
78762.0 1917.8325903912828
78823.0 1896.7724437211825
82510.0 1896.7724437211825
82624.0 1987.7719977863862
86238.0 1987.7719977863862
86321.0 1919.862251655629
90096.0 1919.862251655629
90226.0 1868.2845986984817
94836.0 1868.2845986984817
94921.0 1773.5602339181287
98341.0 1773.5602339181287
98426.0 1661.1278548559233
103111.0 1661.1278548559233
103412.0 2181.8021240916714
106990.0 2181.8021240916714
107138.0 1566.3375924680565
111599.0 1566.3375924680565
111718.0 2249.079234167894
115113.0 2249.079234167894
115230.0 1865.743346508564
119025.0 1865.743346508564
119118.0 2297.540083217753
122723.0 2297.540083217753
122815.0 2408.582159624413
126223.0 2408.582159624413
126317.0 2477.5380577427823
129365.0 2477.5380577427823
129415.0 2398.8877005347595
131846.0 2398.8877005347595
131928.0 1735.3122255604344
136255.0 1735.3122255604344
136511.0 2031.671324762437
140089.0 2031.671324762437
140215.0 1821.0900195694717
144303.0 1821.0900195694717
144425.0 1783.329005453129
148276.0 1783.329005453129
148322.0 1896.4014801110084
152646.0 1896.4014801110084
152716.0 2472.982211370771
155583.0 2472.982211370771
155615.0 2468.877059569075
158771.0 2468.877059569075
158817.0 2455.02464
161942.0 2455.02464
162018.0 2142.4903190619034
165685.0 2142.4903190619034
165723.0 2085.9510357815443
168909.0 2085.9510357815443
169213.0 2051.1844895486215
172514.0 2051.1844895486215
172621.0 2073.939393939394
174931.0 2073.939393939394
