11.0 4179.333333333333
359.0 4179.333333333333
411.0 4162.675585284281
710.0 4162.675585284281
812.0 4127.2
1492.0 4127.2
1611.0 4111.344086021505
2355.0 4111.344086021505
2412.0 4103.958826556871
4355.0 4103.958826556871
4408.0 4094.86517571885
5973.0 4094.86517571885
6008.0 4101.993204983012
7774.0 4101.993204983012
7810.0 4122.398445092323
9868.0 4122.398445092323
9909.0 4531.207495177735
13538.0 4531.207495177735
13608.0 4557.144957983193
17416.0 4557.144957983193
17509.0 4455.07968229567
21412.0 4455.07968229567
21508.0 4863.972238288028
24966.0 4863.972238288028
25008.0 5271.608708619147
28361.0 5271.608708619147
28408.0 5342.8259465805695
31815.0 5342.8259465805695
31909.0 4490.118108032466
35482.0 4490.118108032466
35507.0 4489.015641293014
39343.0 4489.015641293014
39601.0 3397.1646884272996
44993.0 3397.1646884272996
45116.0 3621.9160255001098
49665.0 3621.9160255001098
49713.0 3948.8348521893754
54212.0 3948.8348521893754
54313.0 4885.003397508493
57845.0 4885.003397508493
57906.0 5494.338047138047
60876.0 5494.338047138047
60905.0 5836.993630573248
63888.0 5836.993630573248
64006.0 5878.9440952695995
67029.0 5878.9440952695995
67107.0 5150.425196850394
70282.0 5150.425196850394
70307.0 5145.388235294117
73707.0 5145.388235294117
74001.0 4486.37400106553
77755.0 4486.37400106553
77809.0 4332.964955912276
82232.0 4332.964955912276
82310.0 4473.032038559682
85837.0 4473.032038559682
85908.0 4763.434309623431
89493.0 4763.434309623431
89609.0 4787.920353982301
93225.0 4787.920353982301
93307.0 4950.378916544656
96722.0 4950.378916544656
96807.0 4946.118595279217
100281.0 4946.118595279217
100308.0 5229.293556085919
103660.0 5229.293556085919
103708.0 5266.001151410478
107182.0 5266.001151410478
107400.0 5268.920091324201
110904.0 5268.920091324201
111008.0 5316.672039677619
114234.0 5316.672039677619
114308.0 5446.187234042553
117128.0 5446.187234042553
117209.0 4699.052516411379
120865.0 4699.052516411379
120910.0 4876.023993144816
124411.0 4876.023993144816
124509.0 4964.997108155003
127967.0 4964.997108155003
128008.0 5130.148418491484
131296.0 5130.148418491484
131409.0 5229.374027528426
134751.0 5229.374027528426
134807.0 5652.821844821845
137810.0 5652.821844821845
138100.0 6153.489081455806
140985.0 6153.489081455806
141113.0 3712.513649268399
145692.0 3712.513649268399
145813.0 5784.373350498873
148920.0 5784.373350498873
149006.0 6564.485355648536
151396.0 6564.485355648536
151506.0 6315.05347985348
154236.0 6315.05347985348
154307.0 6333.110988404196
156118.0 6333.110988404196
