17.0 2560.5774647887324
585.0 2560.5774647887324
721.0 2603.8493723849374
1199.0 2603.8493723849374
1316.0 2572.0827586206897
1751.0 2572.0827586206897
1817.0 2606.825995807128
2294.0 2606.825995807128
2435.0 2534.523235800344
7083.0 2534.523235800344
7225.0 2537.0007917656376
9751.0 2537.0007917656376
9815.0 2574.314143567875
12629.0 2574.314143567875
12715.0 2454.8310185185187
16171.0 2454.8310185185187
16218.0 2329.349265961079
19147.0 2329.349265961079
19220.0 2249.5704615384616
22470.0 2249.5704615384616
22514.0 2240.9991058122205
25869.0 2240.9991058122205
25915.0 2337.396178343949
29055.0 2337.396178343949
29116.0 2840.1979752530933
31783.0 2840.1979752530933
32103.0 2937.170386114063
34926.0 2937.170386114063
35014.0 3045.8980537534753
37172.0 3045.8980537534753
37214.0 2391.6321243523316
40302.0 2391.6321243523316
40419.0 2325.1930246542393
43745.0 2325.1930246542393
43817.0 2563.5716353111434
46581.0 2563.5716353111434
46720.0 2722.8339076498964
49622.0 2722.8339076498964
49713.0 2995.5573571139034
52180.0 2995.5573571139034
52319.0 3006.851667587986
57746.0 3006.851667587986
57813.0 3011.371843652715
63595.0 3011.371843652715
63714.0 3013.232960325534
69612.0 3013.232960325534
69715.0 3013.7486177663104
75141.0 3013.7486177663104
75216.0 3027.746625129803
80994.0 3027.746625129803
81114.0 3041.1426507764536
86652.0 3041.1426507764536
86714.0 3051.2185957650054
92995.0 3051.2185957650054
93114.0 3086.7509293680296
98225.0 3086.7509293680296
98314.0 3087.022610075367
100835.0 3087.022610075367
100914.0 3077.054789121009
103451.0 3077.054789121009
103514.0 3078.1638766519823
105784.0 3078.1638766519823
105914.0 3080.122630092779
108393.0 3080.122630092779
108512.0 3032.3323340471093
110847.0 3032.3323340471093
110917.0 3028.384643510055
113652.0 3028.384643510055
113715.0 2948.4367816091954
116499.0 2948.4367816091954
116615.0 2782.4377302873986
119329.0 2782.4377302873986
119602.0 2779.645376549094
121700.0 2779.645376549094
121814.0 2784.0919540229884
124511.0 2784.0919540229884
124618.0 2778.024410089504
130763.0 2778.024410089504
130819.0 2761.6149268135755
137036.0 2761.6149268135755
137121.0 2530.821905476369
143786.0 2530.821905476369
143918.0 2680.866390550698
150437.0 2680.866390550698
150518.0 2561.941442801087
157144.0 2561.941442801087
157226.0 2203.556561085973
160762.0 2203.556561085973
160825.0 2210.3002016709884
164296.0 2210.3002016709884
164609.0 2371.4192574705703
167922.0 2371.4192574705703
168021.0 2373.5142857142855
170821.0 2373.5142857142855
170919.0 2369.954497724886
173776.0 2369.954497724886
173820.0 2375.2107089737233
175837.0 2375.2107089737233
