15.0 3087.915074309979
486.0 3087.915074309979
521.0 3103.8403990024935
922.0 3103.8403990024935
1017.0 3116.590529247911
1376.0 3116.590529247911
1416.0 3052.734530938124
2418.0 3052.734530938124
2519.0 2974.260350615442
5200.0 2974.260350615442
5312.0 1954.9920683343503
8590.0 1954.9920683343503
8737.0 1672.2345337026777
13069.0 1672.2345337026777
13118.0 2931.5466482377333
16012.0 2931.5466482377333
16116.0 2937.005596211795
18439.0 2937.005596211795
18512.0 2887.481832543444
21044.0 2887.481832543444
21115.0 2606.083882149047
24000.0 2606.083882149047
24117.0 2803.446906035141
26735.0 2803.446906035141
27006.0 2694.702241195304
29817.0 2694.702241195304
29912.0 2897.1460517120895
32774.0 2897.1460517120895
32812.0 2903.2897526501765
35076.0 2903.2897526501765
35112.0 2898.492935635793
37660.0 2898.492935635793
37712.0 2901.910694183865
40377.0 2901.910694183865
40417.0 2894.0973124890215
46110.0 2894.0973124890215
46214.0 2892.511885379355
52356.0 2892.511885379355
52413.0 2891.542148483325
58380.0 2891.542148483325
58413.0 2903.591459074733
64033.0 2903.591459074733
64115.0 2912.151195852149
70094.0 2912.151195852149
70218.0 2883.174981384959
72904.0 2883.174981384959
73014.0 2891.0293509714757
75433.0 2891.0293509714757
75519.0 2881.591656638588
78012.0 2881.591656638588
78118.0 2885.143312101911
80630.0 2885.143312101911
80716.0 2884.39115874079
83702.0 2884.39115874079
83812.0 2891.1229742612013
85910.0 2891.1229742612013
86012.0 2887.712059369202
88707.0 2887.712059369202
88813.0 2890.2213994816734
91514.0 2890.2213994816734
91616.0 2883.9208461276016
97478.0 2883.9208461276016
97515.0 2881.5723629045783
103478.0 2881.5723629045783
103515.0 2865.085322000654
109633.0 2865.085322000654
109714.0 2815.341335795629
116212.0 2815.341335795629
116319.0 2377.323718774144
124085.0 2377.323718774144
124219.0 2692.169696969697
127024.0 2692.169696969697
127114.0 2853.0802348336597
129158.0 2853.0802348336597
129215.0 2849.6
131850.0 2849.6
131914.0 2776.6692131398013
134532.0 2776.6692131398013
134613.0 2743.042004421518
137327.0 2743.042004421518
137417.0 2740.462889066241
139923.0 2740.462889066241
140013.0 2779.6745762711867
142963.0 2779.6745762711867
143015.0 2828.0973274830476
145522.0 2828.0973274830476
145808.0 2830.285506719942
148561.0 2830.285506719942
148614.0 2824.7245949926364
151330.0 2824.7245949926364
151417.0 2826.682604592639
157775.0 2826.682604592639
157816.0 2779.2949512843225
163461.0 2779.2949512843225
163514.0 2808.2906010750935
169653.0 2808.2906010750935
169714.0 2838.9267326732675
173754.0 2838.9267326732675
