77.0 599.7558762886598
2502.0 599.7558762886598
2678.0 603.901018922853
4739.0 603.901018922853
4879.0 601.2122514777002
6740.0 601.2122514777002
6880.0 603.0339476236663
8942.0 603.0339476236663
9082.0 591.377657168702
11293.0 591.377657168702
11481.0 567.9100618324902
13260.0 567.9100618324902
13391.0 548.216361198033
15628.0 548.216361198033
15780.0 550.590657165479
18306.0 550.590657165479
18502.0 550.5388127853881
20692.0 550.5388127853881
20889.0 495.9180035650624
23133.0 495.9180035650624
23316.0 468.1188118811881
25740.0 468.1188118811881
25949.0 586.1223446733749
38471.0 586.1223446733749
38569.0 570.2740576496674
40824.0 570.2740576496674
40986.0 523.8193736343773
43732.0 523.8193736343773
43894.0 528.7437470504955
46013.0 528.7437470504955
46197.0 617.8135120044668
47988.0 617.8135120044668
48053.0 1128.8810226155358
49070.0 1128.8810226155358
49134.0 1038.0474655728099
55960.0 1038.0474655728099
56024.0 1218.0767689224604
62511.0 1218.0767689224604
62838.0 808.9808429118774
71973.0 808.9808429118774
72093.0 987.2431833910034
79318.0 987.2431833910034
79417.0 2246.4341637010675
79979.0 2246.4341637010675
80025.0 1460.3741648106904
80923.0 1460.3741648106904
81080.0 703.213282247765
82646.0 703.213282247765
82785.0 885.370233702337
86037.0 885.370233702337
86141.0 1135.9760658189978
88815.0 1135.9760658189978
88941.0 1096.6670959433354
92047.0 1096.6670959433354
92157.0 630.7139440573984
101774.0 630.7139440573984
102006.0 2197.1722190852624
105548.0 2197.1722190852624
105629.0 1896.159339324751
109746.0 1896.159339324751
109822.0 2015.4115950389385
113289.0 2015.4115950389385
113418.0 2020.0063492063491
117198.0 2020.0063492063491
117320.0 2017.2353276353276
120830.0 2017.2353276353276
120920.0 1971.5858129016901
125121.0 1971.5858129016901
125222.0 1971.7626711506125
129385.0 1971.7626711506125
129419.0 1997.2324781803757
133200.0 1997.2324781803757
133324.0 1913.91401378405
136371.0 1913.91401378405
136615.0 1614.079105760963
141267.0 1614.079105760963
141325.0 1816.4217891054473
145327.0 1816.4217891054473
145425.0 1952.4301075268818
149238.0 1952.4301075268818
149320.0 2152.1780006267627
152511.0 2152.1780006267627
152620.0 2141.561765474014
156449.0 2141.561765474014
156519.0 2140.066405070933
159832.0 2140.066405070933
159925.0 2052.90541632983
162399.0 2052.90541632983
162523.0 2009.9428870840975
166340.0 2009.9428870840975
166421.0 2010.8809828512926
170328.0 2010.8809828512926
170612.0 1876.2958780350084
174154.0 1876.2958780350084
174224.0 1826.0409924487594
177932.0 1826.0409924487594
178022.0 1828.5496183206108
180642.0 1828.5496183206108
