27.0 1464.6606243705942
1020.0 1464.6606243705942
1127.0 1474.691943127962
1971.0 1474.691943127962
2028.0 1470.2444152431012
2789.0 1470.2444152431012
2930.0 1054.6700593723494
4109.0 1054.6700593723494
4257.0 816.1897627965044
5859.0 816.1897627965044
5962.0 826.7692307692307
7184.0 826.7692307692307
7373.0 824.1666666666666
8861.0 824.1666666666666
8979.0 932.1938248544116
18080.0 932.1938248544116
18246.0 1054.8336425479283
24714.0 1054.8336425479283
24847.0 1190.3458156952133
30989.0 1190.3458156952133
31126.0 1621.7756686798964
35762.0 1621.7756686798964
35821.0 1600.0488336603444
40408.0 1600.0488336603444
40551.0 1037.6449315068494
47851.0 1037.6449315068494
47931.0 1762.7549019607843
48747.0 1762.7549019607843
48821.0 1781.2527821939586
49450.0 1781.2527821939586
49532.0 1754.3185628742515
51202.0 1754.3185628742515
51325.0 1858.7559562137799
52878.0 1858.7559562137799
52917.0 2059.8
56357.0 2059.8
56424.0 1555.7519196692263
61503.0 1555.7519196692263
61628.0 1549.5994967498427
66397.0 1549.5994967498427
66526.0 1720.4129281234925
70672.0 1720.4129281234925
70724.0 1528.9811924769908
75722.0 1528.9811924769908
75826.0 1532.2928373565492
80880.0 1532.2928373565492
80923.0 2121.140430694571
84220.0 2121.140430694571
84326.0 1528.1446500744523
89027.0 1528.1446500744523
89315.0 1239.3091655266758
95163.0 1239.3091655266758
95239.0 2064.9225605370416
99410.0 2064.9225605370416
99517.0 2135.7661971830985
102357.0 2135.7661971830985
102424.0 2268.9166180758016
105854.0 2268.9166180758016
105922.0 2358.455589123867
109232.0 2358.455589123867
109321.0 2358.2288221397234
112284.0 2358.2288221397234
112422.0 2107.541816174441
116045.0 2107.541816174441
116114.0 2321.4740983606557
119164.0 2321.4740983606557
119214.0 2318.7659574468084
122786.0 2318.7659574468084
123109.0 2597.6101265822786
126269.0 2597.6101265822786
126313.0 2700.83547925608
129109.0 2700.83547925608
129218.0 2113.699166364625
131977.0 2113.699166364625
132027.0 2022.8168103448277
135739.0 2022.8168103448277
135824.0 1794.4507529005184
139875.0 1794.4507529005184
139922.0 1887.1016476552597
143867.0 1887.1016476552597
143922.0 1886.7032967032967
147562.0 1886.7032967032967
147623.0 1818.997338065661
152131.0 1818.997338065661
152227.0 1455.2627257799672
157099.0 1455.2627257799672
157412.0 1794.0999309233248
161755.0 1794.0999309233248
161826.0 2064.572658772874
165542.0 2064.572658772874
165625.0 1818.637037037037
169945.0 1818.637037037037
170022.0 1852.2408026755852
173610.0 1852.2408026755852
173721.0 2189.8318240620956
176813.0 2189.8318240620956
176918.0 2363.492846571288
178945.0 2363.492846571288
