48.0 919.3476611883691
1630.0 919.3476611883691
1749.0 918.5535055350554
3104.0 918.5535055350554
3248.0 922.3874690849134
4461.0 922.3874690849134
4552.0 924.5026022304833
5897.0 924.5026022304833
6051.0 918.8587491215742
7474.0 918.8587491215742
7553.0 925.1941391941392
8645.0 925.1941391941392
8751.0 913.1496649292628
10094.0 913.1496649292628
10252.0 918.0145214521452
11767.0 918.0145214521452
11859.0 884.7962650758657
19570.0 884.7962650758657
19649.0 1048.33725265271
26623.0 1048.33725265271
26740.0 1029.0928004379962
34046.0 1029.0928004379962
34157.0 904.7613412228797
42269.0 904.7613412228797
42335.0 1208.6165413533834
43399.0 1208.6165413533834
43540.0 1207.7313182199832
44731.0 1207.7313182199832
44841.0 1216.512486427796
45762.0 1216.512486427796
45852.0 1218.6821963394343
48256.0 1218.6821963394343
48332.0 1417.1075110456554
50369.0 1417.1075110456554
50436.0 1413.1057108140947
53728.0 1413.1057108140947
53829.0 1172.875760724358
60566.0 1172.875760724358
60645.0 1103.814787154593
67340.0 1103.814787154593
67447.0 1166.0670263200916
73564.0 1166.0670263200916
73642.0 1411.4975988178796
79056.0 1411.4975988178796
79125.0 1777.4174890980032
83482.0 1777.4174890980032
83627.0 1905.558583106267
87297.0 1905.558583106267
87425.0 1672.2085661080075
91721.0 1672.2085661080075
91828.0 1671.0813926677426
96165.0 1671.0813926677426
96414.0 1672.0621238594447
101565.0 1672.0621238594447
101625.0 1303.438127090301
104615.0 1303.438127090301
104740.0 1234.361464354528
107335.0 1234.361464354528
107441.0 1243.8136645962734
110017.0 1243.8136645962734
110141.0 1283.3605015673982
112374.0 1283.3605015673982
112430.0 1462.3634703196346
114620.0 1462.3634703196346
114734.0 1457.1920148178638
119593.0 1457.1920148178638
119730.0 1283.9299333436677
126181.0 1283.9299333436677
126339.0 1170.2948388936413
133353.0 1170.2948388936413
133450.0 1107.6294372294371
134605.0 1107.6294372294371
134748.0 1114.1587301587301
135693.0 1114.1587301587301
135847.0 1113.4545454545455
136738.0 1113.4545454545455
136848.0 1104.3368421052633
137893.0 1104.3368421052633
138047.0 1121.0329985652797
140835.0 1121.0329985652797
140944.0 1309.6109839816934
146188.0 1309.6109839816934
146332.0 1178.1666666666667
153292.0 1178.1666666666667
153435.0 1311.0281065088757
158843.0 1311.0281065088757
158940.0 1405.1895401262398
164485.0 1405.1895401262398
164632.0 1528.2772908366535
169652.0 1528.2772908366535
169728.0 1411.4055248618783
173348.0 1411.4055248618783
173433.0 1404.1495879991548
178166.0 1404.1495879991548
178226.0 1750.9594000517197
182093.0 1750.9594000517197
182228.0 1756.3656758272575
184011.0 1756.3656758272575
