16.0 2944.1457489878544
510.0 2944.1457489878544
621.0 2970.5011933174223
1040.0 2970.5011933174223
1116.0 2902.2709410548086
2083.0 2902.2709410548086
2116.0 2896.628787878788
3172.0 2896.628787878788
3212.0 2900.8704845814977
4347.0 2900.8704845814977
4416.0 3076.511456023651
5769.0 3076.511456023651
5810.0 3117.277348066298
6715.0 3117.277348066298
6818.0 2989.3925299506695
9656.0 2989.3925299506695
9716.0 3204.1605611847235
14848.0 3204.1605611847235
14916.0 3282.937570942111
20202.0 3282.937570942111
20315.0 3132.440281030445
25866.0 3132.440281030445
25918.0 3095.255060728745
31352.0 3095.255060728745
31409.0 3275.0980174170836
36806.0 3275.0980174170836
36914.0 3283.8146534653465
39439.0 3283.8146534653465
39514.0 3217.350954478708
41557.0 3217.350954478708
41805.0 3138.6995325116873
44158.0 3138.6995325116873
44210.0 3141.182778229082
46672.0 3141.182778229082
46712.0 3159.0334373606775
48955.0 3159.0334373606775
49011.0 3164.462955546656
51508.0 3164.462955546656
51617.0 3160.8383233532936
53955.0 3160.8383233532936
54013.0 3105.8591549295775
59267.0 3105.8591549295775
59314.0 3216.654720118234
64727.0 3216.654720118234
64816.0 3050.471678681771
70642.0 3050.471678681771
70716.0 2742.8044280442805
76678.0 2742.8044280442805
76716.0 2677.019127773527
83251.0 2677.019127773527
83315.0 3187.329295987888
88599.0 3187.329295987888
88716.0 3216.093975499245
94675.0 3216.093975499245
94718.0 3179.440548166062
99680.0 3179.440548166062
99902.0 3210.5493513818387
105221.0 3210.5493513818387
105313.0 3315.419379548066
110535.0 3315.419379548066
110616.0 3227.4512702078523
112781.0 3227.4512702078523
112813.0 3152.6110652353427
115235.0 3152.6110652353427
115313.0 3142.6968486462492
117566.0 3142.6968486462492
117611.0 3138.5494505494507
120250.0 3138.5494505494507
120317.0 3008.9618768328446
123045.0 3008.9618768328446
123112.0 3016.99400719137
125615.0 3016.99400719137
125715.0 3026.308251167618
127642.0 3026.308251167618
127716.0 3189.7604078164827
130070.0 3189.7604078164827
130116.0 3070.8688613059903
135675.0 3070.8688613059903
135716.0 3230.89198343997
141030.0 3230.89198343997
141115.0 3235.1223628691982
146329.0 3235.1223628691982
146417.0 3282.601051840721
151741.0 3282.601051840721
151817.0 3271.4249373675084
157006.0 3271.4249373675084
157117.0 3237.131699210636
159524.0 3237.131699210636
159616.0 3234.3811129848227
161988.0 3234.3811129848227
162115.0 3226.49363449692
164550.0 3226.49363449692
164804.0 3207.097301717089
169696.0 3207.097301717089
169814.0 3028.8292340126495
175506.0 3028.8292340126495
175613.0 3190.3376912378303
179208.0 3190.3376912378303
