59.0 695.888995215311
2149.0 695.888995215311
2269.0 701.6009019165728
4043.0 701.6009019165728
4166.0 699.7223264540338
5765.0 699.7223264540338
5869.0 704.1087202718007
7635.0 704.1087202718007
7781.0 698.4700854700855
9653.0 698.4700854700855
9776.0 837.7379767827529
10982.0 837.7379767827529
11054.0 739.216395418927
12713.0 739.216395418927
12897.0 487.9971929824561
15747.0 487.9971929824561
15986.0 307.2579001019368
19910.0 307.2579001019368
20187.0 692.9265255292653
21793.0 692.9265255292653
21971.0 869.1971701015073
25222.0 869.1971701015073
25376.0 628.1602191030469
37060.0 628.1602191030469
37168.0 408.3734518894887
40317.0 408.3734518894887
40575.0 307.68085561497327
45250.0 307.68085561497327
45491.0 294.76664035780055
49292.0 294.76664035780055
49575.0 316.2343526721921
53074.0 316.2343526721921
53264.0 313.16748499727225
56930.0 313.16748499727225
57165.0 315.50877192982455
60984.0 315.50877192982455
61267.0 459.40365283873706
68330.0 459.40365283873706
68511.0 381.92070484581495
71462.0 381.92070484581495
71820.0 314.7911155477914
75827.0 314.7911155477914
76065.0 306.2081008974048
80188.0 306.2081008974048
80466.0 341.159209157128
84310.0 341.159209157128
84552.0 558.7174023338407
86523.0 558.7174023338407
86655.0 913.643579766537
87940.0 913.643579766537
88059.0 333.2528798683489
97174.0 333.2528798683489
97380.0 345.819391634981
101588.0 345.819391634981
101692.0 578.1794538361509
103230.0 578.1794538361509
103378.0 326.73225206062216
107139.0 326.73225206062216
107510.0 418.47385047385046
110359.0 418.47385047385046
110450.0 930.7967479674796
111803.0 930.7967479674796
112058.0 293.547064305685
116350.0 293.547064305685
116595.0 329.1529882756649
120092.0 329.1529882756649
120335.0 348.49466950959487
124087.0 348.49466950959487
124307.0 291.7088247254982
129225.0 291.7088247254982
129402.0 553.3356401384083
131714.0 553.3356401384083
131965.0 272.9082426127527
135823.0 272.9082426127527
136103.0 385.1273291925466
138679.0 385.1273291925466
138937.0 600.7454450806871
140858.0 600.7454450806871
140977.0 368.43569491925024
149460.0 368.43569491925024
149574.0 640.5541125541125
151422.0 640.5541125541125
151575.0 759.0011723329426
153281.0 759.0011723329426
153358.0 347.288490284006
156703.0 347.288490284006
157029.0 276.47332531087045
162015.0 276.47332531087045
162293.0 306.39761522586565
166654.0 306.39761522586565
166853.0 945.0273062730628
168208.0 945.0273062730628
168349.0 514.7568513119534
173494.0 514.7568513119534
173946.0 267.78090366581415
183330.0 267.78090366581415
183607.0 369.61316872427983
186037.0 369.61316872427983
