82.0 572.3762298307753
2623.0 572.3762298307753
2788.0 578.9023255813953
4938.0 578.9023255813953
5083.0 577.0273336771531
7022.0 577.0273336771531
7190.0 579.1597578015836
9337.0 579.1597578015836
9484.0 570.9764192139738
11774.0 570.9764192139738
11878.0 577.3211428571428
13628.0 577.3211428571428
13796.0 576.5679360601787
15923.0 576.5679360601787
16091.0 571.4018077239112
18525.0 571.4018077239112
18693.0 577.9865771812081
20779.0 577.9865771812081
20884.0 450.5425101214575
23354.0 450.5425101214575
23688.0 197.99685918687837
29419.0 197.99685918687837
29874.0 280.4004489337823
34329.0 280.4004489337823
34477.0 661.1660668380463
36422.0 661.1660668380463
36580.0 562.5373484552209
39137.0 562.5373484552209
39287.0 426.0106463878327
41917.0 426.0106463878327
42196.0 361.380666974028
55210.0 361.380666974028
55371.0 686.2355050806933
57044.0 686.2355050806933
57182.0 614.563130792997
62037.0 614.563130792997
62223.0 452.79671457905545
65145.0 452.79671457905545
65305.0 397.5477954144621
68140.0 397.5477954144621
68473.0 415.744232036915
71507.0 415.744232036915
71714.0 478.2181818181818
74354.0 478.2181818181818
74507.0 491.56330275229357
81047.0 491.56330275229357
81192.0 399.286439448876
83950.0 399.286439448876
84194.0 293.2880339745191
88197.0 293.2880339745191
88482.0 440.45207439198856
91278.0 440.45207439198856
91392.0 524.777497295348
94165.0 524.777497295348
94304.0 176.27165979054269
106908.0 176.27165979054269
107329.0 253.73528804460045
112172.0 253.73528804460045
112501.0 213.39395024163235
118088.0 213.39395024163235
118459.0 158.6305580047865
126398.0 158.6305580047865
126873.0 400.86032453070317
130016.0 400.86032453070317
130174.0 682.7093712930011
131860.0 682.7093712930011
131966.0 320.3999019848076
136047.0 320.3999019848076
136326.0 284.47828673408685
141369.0 284.47828673408685
141507.0 430.0208403361344
144482.0 430.0208403361344
144641.0 377.78256189451025
147428.0 377.78256189451025
147655.0 348.8354430379747
150499.0 348.8354430379747
150867.0 390.1392832995267
153825.0 390.1392832995267
154032.0 403.7442799461642
157004.0 403.7442799461642
157240.0 292.93343231873297
161281.0 292.93343231873297
161495.0 291.56856563836976
165936.0 291.56856563836976
166133.0 431.53046062407134
168825.0 431.53046062407134
169024.0 388.3087323943662
172574.0 388.3087323943662
172812.0 282.91340249841204
177535.0 282.91340249841204
177817.0 331.73886010362696
181677.0 331.73886010362696
181850.0 346.4743307086614
185025.0 346.4743307086614
185372.0 273.48960739030025
188836.0 273.48960739030025
189106.0 270.6931886678722
192424.0 270.6931886678722
