20.0 1852.7490445859873
805.0 1852.7490445859873
929.0 2300.094779116466
5909.0 2300.094779116466
6010.0 4387.413153456998
8382.0 4387.413153456998
8408.0 4331.284900284901
11216.0 4331.284900284901
11312.0 4360.911258278145
12067.0 4360.911258278145
12110.0 3494.141990724224
14913.0 3494.141990724224
15013.0 3145.631265930331
18544.0 3145.631265930331
18619.0 2819.5068128946496
21628.0 2819.5068128946496
21709.0 3874.312322544009
23470.0 3874.312322544009
23512.0 3833.8248557944416
25419.0 3833.8248557944416
25510.0 3787.68362720403
27495.0 3787.68362720403
27613.0 4732.059316569955
29164.0 4732.059316569955
29207.0 5509.882793017457
32415.0 5509.882793017457
32507.0 3735.482864765032
37380.0 3735.482864765032
37409.0 3871.426640926641
41553.0 3871.426640926641
41610.0 4250.768699086645
45661.0 4250.768699086645
45709.0 2966.3987044534415
51884.0 2966.3987044534415
52017.0 3528.8275862068967
56686.0 3528.8275862068967
56810.0 3822.247848537005
61458.0 3822.247848537005
61512.0 4254.952404438965
65567.0 4254.952404438965
65800.0 5067.75900621118
69020.0 5067.75900621118
69108.0 4986.183276059564
72600.0 4986.183276059564
72709.0 5139.400809716599
76167.0 5139.400809716599
76210.0 5937.763253449528
78964.0 5937.763253449528
79008.0 4893.5160839160835
82583.0 4893.5160839160835
82708.0 4895.886046511628
86148.0 4895.886046511628
86207.0 5060.655928175337
89994.0 5060.655928175337
90107.0 5267.573956594324
93102.0 5267.573956594324
93206.0 5749.80202020202
96176.0 5749.80202020202
96400.0 6089.736194161097
99243.0 6089.736194161097
99306.0 6018.349590601638
102115.0 6018.349590601638
102205.0 5359.580786026201
105411.0 5359.580786026201
105509.0 5289.25528062764
108823.0 5289.25528062764
108907.0 5767.366960907944
112079.0 5767.366960907944
112104.0 5963.273901808786
115200.0 5963.273901808786
115308.0 4906.059496567505
118804.0 4906.059496567505
118913.0 3586.699673049977
123195.0 3586.699673049977
123314.0 3928.5927281042764
127687.0 3928.5927281042764
128002.0 4730.108063175395
131611.0 4730.108063175395
131706.0 5835.81237253569
134648.0 5835.81237253569
134706.0 5939.411267605634
137546.0 5939.411267605634
137607.0 5147.737260677467
141002.0 5147.737260677467
141106.0 5662.2494996664445
144104.0 5662.2494996664445
144205.0 6546.023598820059
146917.0 6546.023598820059
147004.0 5601.186161449753
150039.0 5601.186161449753
150107.0 4786.164580559254
153862.0 4786.164580559254
153909.0 4590.146284376829
157327.0 4590.146284376829
157602.0 3949.62107674685
161967.0 3949.62107674685
162011.0 4604.2810116419105
164502.0 4604.2810116419105
