33.0 1133.5993764614186
1316.0 1133.5993764614186
1444.0 1145.0229990800367
2531.0 1145.0229990800367
2638.0 1144.0245398773006
3616.0 1144.0245398773006
3744.0 1141.8328741965106
4833.0 1141.8328741965106
4939.0 1134.0294882914136
6092.0 1134.0294882914136
6241.0 1145.4784580498865
7123.0 1145.4784580498865
7253.0 1125.7525937749401
9759.0 1125.7525937749401
9856.0 1118.5096901779827
17441.0 1118.5096901779827
17546.0 1120.1221474306353
23637.0 1120.1221474306353
23743.0 1153.5348690438625
30081.0 1153.5348690438625
30132.0 1310.765690376569
35868.0 1310.765690376569
35933.0 1203.3815379570422
42032.0 1203.3815379570422
42143.0 1166.940108892922
43245.0 1166.940108892922
43338.0 1171.342019543974
44566.0 1171.342019543974
44825.0 1166.2941176470588
47137.0 1166.2941176470588
47245.0 1222.7512520868113
49641.0 1222.7512520868113
49738.0 1224.1933842239187
52096.0 1224.1933842239187
52236.0 1223.8326497128794
54674.0 1223.8326497128794
54732.0 1206.545121392579
61281.0 1206.545121392579
61339.0 1203.0017906560313
67482.0 1203.0017906560313
67539.0 1204.056718433491
73463.0 1204.056718433491
73541.0 1122.645511972969
80348.0 1122.645511972969
80444.0 1116.0987234042552
81619.0 1116.0987234042552
81739.0 1126.0040899795501
82717.0 1126.0040899795501
82837.0 1265.1206896551723
83765.0 1265.1206896551723
83835.0 1354.8617305976807
86077.0 1354.8617305976807
86129.0 1350.0784780023782
88652.0 1350.0784780023782
88730.0 1196.8382004735595
93798.0 1196.8382004735595
93939.0 1185.6160877513712
100503.0 1185.6160877513712
100643.0 1192.1942577886377
107191.0 1192.1942577886377
107341.0 1192.3945392491466
113201.0 1192.3945392491466
113336.0 1197.9328522121118
119710.0 1197.9328522121118
119835.0 1214.9100892244337
125663.0 1214.9100892244337
125921.0 1209.3357744415964
128652.0 1209.3357744415964
128741.0 1208.5514124293786
131396.0 1208.5514124293786
131535.0 1230.016
133910.0 1230.016
134036.0 1234.8615384615384
136116.0 1234.8615384615384
136247.0 1234.0102389078497
138591.0 1234.0102389078497
138736.0 1224.3592233009708
141208.0 1224.3592233009708
141339.0 1213.0708815382109
147476.0 1213.0708815382109
147537.0 1143.2661894456467
153544.0 1143.2661894456467
153647.0 1219.3368029739777
160372.0 1219.3368029739777
160441.0 1225.4008438818566
161389.0 1225.4008438818566
161540.0 1206.0332458442695
162683.0 1206.0332458442695
162743.0 1213.6239782016348
163844.0 1213.6239782016348
163934.0 1218.3748810656518
164985.0 1218.3748810656518
165036.0 1193.149012567325
170606.0 1193.149012567325
170924.0 1193.7517630465445
176596.0 1193.7517630465445
176743.0 1205.2327044025158
180718.0 1205.2327044025158
