17.0 2962.134419551935
508.0 2962.134419551935
617.0 2984.748201438849
1034.0 2984.748201438849
1117.0 2983.616
1492.0 2983.616
1622.0 2921.52817574021
2669.0 2921.52817574021
2718.0 2912.3418553688825
5456.0 2912.3418553688825
5517.0 2859.644801427934
7758.0 2859.644801427934
7816.0 2858.768745067088
10350.0 2858.768745067088
10414.0 2853.648166834847
13387.0 2853.648166834847
13515.0 2813.4696907216494
15940.0 2813.4696907216494
16016.0 2302.7099212598423
19191.0 2302.7099212598423
19311.0 3246.352331606218
21627.0 3246.352331606218
21717.0 3250.4092116917627
23975.0 3250.4092116917627
24202.0 2535.9250083696015
27189.0 2535.9250083696015
27339.0 1919.8036582542254
31658.0 1919.8036582542254
31715.0 2931.7787689562892
33957.0 2931.7787689562892
34017.0 2730.2624768946393
36722.0 2730.2624768946393
36817.0 2735.6179695790593
39644.0 2735.6179695790593
39720.0 2709.8842105263157
45800.0 2709.8842105263157
45918.0 2899.593275665089
52045.0 2899.593275665089
52109.0 3924.893539581438
56505.0 3924.893539581438
56613.0 4157.499108280254
60538.0 4157.499108280254
60608.0 4444.040837161817
64526.0 4444.040837161817
64616.0 3515.7364985163204
69671.0 3515.7364985163204
69713.0 3574.3387978142077
74288.0 3574.3387978142077
74413.0 3807.2513601741025
79008.0 3807.2513601741025
79302.0 4258.368647281922
83257.0 4258.368647281922
83312.0 3997.6437213183144
88106.0 3997.6437213183144
88211.0 4502.392694063927
91715.0 4502.392694063927
91809.0 4236.395931530637
95840.0 4236.395931530637
95912.0 4165.813282001925
100068.0 4165.813282001925
100112.0 4548.168953457089
103829.0 4548.168953457089
103914.0 4673.053032363339
107591.0 4673.053032363339
107715.0 4654.432288900691
111481.0 4654.432288900691
111610.0 4564.393213572855
115618.0 4564.393213572855
115901.0 4791.66779133143
119754.0 4791.66779133143
119813.0 4658.224877783813
123495.0 4658.224877783813
123612.0 4158.745735174654
127305.0 4158.745735174654
127422.0 2460.2228268652443
134405.0 2460.2228268652443
134517.0 2195.3395061728397
142293.0 2195.3395061728397
142427.0 2499.4846411413596
149296.0 2499.4846411413596
149422.0 3217.051936355449
152753.0 3217.051936355449
152814.0 3423.8162839248434
155209.0 3423.8162839248434
155317.0 2460.9649427282193
158198.0 2460.9649427282193
158313.0 3512.9738503155995
160531.0 3512.9738503155995
160614.0 3511.1908466819223
162799.0 3511.1908466819223
162913.0 3597.3040293040294
165097.0 3597.3040293040294
165210.0 3925.481393975192
166903.0 3925.481393975192
167011.0 3920.648523451071
168738.0 3920.648523451071
168812.0 3985.1507991660874
171690.0 3985.1507991660874
