7.0 6641.132420091324
226.0 6641.132420091324
305.0 6655.828877005348
492.0 6655.828877005348
606.0 6511.591647331787
1037.0 6511.591647331787
1106.0 6522.046908315565
1575.0 6522.046908315565
1606.0 4113.388901680866
5949.0 4113.388901680866
6009.0 4653.385260635111
9347.0 4653.385260635111
9406.0 4601.514262863237
13157.0 4601.514262863237
13205.0 6728.378993756885
15928.0 6728.378993756885
16003.0 6717.218954248366
18451.0 6717.218954248366
18504.0 6832.129133858268
21044.0 6832.129133858268
21105.0 6834.974842767296
23649.0 6834.974842767296
23706.0 6790.317319337909
26183.0 6790.317319337909
26498.0 6787.9047619047615
29102.0 6787.9047619047615
29205.0 6787.10216256525
31887.0 6787.10216256525
32005.0 6792.206604572396
34367.0 6792.206604572396
34405.0 6792.845759368836
36940.0 6792.845759368836
37005.0 6824.706408345753
39689.0 6824.706408345753
39805.0 6822.4
42220.0 6822.4
42305.0 6597.032305978462
44998.0 6597.032305978462
45104.0 6552.917584504367
47737.0 6552.917584504367
47806.0 6485.764705882353
50322.0 6485.764705882353
50600.0 6375.595752471622
53331.0 6375.595752471622
53406.0 6331.331670822942
56213.0 6331.331670822942
56304.0 5638.827586206897
59204.0 5638.827586206897
59309.0 4155.420427553444
63519.0 4155.420427553444
63609.0 4158.480987654321
67659.0 4158.480987654321
67711.0 4706.459724950884
71783.0 4706.459724950884
71910.0 4802.552207001522
75195.0 4802.552207001522
75308.0 4009.6060108006573
79567.0 4009.6060108006573
79612.0 3590.4437992534217
84434.0 3590.4437992534217
84703.0 3607.67050789586
89389.0 3607.67050789586
89512.0 3657.4746700723713
94210.0 3657.4746700723713
94312.0 3579.4551766387585
99209.0 3579.4551766387585
99314.0 1798.8287118977385
109484.0 1798.8287118977385
109622.0 4771.852158180408
113491.0 4771.852158180408
113613.0 3928.443426477325
117979.0 3928.443426477325
118019.0 2941.066258138644
123241.0 2941.066258138644
123314.0 2725.6442963668096
129617.0 2725.6442963668096
129714.0 3230.077578051088
134999.0 3230.077578051088
135302.0 2095.308762509153
143496.0 2095.308762509153
143634.0 1574.9559082892417
150438.0 1574.9559082892417
150536.0 2228.87741234031
154215.0 2228.87741234031
154318.0 2197.7805331680097
157544.0 2197.7805331680097
157620.0 2081.6927598183274
161363.0 2081.6927598183274
161426.0 1648.1099892588613
166081.0 1648.1099892588613
166130.0 1790.0460241512874
170519.0 1790.0460241512874
170624.0 1914.1244239631337
174096.0 1914.1244239631337
174224.0 2042.5218702865761
177539.0 2042.5218702865761
177608.0 3527.8350515463917
178966.0 3527.8350515463917
