9.0 4588.03785488959
326.0 4588.03785488959
408.0 4644.179104477612
676.0 4644.179104477612
711.0 4548.615883306321
1328.0 4548.615883306321
1408.0 4517.922734026746
4100.0 4517.922734026746
4210.0 4559.17209834191
5959.0 4559.17209834191
6005.0 4600.476669059583
7398.0 4600.476669059583
7510.0 3321.200692707331
12707.0 3321.200692707331
12810.0 4633.630753667172
16764.0 4633.630753667172
16813.0 4609.966918979535
20380.0 4609.966918979535
20510.0 4607.968135953266
24276.0 4607.968135953266
24408.0 4669.220193340494
28132.0 4669.220193340494
28208.0 4480.4517847629195
31962.0 4480.4517847629195
32011.0 4543.882776349615
35901.0 4543.882776349615
36009.0 4610.690982776089
39957.0 4610.690982776089
40197.0 4528.137736381597
43740.0 4528.137736381597
43812.0 4544.69886513592
47601.0 4544.69886513592
47709.0 4546.416480516257
51738.0 4546.416480516257
51812.0 4565.2801330008315
55421.0 4565.2801330008315
55510.0 4671.5245858532735
59313.0 4671.5245858532735
59410.0 4613.324064171123
63150.0 4613.324064171123
63212.0 4560.699832308553
66790.0 4560.699832308553
66907.0 4527.2366094643785
70753.0 4527.2366094643785
70809.0 4540.635666836995
74723.0 4540.635666836995
75000.0 4558.851407861723
78587.0 4558.851407861723
78710.0 4739.723652126795
82401.0 4739.723652126795
82510.0 5529.168745896257
85556.0 5529.168745896257
85605.0 5524.561545113866
89074.0 5524.561545113866
89208.0 5529.752541184718
92061.0 5529.752541184718
92108.0 5522.9340232858995
95200.0 5522.9340232858995
95308.0 5400.224578914535
98514.0 5400.224578914535
98610.0 4778.276992651216
102148.0 4778.276992651216
102212.0 4649.030303030303
105908.0 4649.030303030303
106200.0 4538.734334541688
110062.0 4538.734334541688
110107.0 4450.033568474823
114218.0 4450.033568474823
114311.0 4458.414875633905
118452.0 4458.414875633905
118510.0 4348.778904665314
122454.0 4348.778904665314
122508.0 4449.086906141368
125960.0 4449.086906141368
126009.0 4499.668936616029
129827.0 4499.668936616029
129909.0 4640.108725197065
133588.0 4640.108725197065
133709.0 3734.8183597998695
138306.0 3734.8183597998695
138411.0 4309.639243740419
142325.0 4309.639243740419
142602.0 3694.8346723044397
147332.0 3694.8346723044397
147414.0 3781.5602584094454
151903.0 3781.5602584094454
152012.0 4609.923656193197
155863.0 4609.923656193197
155911.0 4564.876476906552
159635.0 4564.876476906552
159709.0 4651.151138716356
163573.0 4651.151138716356
163613.0 4670.771062816314
166972.0 4670.771062816314
167010.0 4609.651336898396
170750.0 4609.651336898396
170811.0 4589.541416566627
173310.0 4589.541416566627
