24.0 1669.8140068886337
895.0 1669.8140068886337
1026.0 1684.2219215155615
1765.0 1684.2219215155615
1829.0 1679.963963963964
2495.0 1679.963963963964
2633.0 1689.4782608695652
3369.0 1689.4782608695652
3430.0 1676.3282051282051
4210.0 1676.3282051282051
4332.0 1663.519582245431
5864.0 1663.519582245431
5935.0 1775.5196078431372
10015.0 1775.5196078431372
10116.0 1615.057300590139
15369.0 1615.057300590139
15436.0 1841.4747638326585
19141.0 1841.4747638326585
19221.0 2157.3042195337857
22610.0 2157.3042195337857
22725.0 1967.177394034537
26547.0 1967.177394034537
26617.0 2287.1374259894046
29826.0 2287.1374259894046
29920.0 2176.0436656133297
33401.0 2176.0436656133297
33523.0 2100.7428426653155
37470.0 2100.7428426653155
37707.0 2410.358635863586
40434.0 2410.358635863586
40514.0 2207.220561864913
43860.0 2207.220561864913
43919.0 2119.9539473684213
47567.0 2119.9539473684213
47623.0 1847.6432855280314
51458.0 1847.6432855280314
51521.0 2022.4376759662146
55428.0 2022.4376759662146
55521.0 2969.079951787867
58010.0 2969.079951787867
58112.0 2479.2603406326034
60989.0 2479.2603406326034
61124.0 2232.500146070698
64547.0 2232.500146070698
64614.0 3267.598312236287
66984.0 3267.598312236287
67307.0 2361.0398379473327
70269.0 2361.0398379473327
70324.0 2249.1571696931746
73518.0 2249.1571696931746
73616.0 2274.0759334797617
76803.0 2274.0759334797617
76921.0 2285.772823779193
80689.0 2285.772823779193
80822.0 1975.1142950179094
83893.0 1975.1142950179094
84026.0 1792.3500690925841
88368.0 1792.3500690925841
88427.0 1814.6183170618317
92729.0 1814.6183170618317
92826.0 1738.5996516546404
96845.0 1738.5996516546404
96928.0 1750.888328365054
101289.0 1750.888328365054
101615.0 2141.0631992742665
104922.0 2141.0631992742665
105020.0 2912.3178621659636
107864.0 2912.3178621659636
107921.0 2160.9439015562793
113447.0 2160.9439015562793
113527.0 2983.9220598469033
119275.0 2983.9220598469033
119312.0 2581.6520423600605
125261.0 2581.6520423600605
125318.0 3196.8247115742465
130692.0 3196.8247115742465
130811.0 2867.1414175344307
136765.0 2867.1414175344307
136822.0 2223.382543382543
144544.0 2223.382543382543
144621.0 2199.039385206532
147744.0 2199.039385206532
148010.0 2171.045803547789
151787.0 2171.045803547789
151924.0 1804.5405955713923
155853.0 1804.5405955713923
155924.0 1606.8830686739534
160773.0 1606.8830686739534
160831.0 1517.996042738425
165885.0 1517.996042738425
165932.0 1970.038114343029
169920.0 1970.038114343029
170013.0 2494.6846846846847
172677.0 2494.6846846846847
172728.0 2153.6132315521627
175872.0 2153.6132315521627
175925.0 2053.493356193742
178258.0 2053.493356193742
