12.0 4488.913580246914
336.0 4488.913580246914
417.0 4425.686546463246
1138.0 4425.686546463246
1212.0 4440.658227848101
1844.0 4440.658227848101
1912.0 4445.988372093023
2600.0 4445.988372093023
2718.0 2873.026178010471
3864.0 2873.026178010471
3954.0 1977.920987654321
7194.0 1977.920987654321
7311.0 2770.2179732313575
9926.0 2770.2179732313575
10026.0 2248.580970050358
13799.0 2248.580970050358
13914.0 3551.62103071317
15835.0 3551.62103071317
15910.0 4048.2303433001107
17716.0 4048.2303433001107
17820.0 2893.2073211314478
23830.0 2893.2073211314478
23922.0 2619.469864507086
30343.0 2619.469864507086
30425.0 2384.7415002698326
37837.0 2384.7415002698326
38108.0 2176.8527172486215
41917.0 2176.8527172486215
42020.0 2185.188829787234
45028.0 2185.188829787234
45119.0 1067.865818392134
52035.0 1067.865818392134
52153.0 855.7698351222751
61190.0 855.7698351222751
61346.0 982.12771560237
64384.0 982.12771560237
64457.0 916.8898128898129
65900.0 916.8898128898129
66060.0 907.4460547504026
67302.0 907.4460547504026
67450.0 928.158940397351
68809.0 928.158940397351
68940.0 1198.951566951567
69993.0 1198.951566951567
70144.0 1146.1048128342245
72949.0 1146.1048128342245
73074.0 966.7486818980668
75919.0 966.7486818980668
76014.0 2725.268588770865
78650.0 2725.268588770865
78760.0 1535.4830508474577
83480.0 1535.4830508474577
83525.0 1856.6053028669971
88164.0 1856.6053028669971
88226.0 2178.727011494253
91010.0 2178.727011494253
91114.0 2813.587852494577
93880.0 2813.587852494577
93911.0 4303.466372657112
95725.0 4303.466372657112
95811.0 3890.5523385300667
97607.0 3890.5523385300667
97716.0 4502.834381551363
101532.0 4502.834381551363
101616.0 3397.013953488372
106776.0 3397.013953488372
106818.0 5324.239813736904
110254.0 5324.239813736904
110306.0 4049.637201140601
114865.0 4049.637201140601
114916.0 3247.7909486839612
120197.0 3247.7909486839612
120312.0 6825.888
122562.0 6825.888
122610.0 3536.380403458213
127468.0 3536.380403458213
127525.0 3575.8190196899873
132299.0 3575.8190196899873
132603.0 5216.943178365239
135894.0 5216.943178365239
136013.0 7587.9118308592
138236.0 7587.9118308592
138311.0 6366.691438979964
141056.0 6366.691438979964
141109.0 4313.957814485388
145044.0 4313.957814485388
145114.0 4609.923656193197
148965.0 4609.923656193197
149014.0 6240.675477239354
151738.0 6240.675477239354
151809.0 7401.996705107084
154237.0 7401.996705107084
154311.0 7976.166751398068
156278.0 7976.166751398068
156308.0 7450.343993085566
158622.0 7450.343993085566
158902.0 6679.82760629004
160619.0 6679.82760629004
