53.0 732.6992443324937
2038.0 732.6992443324937
2171.0 737.345971563981
3859.0 737.345971563981
3974.0 738.0316622691292
5490.0 738.0316622691292
5671.0 737.5183867141162
7357.0 737.5183867141162
7473.0 753.1889400921659
9209.0 753.1889400921659
9357.0 814.7677419354839
10597.0 814.7677419354839
10773.0 896.4619883040936
12141.0 896.4619883040936
12249.0 851.6791181873851
13882.0 851.6791181873851
14042.0 716.7416745456455
23561.0 716.7416745456455
23647.0 1045.4889174889174
30640.0 1045.4889174889174
30752.0 1054.3880597014925
33432.0 1054.3880597014925
33718.0 1146.0403669724772
34808.0 1146.0403669724772
34945.0 882.0082304526749
36403.0 882.0082304526749
36582.0 504.70456140350876
39432.0 504.70456140350876
39605.0 654.324678476098
43726.0 654.324678476098
43953.0 472.00128886740777
50160.0 472.00128886740777
50437.0 662.8603754178451
62104.0 662.8603754178451
62330.0 369.043797856049
65595.0 369.043797856049
65883.0 344.37064029151486
69725.0 344.37064029151486
69913.0 465.5299463031805
72334.0 465.5299463031805
72648.0 510.2621359223301
75120.0 510.2621359223301
75256.0 794.5223410950283
76845.0 794.5223410950283
76964.0 822.7202007528231
78558.0 822.7202007528231
78661.0 623.5320788936749
83072.0 623.5320788936749
83178.0 531.3201697730209
88597.0 531.3201697730209
88756.0 822.6479625918504
90253.0 822.6479625918504
90357.0 890.5801713586292
91991.0 890.5801713586292
92149.0 1114.3810398677201
97592.0 1114.3810398677201
97751.0 933.8113750899928
106085.0 933.8113750899928
106440.0 1083.8472727272726
107540.0 1083.8472727272726
107641.0 1197.1178707224335
108693.0 1197.1178707224335
109048.0 195.63726708074535
115488.0 195.63726708074535
115865.0 370.4692629546186
118972.0 370.4692629546186
119082.0 931.968638631504
120485.0 931.968638631504
120535.0 1055.8420533070089
123574.0 1055.8420533070089
123863.0 656.883785664579
135359.0 656.883785664579
135458.0 925.9599872975548
141756.0 925.9599872975548
141850.0 1067.9095801937567
142779.0 1067.9095801937567
143032.0 895.9875776397515
144320.0 895.9875776397515
144456.0 894.134128166915
145798.0 894.134128166915
145984.0 542.7528656579551
148165.0 542.7528656579551
148299.0 538.6256239600666
150703.0 538.6256239600666
151034.0 697.9470105509965
155299.0 697.9470105509965
155485.0 547.3381205120199
161891.0 547.3381205120199
162260.0 686.3438897835033
173438.0 686.3438897835033
173569.0 823.4803858520901
175124.0 823.4803858520901
175259.0 892.9025974025974
176491.0 892.9025974025974
176830.0 923.3606237816764
177856.0 923.3606237816764
177947.0 933.6382536382537
178909.0 933.6382536382537
