25.0 1671.7333333333333
895.0 1671.7333333333333
1027.0 1670.6577181208054
1772.0 1670.6577181208054
1837.0 1572.6017211703959
4742.0 1572.6017211703959
4828.0 2772.9786756453423
6610.0 2772.9786756453423
6767.0 3407.688888888889
9107.0 3407.688888888889
9212.0 1679.3668763102726
13028.0 1679.3668763102726
13128.0 3934.883215643672
14969.0 3934.883215643672
15009.0 2058.698374181024
19130.0 2058.698374181024
19235.0 1485.448290877422
23828.0 1485.448290877422
23911.0 2813.0450173143518
26510.0 2813.0450173143518
26620.0 2074.0833103448276
30245.0 2074.0833103448276
30317.0 1730.1801037246582
34559.0 1730.1801037246582
34808.0 2074.1533406352683
38460.0 2074.1533406352683
38520.0 2512.6157575757575
41820.0 2512.6157575757575
41918.0 2516.480857580398
44530.0 2516.480857580398
44619.0 2514.5931222335716
47556.0 2514.5931222335716
47620.0 2578.7235745248418
50619.0 2578.7235745248418
50718.0 2561.7180043383946
53484.0 2561.7180043383946
53625.0 1597.5867367569754
58571.0 1597.5867367569754
58628.0 1712.6396292004636
62943.0 1712.6396292004636
63019.0 2467.2542372881358
65910.0 2467.2542372881358
66205.0 3508.653810835629
68383.0 3508.653810835629
68507.0 5579.4005763688765
69895.0 5579.4005763688765
70009.0 4176.90932311622
73924.0 4176.90932311622
74015.0 4192.264557872035
78188.0 4192.264557872035
78313.0 2605.8870493578834
84776.0 2605.8870493578834
84822.0 2499.961387946778
92488.0 2499.961387946778
92617.0 3345.9987274655355
97332.0 3345.9987274655355
97411.0 3342.5155607751026
102520.0 3342.5155607751026
102616.0 3218.0520446096652
107996.0 3218.0520446096652
108117.0 4546.945669714901
111835.0 4546.945669714901
112100.0 4588.201869158878
115845.0 4588.201869158878
115910.0 5923.822913146333
118869.0 5923.822913146333
118909.0 4789.028272251309
122729.0 4789.028272251309
122814.0 4862.337634974981
126611.0 4862.337634974981
126711.0 5414.010101010101
129879.0 5414.010101010101
130009.0 5321.638253638253
132895.0 5321.638253638253
133011.0 5252.135738306329
136282.0 5252.135738306329
136408.0 5826.266211604096
139338.0 5826.266211604096
139407.0 4489.79079497908
143231.0 4489.79079497908
143501.0 2249.656975193385
150999.0 2249.656975193385
151123.0 2060.673033840349
159604.0 2060.673033840349
159723.0 2332.25
162763.0 2332.25
162823.0 5381.060773480663
164271.0 5381.060773480663
164308.0 7551.133858267716
165324.0 7551.133858267716
165407.0 3778.986050986051
167486.0 3778.986050986051
167621.0 2531.7485714285713
170246.0 2531.7485714285713
170319.0 5378.046068308181
171578.0 5378.046068308181
171609.0 6199.602162162162
173459.0 6199.602162162162
