20.0 1957.4804845222072
763.0 1957.4804845222072
824.0 1975.6190476190477
1454.0 1975.6190476190477
1527.0 1980.2761061946903
2092.0 1980.2761061946903
2227.0 1973.7396825396825
2857.0 1973.7396825396825
2919.0 1963.2672672672672
3585.0 1963.2672672672672
3733.0 1939.0208774583964
7038.0 1939.0208774583964
7123.0 1411.008959875341
12257.0 1411.008959875341
12352.0 1827.2444540167994
16995.0 1827.2444540167994
17119.0 3043.115075825156
19361.0 3043.115075825156
19414.0 3760.855967078189
21358.0 3760.855967078189
21414.0 3738.7130780706116
23425.0 3738.7130780706116
23522.0 2096.3793201942303
27023.0 2096.3793201942303
27120.0 1341.1487252124646
32768.0 1341.1487252124646
33021.0 1933.6828358208954
37309.0 1933.6828358208954
37418.0 3684.4439461883408
39202.0 3684.4439461883408
39306.0 4553.24290998767
40928.0 4553.24290998767
41023.0 1841.3314285714287
45223.0 1841.3314285714287
45318.0 811.557897148093
54049.0 811.557897148093
54153.0 1465.9858998144712
59543.0 1465.9858998144712
59621.0 1761.6305125148988
63816.0 1761.6305125148988
63926.0 1756.855172413793
67986.0 1756.855172413793
68115.0 2416.776723592663
71277.0 2416.776723592663
71516.0 1231.977091950366
77802.0 1231.977091950366
77919.0 2419.861591695502
80809.0 2419.861591695502
80920.0 2823.8238993710693
83464.0 2823.8238993710693
83515.0 2143.5906536527655
86896.0 2143.5906536527655
87026.0 1363.8625494853522
93341.0 1363.8625494853522
93439.0 1355.7389360751006
97913.0 1355.7389360751006
98013.0 4148.392324093817
99889.0 4148.392324093817
100011.0 870.2885172798216
108981.0 870.2885172798216
109066.0 1077.3098982423683
115552.0 1077.3098982423683
115810.0 1913.2107241292908
119801.0 1913.2107241292908
119922.0 2749.6951672862456
120998.0 2749.6951672862456
121116.0 2743.102990033223
122320.0 2743.102990033223
122416.0 2740.140051238258
123587.0 2740.140051238258
123717.0 2731.11609403255
126482.0 2731.11609403255
126618.0 2730.1947565543073
128754.0 2730.1947565543073
128818.0 2728.4505813953488
131570.0 2728.4505813953488
131616.0 2998.894389438944
134040.0 2998.894389438944
134111.0 3947.304347826087
135997.0 3947.304347826087
136114.0 3939.2638953759924
140396.0 3939.2638953759924
140511.0 4952.272031737036
144040.0 4952.272031737036
144119.0 3019.4635361081464
149741.0 3019.4635361081464
149824.0 2296.0186239006725
157556.0 2296.0186239006725
157635.0 2664.0965365930106
164016.0 2664.0965365930106
164120.0 2258.0319634703196
169376.0 2258.0319634703196
169421.0 2265.8847596317764
172354.0 2265.8847596317764
172416.0 1379.8573466476462
177323.0 1379.8573466476462
177435.0 1362.958748221906
180950.0 1362.958748221906
