39.0 1117.0568356374808
1341.0 1117.0568356374808
1437.0 1133.551912568306
2535.0 1133.551912568306
2632.0 1131.3003033367038
3621.0 1131.3003033367038
3729.0 1132.4735883424407
4827.0 1132.4735883424407
4934.0 1123.3127147766322
6098.0 1123.3127147766322
6244.0 1116.299605781866
8527.0 1116.299605781866
8635.0 1111.558707643814
11173.0 1111.558707643814
11248.0 1106.4027125717266
18916.0 1106.4027125717266
19031.0 1117.0045841519318
25139.0 1117.0045841519318
25233.0 1114.6674797987498
31792.0 1114.6674797987498
31930.0 1107.4608926204153
38719.0 1107.4608926204153
39007.0 1126.4057709648332
40116.0 1126.4057709648332
40232.0 1126.0665499124343
41374.0 1126.0665499124343
41427.0 1122.003120124805
42709.0 1122.003120124805
42827.0 1115.166253101737
45245.0 1115.166253101737
45332.0 1116.0807619047619
47957.0 1116.0807619047619
48031.0 1107.8057584873227
55012.0 1107.8057584873227
55138.0 1107.8348968105065
61534.0 1107.8348968105065
61628.0 1107.6063919259882
68762.0 1107.6063919259882
68835.0 1128.176176176176
69834.0 1128.176176176176
70115.0 1118.2340425531916
71243.0 1118.2340425531916
71329.0 1128.2359249329759
72448.0 1128.2359249329759
72535.0 1127.614789337919
73698.0 1127.614789337919
73828.0 1122.1542227662178
76279.0 1122.1542227662178
76610.0 1118.2764632627645
83034.0 1118.2764632627645
83129.0 1101.2733627108341
89710.0 1101.2733627108341
89828.0 1118.399168939099
97529.0 1118.399168939099
97631.0 1104.4384559359069
103123.0 1104.4384559359069
103230.0 1112.7229053474407
110224.0 1112.7229053474407
110511.0 1143.0795781399809
111554.0 1143.0795781399809
111628.0 1136.6137184115523
112736.0 1136.6137184115523
112832.0 1130.9730700179534
113946.0 1130.9730700179534
114033.0 1114.3774011299436
116688.0 1114.3774011299436
116839.0 1112.0188552188552
119809.0 1112.0188552188552
119938.0 1105.8127441735148
127361.0 1105.8127441735148
127433.0 1006.2006662225183
134938.0 1006.2006662225183
135045.0 1027.7927388086007
140719.0 1027.7927388086007
140838.0 1128.655290102389
141717.0 1128.655290102389
142014.0 1117.165537270087
143047.0 1117.165537270087
143135.0 1115.174721189591
144211.0 1115.174721189591
144510.0 1118.6272764063133
146981.0 1118.6272764063133
147131.0 1117.341082455503
149884.0 1117.341082455503
150207.0 1105.228371005456
156622.0 1105.228371005456
156739.0 1111.3644273284838
163750.0 1111.3644273284838
163834.0 1119.1760758570388
170689.0 1119.1760758570388
170836.0 1120.2783402252958
177849.0 1120.2783402252958
177932.0 1147.0865484880082
178891.0 1147.0865484880082
179210.0 1141.4072289156627
180040.0 1141.4072289156627
180136.0 1142.6972010178117
180922.0 1142.6972010178117
