41.0 1122.2283950617284
1337.0 1122.2283950617284
1446.0 1132.5204731574158
2545.0 1132.5204731574158
2642.0 1129.0171543895055
3633.0 1129.0171543895055
3741.0 1131.4431301182894
4840.0 1131.4431301182894
4937.0 1123.3127147766322
6101.0 1123.3127147766322
6254.0 1116.299605781866
8537.0 1116.299605781866
8644.0 1113.3133385951066
11178.0 1113.3133385951066
11255.0 1341.7517001423375
17578.0 1341.7517001423375
17615.0 2698.8386075949365
20143.0 2698.8386075949365
20220.0 1652.6003616636528
24644.0 1652.6003616636528
24725.0 1640.88869489306
29307.0 1640.88869489306
29442.0 1218.970935060621
35463.0 1218.970935060621
35534.0 1303.9779652263728
41343.0 1303.9779652263728
41435.0 1279.967891324483
47913.0 1279.967891324483
48029.0 1761.266881028939
51761.0 1761.266881028939
52010.0 1392.9385137683894
57312.0 1392.9385137683894
57441.0 1146.056905749852
64189.0 1146.056905749852
64331.0 1338.808888888889
65231.0 1338.808888888889
65332.0 1369.6397515527951
66298.0 1369.6397515527951
66422.0 1655.2825958702065
68117.0 1655.2825958702065
68232.0 1485.0028818443805
70314.0 1485.0028818443805
70429.0 1389.7271937445698
72731.0 1389.7271937445698
72824.0 1527.4571992110455
77894.0 1527.4571992110455
78032.0 1597.7610235320997
82409.0 1597.7610235320997
82713.0 1002.4850683784538
89879.0 1002.4850683784538
89971.0 1266.8204859290333
95692.0 1266.8204859290333
95825.0 2126.090348062207
99876.0 2126.090348062207
100029.0 1592.0146981627297
103839.0 1592.0146981627297
103930.0 1573.4702790133442
108876.0 1573.4702790133442
108930.0 1684.6111350884764
113564.0 1684.6111350884764
113625.0 1434.2019704433499
118497.0 1434.2019704433499
118631.0 1428.4625850340135
119513.0 1428.4625850340135
119632.0 1431.6517412935323
120436.0 1431.6517412935323
120529.0 1413.5697297297297
121454.0 1413.5697297297297
121529.0 1436.947604120018
123762.0 1436.947604120018
123835.0 1452.654400795624
125846.0 1452.654400795624
125929.0 2036.2067039106146
128793.0 2036.2067039106146
128919.0 2109.7769036246136
132478.0 2109.7769036246136
132522.0 1876.9222824683707
136395.0 1876.9222824683707
136533.0 1608.6032843560934
141161.0 1608.6032843560934
141219.0 1688.2005899705014
145287.0 1688.2005899705014
145434.0 1383.272604588394
151362.0 1383.272604588394
151437.0 2178.8690842040564
154691.0 2178.8690842040564
154818.0 2795.757445281665
157605.0 2795.757445281665
157910.0 2212.2122260668975
161378.0 2212.2122260668975
161440.0 1371.8372620918456
167167.0 1371.8372620918456
167226.0 1609.5519496246066
171355.0 1609.5519496246066
171429.0 1468.7548806941431
176039.0 1468.7548806941431
176142.0 1012.4260355029586
180874.0 1012.4260355029586
