11.0 3857.846153846154
388.0 3857.846153846154
511.0 3877.3831775700933
832.0 3877.3831775700933
911.0 3884.9166666666665
1199.0 3884.9166666666665
1313.0 3814.0149625935164
2115.0 3814.0149625935164
2210.0 3795.3317467872444
4311.0 3795.3317467872444
4410.0 3789.748078060319
6101.0 3789.748078060319
6210.0 3971.5570175438597
8034.0 3971.5570175438597
8111.0 4155.449308233159
12520.0 4155.449308233159
12612.0 4066.209693372898
16656.0 4066.209693372898
16711.0 4080.32165530214
20964.0 4080.32165530214
21013.0 3977.167429094236
25385.0 3977.167429094236
25511.0 3822.64
29911.0 3822.64
30011.0 3996.3156228803978
34434.0 3996.3156228803978
34510.0 4102.548568852829
38947.0 4102.548568852829
39010.0 4122.094552929086
42902.0 4122.094552929086
43203.0 4111.715377268386
47391.0 4111.715377268386
47509.0 4144.233484162896
51929.0 4144.233484162896
52010.0 4096.493286921929
56032.0 4096.493286921929
56109.0 4134.467768210379
60406.0 4134.467768210379
60510.0 4022.8099790160877
64799.0 4022.8099790160877
64912.0 3647.3366115333033
69386.0 3647.3366115333033
69513.0 3953.622161671208
73917.0 3953.622161671208
74010.0 3520.6117274167987
79058.0 3520.6117274167987
79113.0 3542.590987868284
83729.0 3542.590987868284
84003.0 3987.763847731935
88390.0 3987.763847731935
88507.0 4099.768257059396
92615.0 4099.768257059396
92708.0 3940.1118421052633
97572.0 3940.1118421052633
97612.0 3902.147909967846
101655.0 3902.147909967846
101711.0 4081.4799235181645
105895.0 4081.4799235181645
106013.0 4051.748186285982
110286.0 4051.748186285982
110412.0 4115.273612463486
114520.0 4115.273612463486
114610.0 4126.516810758886
118774.0 4126.516810758886
118812.0 4126.316384180791
123060.0 4126.316384180791
123302.0 4125.865584122688
127736.0 4125.865584122688
127809.0 4100.909817858729
132311.0 4100.909817858729
132409.0 4087.6034318398474
136605.0 4087.6034318398474
136712.0 4103.192091904889
140455.0 4103.192091904889
140509.0 4123.796447431589
144675.0 4123.796447431589
144809.0 4163.648780487805
148909.0 4163.648780487805
149011.0 4147.091787439614
153151.0 4147.091787439614
153212.0 4187.57327080891
155771.0 4187.57327080891
155809.0 4164.570848146267
157778.0 4164.570848146267
157809.0 4160.821596244132
159513.0 4160.821596244132
159608.0 4096.622502628812
161510.0 4096.622502628812
161610.0 3985.4296103896104
163535.0 3985.4296103896104
163611.0 3838.0615534929166
165658.0 3838.0615534929166
165711.0 3691.5576470588235
169961.0 3691.5576470588235
170013.0 3784.8728869374313
174568.0 3784.8728869374313
174610.0 4103.493381037567
177405.0 4103.493381037567
