5.0 8555.341176470589
175.0 8555.341176470589
206.0 8486.489361702128
582.0 8486.489361702128
608.0 8419.865707434054
1442.0 8419.865707434054
1502.0 8436.393220338983
2387.0 8436.393220338983
2504.0 8426.626415094339
4624.0 8426.626415094339
4704.0 8418.970189701897
6549.0 8418.970189701897
6601.0 7813.617021276596
8810.0 7813.617021276596
8905.0 5796.069598228409
12066.0 5796.069598228409
12109.0 4715.730427301405
15596.0 4715.730427301405
15708.0 4045.13006993007
19998.0 4045.13006993007
20111.0 4355.755511022044
24103.0 4355.755511022044
24207.0 4371.002079002079
28055.0 4371.002079002079
28300.0 4541.5477903391575
32192.0 4541.5477903391575
32310.0 5127.607887323944
35860.0 5127.607887323944
35909.0 4444.097506925208
39519.0 4444.097506925208
39609.0 4387.226496815287
43534.0 4387.226496815287
43611.0 4107.065470852018
48071.0 4107.065470852018
48111.0 4205.23124042879
52029.0 4205.23124042879
52109.0 4217.9031339031335
56321.0 4217.9031339031335
56413.0 4243.44121987211
60479.0 4243.44121987211
60510.0 4319.265219692959
64288.0 4319.265219692959
64601.0 4239.530557584611
68708.0 4239.530557584611
68810.0 4208.394032678191
73033.0 4208.394032678191
73110.0 4375.8629917045755
76847.0 4375.8629917045755
76909.0 4565.323590814196
80741.0 4565.323590814196
80810.0 4049.494590045684
84969.0 4049.494590045684
85012.0 4787.585311016737
89015.0 4787.585311016737
89109.0 4427.837215829357
92672.0 4427.837215829357
92710.0 4160.027283800244
96815.0 4160.027283800244
96909.0 4036.63324784332
101198.0 4036.63324784332
101502.0 4236.9784461152885
105492.0 4236.9784461152885
105604.0 5246.6613740458015
108879.0 5246.6613740458015
108910.0 4294.118569328761
112992.0 4294.118569328761
113110.0 4469.603713657464
117203.0 4469.603713657464
117311.0 4201.705962676377
121705.0 4201.705962676377
121809.0 4474.715366553613
125642.0 4474.715366553613
125711.0 4682.392682926829
128991.0 4682.392682926829
129112.0 4366.989323843416
133046.0 4366.989323843416
133110.0 4302.157258064516
137078.0 4302.157258064516
137303.0 4292.24
141303.0 4292.24
141406.0 4243.50389937107
145381.0 4243.50389937107
145412.0 4215.2841292812345
149558.0 4215.2841292812345
149613.0 4218.544731610338
153637.0 4218.544731610338
153710.0 4166.349683172964
157971.0 4166.349683172964
158013.0 4275.553319919517
161989.0 4275.553319919517
162110.0 4361.089056054356
166231.0 4361.089056054356
166313.0 4448.29033172668
169840.0 4448.29033172668
169910.0 4393.500509683996
173834.0 4393.500509683996
174101.0 4554.910246227165
176619.0 4554.910246227165
