17.0 2654.029197080292
565.0 2654.029197080292
621.0 2699.8698481561823
1082.0 2699.8698481561823
1119.0 2663.942857142857
1539.0 2663.942857142857
1620.0 2685.6501079913605
2083.0 2685.6501079913605
2124.0 2638.2115384615386
3372.0 2638.2115384615386
3422.0 2622.1211129296235
5866.0 2622.1211129296235
5919.0 2613.3189033189033
8691.0 2613.3189033189033
8822.0 2428.8279415974807
12315.0 2428.8279415974807
12420.0 2311.9837343273466
15371.0 2311.9837343273466
15422.0 2235.811620795107
18692.0 2235.811620795107
18823.0 2206.1478873239435
22231.0 2206.1478873239435
22323.0 2343.366538952746
25455.0 2343.366538952746
25516.0 2682.297450424929
28340.0 2682.297450424929
28607.0 2660.1321783766443
31724.0 2660.1321783766443
31816.0 2669.800162469537
34278.0 2669.800162469537
34315.0 2706.251374129718
37044.0 2706.251374129718
37117.0 2711.638148667602
39969.0 2711.638148667602
40014.0 2718.999232540292
42620.0 2718.999232540292
42716.0 2722.8339076498964
45618.0 2722.8339076498964
45721.0 2711.16153362665
52085.0 2711.16153362665
52218.0 2698.5586241111296
58265.0 2698.5586241111296
58321.0 2676.672098385857
64826.0 2676.672098385857
64919.0 2685.8165331721325
71536.0 2685.8165331721325
71619.0 2681.633322400787
77717.0 2681.633322400787
77820.0 2674.563522397187
84361.0 2674.563522397187
84418.0 2701.6118062239334
90652.0 2701.6118062239334
90718.0 2696.5535378835316
93912.0 2696.5535378835316
94020.0 2698.2099644128116
96268.0 2698.2099644128116
96315.0 2693.7985462097613
99204.0 2693.7985462097613
99318.0 2689.110575266965
102221.0 2689.110575266965
102317.0 2681.28626247122
104923.0 2681.28626247122
105019.0 2681.9894625922025
107866.0 2681.9894625922025
107917.0 2677.948562783661
110561.0 2677.948562783661
110618.0 2662.3696560591447
113729.0 2662.3696560591447
114006.0 2662.4871878040867
117089.0 2662.4871878040867
117218.0 2721.2742342342344
119993.0 2721.2742342342344
120116.0 2730.1947565543073
122252.0 2730.1947565543073
122316.0 2729.4423845874226
125067.0 2729.4423845874226
125118.0 2659.0280373831774
131538.0 2659.0280373831774
131622.0 2662.2670181423478
138071.0 2662.2670181423478
138119.0 2668.9759493670886
144439.0 2668.9759493670886
144519.0 2675.9405910274077
151050.0 2675.9405910274077
151121.0 2688.9630920323143
157434.0 2688.9630920323143
157707.0 2698.9179078628335
160594.0 2698.9179078628335
160720.0 2698.5409778403096
163563.0 2698.5409778403096
163619.0 2699.8323024054985
166529.0 2699.8323024054985
166620.0 2700.46322633076
169081.0 2700.46322633076
169120.0 2695.4458598726114
171632.0 2695.4458598726114
171720.0 2702.086858432036
173493.0 2702.086858432036
