82.0 585.7462746677406
2565.0 585.7462746677406
2711.0 700.2859189227904
9692.0 700.2859189227904
9830.0 1529.425613079019
11665.0 1529.425613079019
11735.0 1544.0888440181727
13716.0 1544.0888440181727
13814.0 3144.4864539434075
15475.0 3144.4864539434075
15518.0 2887.99639477242
17737.0 2887.99639477242
17809.0 3798.699528054536
19716.0 3798.699528054536
19810.0 2566.2117362371446
23116.0 2566.2117362371446
23217.0 1985.6414435389988
26653.0 1985.6414435389988
26715.0 2525.4245250431777
29610.0 2525.4245250431777
29708.0 5464.063953488372
31084.0 5464.063953488372
31106.0 5641.371252882398
32407.0 5641.371252882398
32507.0 4301.424190800682
34268.0 4301.424190800682
34502.0 3698.3193577163247
36744.0 3698.3193577163247
36806.0 8819.786695986806
38625.0 8819.786695986806
38703.0 9228.22293676313
40569.0 9228.22293676313
40604.0 7689.971452560873
42986.0 7689.971452560873
43105.0 5809.624823695345
45941.0 5809.624823695345
46007.0 5697.821680564464
49125.0 5697.821680564464
49207.0 5699.97753551371
52234.0 5699.97753551371
52305.0 4984.173488087966
55579.0 4984.173488087966
55611.0 4242.62962962963
59715.0 4242.62962962963
60001.0 4238.504173622705
64194.0 4238.504173622705
64311.0 3929.968757510214
68472.0 3929.968757510214
68510.0 7409.707750952986
70871.0 7409.707750952986
70904.0 7438.978798586572
73168.0 7438.978798586572
73204.0 7433.942591155935
75782.0 7433.942591155935
75907.0 7438.181989627534
78028.0 7438.181989627534
78106.0 8534.188905547226
80107.0 8534.188905547226
80202.0 7271.364972700546
82583.0 7271.364972700546
82706.0 6653.106650924833
85247.0 6653.106650924833
85498.0 6641.985311171241
88085.0 6641.985311171241
88207.0 6642.134141720348
90846.0 6642.134141720348
90906.0 2279.637133956386
98931.0 2279.637133956386
99025.0 1741.0690305545077
109629.0 1741.0690305545077
109717.0 2701.887838689351
116065.0 2701.887838689351
116118.0 3570.0251046025105
120420.0 3570.0251046025105
120513.0 3567.220930232558
125329.0 3567.220930232558
125412.0 3496.714461286358
130294.0 3496.714461286358
130411.0 3179.437037037037
135811.0 3179.437037037037
136104.0 2709.707309236948
142329.0 2709.707309236948
142425.0 1421.8996013343096
154716.0 1421.8996013343096
154813.0 3282.1778808971385
159985.0 3282.1778808971385
160115.0 2273.6700819672133
167923.0 2273.6700819672133
168016.0 4390.392561983471
171888.0 4390.392561983471
172007.0 4206.940074906367
176279.0 4206.940074906367
176311.0 6815.430060816681
178613.0 6815.430060816681
178707.0 8965.208528341134
180630.0 8965.208528341134
180705.0 7998.092050209205
182139.0 7998.092050209205
