22.0 1545.5982996811902
963.0 1545.5982996811902
1031.0 1561.6562107904642
1828.0 1561.6562107904642
1930.0 1558.2952646239555
2648.0 1558.2952646239555
2726.0 1564.0955974842768
3521.0 1564.0955974842768
3623.0 1551.0510083036772
4466.0 1551.0510083036772
4537.0 1311.6376737004632
6480.0 1311.6376737004632
6554.0 1637.0892655367231
10979.0 1637.0892655367231
11032.0 667.392699811202
23744.0 667.392699811202
23866.0 785.4592833876221
25401.0 785.4592833876221
25557.0 746.3715627095909
27048.0 746.3715627095909
27173.0 676.2336114421931
28851.0 676.2336114421931
29138.0 595.4165872259294
31236.0 595.4165872259294
31427.0 596.6810810810811
36607.0 596.6810810810811
36930.0 993.5025728987993
40428.0 993.5025728987993
40547.0 996.8473197781885
43252.0 996.8473197781885
43348.0 991.106901217862
46304.0 991.106901217862
46455.0 779.8318039729756
56372.0 779.8318039729756
56453.0 1104.6664198445021
59154.0 1104.6664198445021
59241.0 1156.5314685314686
60385.0 1156.5314685314686
60440.0 1202.1011139674379
62774.0 1202.1011139674379
62833.0 810.180826896865
71637.0 810.180826896865
71709.0 4093.1162292447775
73576.0 4093.1162292447775
73609.0 3925.0927521540802
75582.0 3925.0927521540802
75611.0 2969.596602972399
77966.0 2969.596602972399
78204.0 3735.7295891835674
80127.0 3735.7295891835674
80209.0 4115.547984099943
81970.0 4115.547984099943
82008.0 3918.4676979071883
84206.0 3918.4676979071883
84316.0 3092.1960015680124
89418.0 3092.1960015680124
89511.0 4095.1827338129497
93681.0 4095.1827338129497
93713.0 3578.5696568830094
98551.0 3578.5696568830094
98606.0 5564.695194206715
101644.0 5564.695194206715
101703.0 6709.416634127294
104264.0 6709.416634127294
104304.0 7558.685640362225
106623.0 7558.685640362225
106701.0 5570.672350791718
109985.0 5570.672350791718
110106.0 5187.495363866255
113665.0 5187.495363866255
113899.0 5393.579874213837
117079.0 5393.579874213837
117106.0 5492.935622317596
119902.0 5492.935622317596
120006.0 5975.560347826087
122881.0 5975.560347826087
122905.0 5872.363261093911
125812.0 5872.363261093911
125905.0 5713.464226289518
128910.0 5713.464226289518
129005.0 5906.137254901961
131861.0 5906.137254901961
131907.0 5783.113170086036
134929.0 5783.113170086036
135005.0 5576.683311432326
138049.0 5576.683311432326
138105.0 5546.021868166198
141306.0 5546.021868166198
141599.0 6627.5243664717345
144164.0 6627.5243664717345
144204.0 7100.769656262347
146735.0 7100.769656262347
146804.0 6145.366235801019
149357.0 6145.366235801019
149404.0 6893.281087564974
151905.0 6893.281087564974
152006.0 6447.028667790893
153785.0 6447.028667790893
