13.0 3351.1705069124423
447.0 3351.1705069124423
517.0 3345.8064516129034
889.0 3345.8064516129034
1015.0 3370.0481927710844
1347.0 3370.0481927710844
1420.0 3306.854054054054
2345.0 3306.854054054054
2413.0 3312.3621730382292
3407.0 3312.3621730382292
3516.0 3294.8401028277635
5461.0 3294.8401028277635
5513.0 3295.7779799818018
7711.0 3295.7779799818018
7816.0 3292.1598758246023
10393.0 3292.1598758246023
10517.0 2592.425035472174
16860.0 2592.425035472174
16946.0 1663.497699386503
27378.0 1663.497699386503
27543.0 1338.0587293112653
33162.0 1338.0587293112653
33250.0 754.9294383871631
42972.0 754.9294383871631
43029.0 1638.175796178344
43814.0 1638.175796178344
43925.0 1469.2625127681308
44904.0 1469.2625127681308
45046.0 1034.5410895660202
46129.0 1034.5410895660202
46247.0 2138.475912408759
47617.0 2138.475912408759
47717.0 2593.574123989218
48830.0 2593.574123989218
48918.0 2594.5252173913045
50068.0 2594.5252173913045
50117.0 2762.8195804195802
52977.0 2762.8195804195802
53010.0 4191.7413499716395
54773.0 4191.7413499716395
54831.0 1341.6249280605114
66994.0 1341.6249280605114
67139.0 1129.9494307260093
73902.0 1129.9494307260093
74052.0 1950.8796433878158
76744.0 1950.8796433878158
76819.0 2593.9910979228484
79515.0 2593.9910979228484
79621.0 1360.569696969697
84901.0 1360.569696969697
85023.0 1494.3257731958763
89873.0 1494.3257731958763
90106.0 839.6989373111046
100363.0 839.6989373111046
100443.0 695.3765258215963
103638.0 695.3765258215963
103816.0 494.6977606177606
110291.0 494.6977606177606
110435.0 1323.2319644839067
111336.0 1323.2319644839067
111436.0 472.38109527381846
114102.0 472.38109527381846
114316.0 391.6394156046006
117533.0 391.6394156046006
117739.0 537.2565825313237
123246.0 537.2565825313237
123382.0 622.0513796384396
125484.0 622.0513796384396
125581.0 1214.753598645216
126762.0 1214.753598645216
126838.0 1234.857142857143
127874.0 1234.857142857143
127944.0 1039.3682132280355
128957.0 1039.3682132280355
129050.0 1047.6349148859108
131811.0 1047.6349148859108
131943.0 607.2949039264829
143913.0 607.2949039264829
144083.0 563.0821210699203
146214.0 563.0821210699203
146386.0 566.6558161799904
148475.0 566.6558161799904
148582.0 597.4528233151184
162307.0 597.4528233151184
162515.0 407.3211781206171
165367.0 407.3211781206171
165516.0 539.3176838810641
168072.0 539.3176838810641
168134.0 1384.6632124352332
169099.0 1384.6632124352332
169231.0 1388.8416485900218
170153.0 1388.8416485900218
170231.0 959.9217107647698
172990.0 959.9217107647698
173156.0 1078.865519439133
179432.0 1078.865519439133
179539.0 535.4644014753549
188486.0 535.4644014753549
