14.0 3261.0044843049327
460.0 3261.0044843049327
515.0 3275.3684210526317
895.0 3275.3684210526317
1011.0 3271.5087719298244
1353.0 3271.5087719298244
1416.0 3223.2244467860905
2365.0 3223.2244467860905
2413.0 3218.4633431085044
3436.0 3218.4633431085044
3518.0 2781.4513888888887
5822.0 2781.4513888888887
5923.0 2557.95197740113
8755.0 2557.95197740113
8821.0 1423.4724832214765
14781.0 1423.4724832214765
14917.0 1779.980172188886
18750.0 1779.980172188886
18821.0 2041.067560022334
22403.0 2041.067560022334
22521.0 2447.4453125
25593.0 2447.4453125
25711.0 3227.5391380826736
27985.0 3227.5391380826736
28113.0 2880.155133079848
30743.0 2880.155133079848
30997.0 4325.316640584247
32914.0 4325.316640584247
33005.0 4318.691195795007
34527.0 4318.691195795007
34609.0 3010.465734265734
40329.0 3010.465734265734
40419.0 1830.469871090237
50426.0 1830.469871090237
50531.0 3297.060357901122
53828.0 3297.060357901122
53910.0 4367.973466003316
55719.0 4367.973466003316
55808.0 4222.88
57558.0 4222.88
57610.0 4128.050594485201
61563.0 4128.050594485201
61613.0 4321.606353933978
65642.0 4321.606353933978
65708.0 4240.526843235504
69899.0 4240.526843235504
70200.0 4023.76968503937
74264.0 4023.76968503937
74309.0 2697.6592135697765
80794.0 2697.6592135697765
80921.0 1589.6033978291648
91516.0 1589.6033978291648
91627.0 1202.5679977659872
98789.0 1202.5679977659872
98936.0 967.5508055511245
105205.0 967.5508055511245
105367.0 881.6867602532343
109000.0 881.6867602532343
109150.0 1112.136063866713
112031.0 1112.136063866713
112127.0 2605.221818181818
113227.0 2605.221818181818
113319.0 3668.4719358533794
114192.0 3668.4719358533794
114342.0 4238.785100286533
115040.0 4238.785100286533
115109.0 4247.50358974359
117059.0 4247.50358974359
117301.0 4354.614323607427
119186.0 4354.614323607427
119309.0 4181.359911406423
121115.0 4181.359911406423
121212.0 4116.389171803806
124943.0 4116.389171803806
125011.0 4146.689838281439
129154.0 4146.689838281439
129209.0 4178.937576499388
133294.0 4178.937576499388
133411.0 4289.023232575569
137414.0 4289.023232575569
137514.0 4242.43661971831
141490.0 4242.43661971831
141613.0 4334.466269841269
145645.0 4334.466269841269
145711.0 4224.844201095072
149729.0 4224.844201095072
149810.0 3806.349914236707
154474.0 3806.349914236707
154704.0 3580.3706823925863
159452.0 3580.3706823925863
159514.0 3942.103092783505
164073.0 3942.103092783505
164111.0 4138.517541545766
167902.0 4138.517541545766
168009.0 4255.763021476178
172060.0 4255.763021476178
172112.0 4205.817381738174
174839.0 4205.817381738174
