10.0 4559.272727272727
329.0 4559.272727272727
414.0 4500.592383638928
1123.0 4500.592383638928
1212.0 4500.894581280788
2227.0 4500.894581280788
2309.0 4500.408014571949
3407.0 4500.408014571949
3512.0 3501.9727711901623
5789.0 3501.9727711901623
5915.0 2509.1871574001566
8469.0 2509.1871574001566
8509.0 3413.8171536286522
10631.0 3413.8171536286522
10714.0 3392.201519392243
13215.0 3392.201519392243
13320.0 3408.0315025906734
18145.0 3408.0315025906734
18212.0 4034.7844687282027
22513.0 4034.7844687282027
22607.0 5168.898929845422
25971.0 5168.898929845422
26009.0 5284.202324850769
29192.0 5284.202324850769
29305.0 5895.831887925284
32303.0 5895.831887925284
32404.0 5894.756476683938
35492.0 5894.756476683938
35609.0 5398.113055181696
38581.0 5398.113055181696
38607.0 5097.650680876258
41985.0 5097.650680876258
42300.0 5110.912946428572
45884.0 5110.912946428572
46006.0 5354.597335066624
49083.0 5354.597335066624
49206.0 5354.372513562387
52524.0 5354.372513562387
52606.0 5343.397956023537
55835.0 5343.397956023537
55906.0 5325.778067885118
58970.0 5325.778067885118
59005.0 5326.323646375038
62274.0 5326.323646375038
62307.0 5324.160575194727
65645.0 5324.160575194727
65707.0 5326.5798045602605
68777.0 5326.5798045602605
68806.0 5275.729794933655
72122.0 5275.729794933655
72401.0 4910.159766763848
75831.0 4910.159766763848
75910.0 4912.766982824916
79811.0 4912.766982824916
79908.0 5053.29404228059
83030.0 5053.29404228059
83106.0 5097.585671641791
86456.0 5097.585671641791
86508.0 5096.591109802767
89905.0 5096.591109802767
90008.0 5044.925096985974
93359.0 5044.925096985974
93407.0 5044.8667058132705
96813.0 5044.8667058132705
96908.0 5092.560139453806
100350.0 5092.560139453806
100408.0 5146.016315049226
103963.0 5146.016315049226
104200.0 5149.873361227336
107785.0 5149.873361227336
107908.0 5235.526251526251
111184.0 5235.526251526251
111307.0 5231.010899182561
114243.0 5231.010899182561
114307.0 5185.552671294899
117620.0 5185.552671294899
117706.0 5050.579881656805
121086.0 5050.579881656805
121207.0 5054.153664998528
124604.0 5054.153664998528
124707.0 5062.403361344538
128039.0 5062.403361344538
128108.0 5074.497096399536
131552.0 5074.497096399536
131608.0 5065.778573560131
134959.0 5065.778573560131
135200.0 5013.503530076249
138741.0 5013.503530076249
138807.0 5014.6312684365785
142197.0 5014.6312684365785
142308.0 5069.689139633287
145853.0 5069.689139633287
145907.0 5102.152845528455
148982.0 5102.152845528455
149008.0 5105.151317737637
152385.0 5105.151317737637
152508.0 5187.36499321574
154719.0 5187.36499321574
