24.0 1936.6284953395473
775.0 1936.6284953395473
824.0 1963.1545741324921
1458.0 1963.1545741324921
1524.0 1959.4676007005253
2095.0 1959.4676007005253
2225.0 1952.0502354788068
2862.0 1952.0502354788068
2931.0 1922.059544658494
4644.0 1922.059544658494
4732.0 1914.1170848267623
8080.0 1914.1170848267623
8121.0 1981.9753761969905
11776.0 1981.9753761969905
11819.0 3003.1490265486727
14644.0 3003.1490265486727
14712.0 3463.281218274112
16682.0 3463.281218274112
16708.0 4054.9661674986132
18511.0 4054.9661674986132
18614.0 3422.195630781342
23695.0 3422.195630781342
23817.0 3242.023130300694
29005.0 3242.023130300694
29115.0 3449.590944574551
34239.0 3449.590944574551
34314.0 3941.75140753573
38932.0 3941.75140753573
39012.0 3936.0137389597644
43088.0 3936.0137389597644
43210.0 4002.7577870757787
47512.0 4002.7577870757787
47616.0 3525.988835418672
52811.0 3525.988835418672
52913.0 3743.7164280845263
57314.0 3743.7164280845263
57604.0 3401.4566341183227
62827.0 3401.4566341183227
62915.0 3627.0405717889425
67672.0 3627.0405717889425
67714.0 3847.7208205611882
71955.0 3847.7208205611882
72014.0 3887.003051881994
73980.0 3887.003051881994
74014.0 3885.7039638735573
76007.0 3885.7039638735573
76114.0 3900.3904071388733
77907.0 3900.3904071388733
78012.0 1625.8661710037175
88772.0 1625.8661710037175
88814.0 3875.657754010695
90684.0 3875.657754010695
90709.0 3587.1686797167845
93110.0 3587.1686797167845
93216.0 3280.462952947539
95065.0 3280.462952947539
95115.0 4057.5516162669446
97033.0 4057.5516162669446
97109.0 4028.1805490926013
101407.0 4028.1805490926013
101513.0 3043.8501980554556
107067.0 3043.8501980554556
107118.0 2905.93877896161
113031.0 2905.93877896161
113120.0 3707.4010152284263
117848.0 3707.4010152284263
117914.0 3513.36431726522
123121.0 3513.36431726522
123217.0 3963.2844341188184
126230.0 3963.2844341188184
126313.0 3839.11337061515
128280.0 3839.11337061515
128313.0 4183.4261119081775
129707.0 4183.4261119081775
130002.0 3933.9903824135563
134369.0 3933.9903824135563
134413.0 4028.0698442661633
138651.0 4028.0698442661633
138713.0 4187.5512195121955
142813.0 4187.5512195121955
142913.0 3954.038443506798
147179.0 3954.038443506798
147212.0 3816.6778772657785
151791.0 3816.6778772657785
151913.0 3784.9328874024527
156398.0 3784.9328874024527
156515.0 3835.9585133967157
161143.0 3835.9585133967157
161216.0 3593.2361023039525
165947.0 3593.2361023039525
166016.0 3601.6128256513025
171006.0 3601.6128256513025
171306.0 3641.8570102135564
175614.0 3641.8570102135564
175718.0 3791.531999120299
180265.0 3791.531999120299
180313.0 3795.2561217736597
183335.0 3795.2561217736597
