12.0 3224.8514412416853
463.0 3224.8514412416853
516.0 3241.25
900.0 3241.25
1017.0 3189.2
1897.0 3189.2
2014.0 3176.365524402908
2977.0 3176.365524402908
3014.0 3193.4898157129
4045.0 3193.4898157129
4116.0 3175.651139742319
6134.0 3175.651139742319
6212.0 2453.970189701897
9164.0 2453.970189701897
9219.0 1948.976797610843
13572.0 1948.976797610843
13629.0 1756.6076210092688
17513.0 1756.6076210092688
17631.0 1706.2086347724621
21916.0 1706.2086347724621
22027.0 1814.760318609703
26170.0 1814.760318609703
26220.0 2202.047404740474
29553.0 2202.047404740474
29614.0 3058.057327412192
32091.0 3058.057327412192
32405.0 5058.957901159243
34044.0 5058.957901159243
34106.0 6741.587692307692
35081.0 6741.587692307692
35106.0 6865.974481658693
37614.0 6865.974481658693
37710.0 4567.958104738154
41720.0 4567.958104738154
41807.0 4245.322339603195
45688.0 4245.322339603195
45809.0 3440.985473561883
50972.0 3440.985473561883
51013.0 4383.595528455285
54949.0 4383.595528455285
55009.0 4186.296562339661
58907.0 4186.296562339661
59013.0 3538.254826254826
63934.0 3538.254826254826
64008.0 6541.055576002945
66725.0 6541.055576002945
66997.0 5485.608856088561
69978.0 5485.608856088561
70009.0 4211.439576311988
74163.0 4211.439576311988
74208.0 3989.068687825675
78430.0 3989.068687825675
78515.0 3044.4327243844323
84810.0 3044.4327243844323
84913.0 3043.8711171136406
90096.0 3043.8711171136406
90216.0 2976.1087486929246
95954.0 2976.1087486929246
96016.0 2181.592741935484
103952.0 2181.592741935484
104027.0 2462.570138383103
110892.0 2462.570138383103
111014.0 2363.207889546351
116084.0 2363.207889546351
116232.0 2945.297836938436
118636.0 2945.297836938436
118707.0 5183.123904881101
120305.0 5183.123904881101
120406.0 6031.188831741367
121767.0 6031.188831741367
121806.0 4157.959757575758
125931.0 4157.959757575758
126011.0 3504.049281314168
130394.0 3504.049281314168
130513.0 3147.048177321854
135972.0 3147.048177321854
136020.0 2437.315819531696
143024.0 2437.315819531696
143309.0 2438.76
147909.0 2438.76
148028.0 2509.8129496402876
149835.0 2509.8129496402876
149916.0 3080.4057099924867
152578.0 3080.4057099924867
152616.0 3078.6105080330003
154919.0 3078.6105080330003
155015.0 3080.9711348359037
157544.0 3080.9711348359037
157616.0 2982.8740279937792
160188.0 2982.8740279937792
160317.0 2921.722573447378
163006.0 2921.722573447378
163115.0 2923.81874175099
165388.0 2923.81874175099
165517.0 2921.035375323555
167835.0 2921.035375323555
167919.0 3030.234029095509
169500.0 3030.234029095509
