20.0 2092.673381294964
715.0 2092.673381294964
831.0 2127.5897435897436
1416.0 2127.5897435897436
1518.0 2123.066413662239
2045.0 2123.066413662239
2126.0 2107.5525423728814
2716.0 2107.5525423728814
2825.0 2108.9290322580646
3445.0 2108.9290322580646
3520.0 2674.199370409234
4473.0 2674.199370409234
4527.0 2022.3197132616488
5922.0 2022.3197132616488
6023.0 2002.8083097261567
10259.0 2002.8083097261567
10320.0 2505.568857877341
13043.0 2505.568857877341
13120.0 2190.83550056811
21041.0 2190.83550056811
21120.0 3678.480220012693
25847.0 3678.480220012693
25911.0 2623.5557635314303
32322.0 2623.5557635314303
32427.0 1641.6554286245007
43194.0 1641.6554286245007
43316.0 3502.527388535032
44886.0 3502.527388535032
45011.0 3511.24358974359
46883.0 3511.24358974359
47203.0 3323.7443744374436
49425.0 3323.7443744374436
49513.0 3223.673197165486
51912.0 3223.673197165486
52017.0 3226.6448087431695
54213.0 3226.6448087431695
54312.0 3133.0943695479777
56834.0 3133.0943695479777
56913.0 3052.474184221396
59334.0 3052.474184221396
59414.0 2885.4498381877024
61886.0 2885.4498381877024
62027.0 2017.5842410196988
70657.0 2017.5842410196988
70717.0 3181.6795398520953
73151.0 3181.6795398520953
73212.0 3406.429615197272
75265.0 3406.429615197272
75504.0 3403.035528185694
77615.0 3403.035528185694
77712.0 4120.227401932916
79471.0 4120.227401932916
79511.0 4643.7373394717715
83638.0 4643.7373394717715
83714.0 3443.121780881711
88296.0 3443.121780881711
88422.0 2249.6261362139376
96013.0 2249.6261362139376
96302.0 4274.844444444445
100352.0 4274.844444444445
100409.0 4343.664953751285
104301.0 4343.664953751285
104409.0 4221.822113022113
108479.0 4221.822113022113
108613.0 3955.0072202166066
113045.0 3955.0072202166066
113114.0 3836.0427762633676
117883.0 3836.0427762633676
118012.0 4100.909817858729
122514.0 4100.909817858729
122613.0 4585.985026737968
126353.0 4585.985026737968
126413.0 4188.232342514317
130080.0 4188.232342514317
130213.0 2898.555086890501
136140.0 2898.555086890501
136405.0 2863.2941965783293
142367.0 2863.2941965783293
142418.0 3221.797710639895
147747.0 3221.797710639895
147817.0 3046.402022756005
153354.0 3046.402022756005
153416.0 2742.488294314381
156406.0 2742.488294314381
156518.0 2729.0377213240954
159116.0 2729.0377213240954
159219.0 2674.5065824117955
161118.0 2674.5065824117955
161220.0 2658.3340263340265
164106.0 2658.3340263340265
164217.0 2660.518794446326
167170.0 2660.518794446326
167217.0 2548.2515337423315
169825.0 2548.2515337423315
169924.0 1649.0404286410132
174030.0 1649.0404286410132
174129.0 1851.1591962905718
176717.0 1851.1591962905718
