36.0 1117.9154496541123
1337.0 1117.9154496541123
1444.0 1132.5204731574158
2543.0 1132.5204731574158
2639.0 1131.3003033367038
3628.0 1131.3003033367038
3747.0 1132.4735883424407
4845.0 1132.4735883424407
4942.0 1125.2461273666092
6104.0 1125.2461273666092
6241.0 1141.5954802259887
7126.0 1141.5954802259887
7251.0 1156.6773267732676
9690.0 1156.6773267732676
9852.0 1076.0903094875698
17736.0 1076.0903094875698
17846.0 1059.2553951249806
24287.0 1059.2553951249806
24443.0 1030.6038906117847
31537.0 1030.6038906117847
31644.0 1146.4702653247941
38202.0 1146.4702653247941
38525.0 1191.969465648855
39573.0 1191.969465648855
39642.0 1236.5076923076922
40682.0 1236.5076923076922
40740.0 1197.6752706078269
41941.0 1197.6752706078269
42222.0 1171.3605560382277
44524.0 1171.3605560382277
44637.0 1159.3636723387415
47164.0 1159.3636723387415
47245.0 1172.6986721144024
48224.0 1172.6986721144024
48339.0 1179.7722277722278
54345.0 1179.7722277722278
54436.0 1177.068970653955
61149.0 1177.068970653955
61237.0 1132.2261375823502
67764.0 1132.2261375823502
67845.0 1166.2576847612818
73961.0 1166.2576847612818
74041.0 1109.121625544267
80931.0 1109.121625544267
81038.0 1225.622429906542
82108.0 1225.622429906542
82246.0 1149.5114822546973
83204.0 1149.5114822546973
83344.0 1148.4738731551656
85851.0 1148.4738731551656
85939.0 1203.486529318542
88463.0 1203.486529318542
88544.0 1170.934341698178
91453.0 1170.934341698178
91544.0 1176.7627118644068
93432.0 1176.7627118644068
93554.0 1160.225378346915
97849.0 1160.225378346915
97942.0 1145.9906048150324
104754.0 1145.9906048150324
104845.0 1156.6681013077305
110886.0 1156.6681013077305
110936.0 1159.7241798298905
117520.0 1159.7241798298905
117642.0 1145.5259666720594
123823.0 1145.5259666720594
123945.0 1159.2474552474553
126794.0 1159.2474552474553
126937.0 1176.8859721082854
128156.0 1176.8859721082854
128247.0 1070.5539748953975
129442.0 1070.5539748953975
129546.0 1053.10045100451
131985.0 1053.10045100451
132041.0 1118.963249516441
134626.0 1118.963249516441
134737.0 1158.2727852135117
141013.0 1158.2727852135117
141136.0 1150.9919604205318
147604.0 1150.9919604205318
147746.0 1165.7783058903412
153637.0 1165.7783058903412
153739.0 1155.42341834578
160836.0 1155.42341834578
161125.0 1186.5985699693565
162104.0 1186.5985699693565
162244.0 1159.3742640874684
163433.0 1159.3742640874684
163538.0 1165.9685863874345
164684.0 1165.9685863874345
164737.0 1148.9540481400438
167479.0 1148.9540481400438
167541.0 1152.992599042229
169838.0 1152.992599042229
169942.0 1152.2216993464053
173767.0 1152.2216993464053
173839.0 1157.1980676328503
177979.0 1157.1980676328503
