15.0 3068.3713080168777
489.0 3068.3713080168777
612.0 3073.185185185185
1017.0 3073.185185185185
1116.0 3030.7732181425486
2042.0 3030.7732181425486
2117.0 3034.563492063492
3125.0 3034.563492063492
3215.0 3034.5511520737327
4300.0 3034.5511520737327
4418.0 3256.3333333333335
6386.0 3256.3333333333335
6510.0 2652.552178689125
9241.0 2652.552178689125
9335.0 1250.5742924528302
16119.0 1250.5742924528302
16241.0 2389.72469352014
19096.0 2389.72469352014
19212.0 3326.252957233849
21410.0 3326.252957233849
21516.0 3368.52688172043
23748.0 3368.52688172043
23815.0 3471.818353831599
25929.0 3471.818353831599
26014.0 3209.664406779661
28374.0 3209.664406779661
28605.0 2814.5390359809912
31551.0 2814.5390359809912
31613.0 3613.550302363936
33432.0 3613.550302363936
33512.0 4425.5625803135445
37403.0 4425.5625803135445
37509.0 4439.532719340766
41635.0 4439.532719340766
41710.0 4491.847328244275
45378.0 4491.847328244275
45410.0 4549.502688860435
49315.0 4549.502688860435
49408.0 4552.462269129288
53198.0 4552.462269129288
53309.0 4462.17774131802
56966.0 4462.17774131802
57010.0 4416.984271943176
60952.0 4416.984271943176
61010.0 4428.6189882880635
65023.0 4428.6189882880635
65302.0 4571.596309756779
68879.0 4571.596309756779
68908.0 4571.288215312255
72735.0 4571.288215312255
72809.0 4396.201513965022
76640.0 4396.201513965022
76709.0 4236.229885057472
81233.0 4236.229885057472
81310.0 4236.408163265306
85034.0 4236.408163265306
85109.0 4200.962361623616
89174.0 4200.962361623616
89210.0 4188.995886765062
93343.0 4188.995886765062
93410.0 4392.191218498311
97259.0 4392.191218498311
97311.0 4441.1517187903855
101180.0 4441.1517187903855
101400.0 4379.958020989505
105402.0 4379.958020989505
105509.0 4295.395163183846
109768.0 4295.395163183846
109810.0 4286.579057348503
114117.0 4286.579057348503
114211.0 4262.322067594433
118235.0 4262.322067594433
118310.0 3732.259538274605
122425.0 3732.259538274605
122514.0 3482.614230691263
127447.0 3482.614230691263
127515.0 3951.6111111111113
131835.0 3951.6111111111113
131909.0 4406.817248459959
135805.0 4406.817248459959
135911.0 4368.797720797721
139772.0 4368.797720797721
140001.0 4153.17680608365
144209.0 4153.17680608365
144311.0 4122.2496357455075
148429.0 4122.2496357455075
148511.0 4014.657620985979
152933.0 4014.657620985979
153012.0 4136.155717761557
157122.0 4136.155717761557
157212.0 4305.713464302827
161386.0 4305.713464302827
161509.0 4331.617890668139
165131.0 4331.617890668139
165210.0 4366.792299898683
169158.0 4366.792299898683
169211.0 4374.242562929062
171833.0 4374.242562929062
