8.0 5157.475177304965
290.0 5157.475177304965
409.0 5073.0047694753575
1038.0 5073.0047694753575
1108.0 5065.87725631769
1662.0 5065.87725631769
1713.0 5081.129568106312
2315.0 5081.129568106312
2412.0 5062.852063492063
3987.0 5062.852063492063
4109.0 5051.382113821138
7184.0 5051.382113821138
7311.0 4931.5085714285715
10811.0 4931.5085714285715
10919.0 2997.607329842932
17031.0 2997.607329842932
17113.0 3795.8799630655585
21445.0 3795.8799630655585
21509.0 3325.7201993100807
26727.0 3325.7201993100807
26815.0 2964.7358908780902
32680.0 2964.7358908780902
32813.0 5209.77206512425
35147.0 5209.77206512425
35209.0 4647.831711806469
39012.0 4647.831711806469
39299.0 3785.1960906633394
44108.0 3785.1960906633394
44211.0 5119.07849393746
47345.0 5119.07849393746
47410.0 4981.158229678912
50867.0 4981.158229678912
50912.0 4912.178063824082
54641.0 4912.178063824082
54711.0 4699.399885909869
58217.0 4699.399885909869
58310.0 4698.706162390902
62091.0 4698.706162390902
62212.0 4612.090884790163
65953.0 4612.090884790163
66010.0 4485.482133040132
69648.0 4485.482133040132
69710.0 4176.481650275846
73879.0 4176.481650275846
74200.0 5096.658445655291
77687.0 5096.658445655291
77808.0 5768.112874779541
80643.0 5768.112874779541
80712.0 5788.987425545996
83734.0 5788.987425545996
83809.0 5773.688035653068
86726.0 5773.688035653068
86809.0 4878.997963340123
90737.0 4878.997963340123
90813.0 4994.106995884774
93972.0 4994.106995884774
94009.0 5146.7486437613015
97327.0 5146.7486437613015
97410.0 5235.294829150287
100717.0 5235.294829150287
100807.0 5420.180827188201
103926.0 5420.180827188201
104200.0 5420.446687697161
107370.0 5420.446687697161
107411.0 4847.508849557522
111027.0 4847.508849557522
111110.0 4806.644245927483
114916.0 4806.644245927483
115010.0 4804.136351808483
118853.0 4804.136351808483
118908.0 4474.715366553613
122741.0 4474.715366553613
122810.0 3953.2169884169884
126695.0 3953.2169884169884
126812.0 3774.107205623902
131364.0 3774.107205623902
131413.0 3810.4821428571427
135893.0 3810.4821428571427
136010.0 3837.496647295485
140484.0 3837.496647295485
140800.0 4705.1403068340305
144385.0 4705.1403068340305
144512.0 4198.07062214749
148675.0 4198.07062214749
148809.0 4523.161204369838
152562.0 4523.161204369838
152606.0 4945.074094707521
156196.0 4945.074094707521
156314.0 4324.497583312134
160245.0 4324.497583312134
160310.0 4609.39933316235
164209.0 4609.39933316235
164311.0 4762.938676381299
167605.0 4762.938676381299
167710.0 5195.9300783604585
171028.0 5195.9300783604585
171110.0 5201.480272108844
173315.0 5201.480272108844
