21.0 1836.3737373737374
813.0 1836.3737373737374
931.0 1857.6716417910447
1601.0 1857.6716417910447
1727.0 1864.76
2327.0 1864.76
2428.0 1858.6786248131539
3097.0 1858.6786248131539
3228.0 1826.116472545757
5031.0 1826.116472545757
5129.0 1332.0440656828102
9940.0 1332.0440656828102
10180.0 882.4607138506517
18389.0 882.4607138506517
18585.0 1039.0564605021432
26750.0 1039.0564605021432
26828.0 1658.4319119669876
27555.0 1658.4319119669876
27629.0 1670.930930930931
28295.0 1670.930930930931
28429.0 1663.8123167155425
29111.0 1663.8123167155425
29236.0 1631.1383995973829
31223.0 1631.1383995973829
31333.0 1849.0396149574233
34034.0 1849.0396149574233
34305.0 2101.275215408008
38251.0 2101.275215408008
38327.0 1516.9739210708517
42660.0 1516.9739210708517
42729.0 4783.264248704663
44273.0 4783.264248704663
44306.0 5939.7788018433175
45608.0 5939.7788018433175
45705.0 5779.536704730832
46931.0 5779.536704730832
47010.0 3983.365022421525
51470.0 3983.365022421525
51515.0 3195.1540740740743
56915.0 3195.1540740740743
57013.0 4245.105098855359
60857.0 4245.105098855359
60915.0 3397.415024390244
66040.0 3397.415024390244
66111.0 3681.0372825186414
70939.0 3681.0372825186414
71013.0 3366.117743927542
75871.0 3366.117743927542
75913.0 3375.9783867232727
81095.0 3375.9783867232727
81213.0 3283.011306042885
86343.0 3283.011306042885
86605.0 3193.0529823392203
92607.0 3193.0529823392203
92715.0 3135.2114467408587
97747.0 3135.2114467408587
97816.0 3231.203784295175
103101.0 3231.203784295175
103215.0 3506.0996354799513
108153.0 3506.0996354799513
108213.0 2861.9509057050955
114120.0 2861.9509057050955
114216.0 2877.024868123587
116870.0 2877.024868123587
116915.0 3101.39991239597
119198.0 3101.39991239597
119317.0 3111.452118398143
121040.0 3111.452118398143
121116.0 3104.0044969083756
122895.0 3104.0044969083756
123014.0 3146.4733333333334
125414.0 3146.4733333333334
125515.0 3165.9587404994572
127357.0 3165.9587404994572
127416.0 3165.554806070826
129788.0 3165.554806070826
129914.0 4982.398903358465
131373.0 4982.398903358465
131409.0 6103.434056167793
134222.0 6103.434056167793
134310.0 7919.215023474178
136440.0 7919.215023474178
136513.0 8189.582005623242
138647.0 8189.582005623242
138707.0 7895.5460465116275
140857.0 7895.5460465116275
140908.0 5682.719590268886
144032.0 5682.719590268886
144112.0 3782.7325322652428
148606.0 3782.7325322652428
148713.0 3163.5359971835946
154394.0 3163.5359971835946
154516.0 3607.523568636468
158865.0 3607.523568636468
159102.0 4162.263640753259
163244.0 4162.263640753259
163311.0 4637.793772745653
165784.0 4637.793772745653
