29.0 1572.332972972973
954.0 1572.332972972973
1030.0 1585.5286624203823
1815.0 1585.5286624203823
1923.0 1580.3050847457628
2631.0 1580.3050847457628
2730.0 1584.020382165605
3515.0 1584.020382165605
3630.0 1588.7436208991494
4453.0 1588.7436208991494
4533.0 1459.5091164095372
7385.0 1459.5091164095372
7553.0 1216.0684908510996
13510.0 1216.0684908510996
13627.0 1073.2316255534472
21532.0 1073.2316255534472
21629.0 751.2292446597666
30711.0 751.2292446597666
30905.0 506.98861047835993
33100.0 506.98861047835993
33295.0 532.2326454033771
35427.0 532.2326454033771
35722.0 1321.8878306878307
36667.0 1321.8878306878307
36732.0 1321.6526207605343
37705.0 1321.6526207605343
37842.0 1343.3598763046
40429.0 1343.3598763046
40534.0 1425.1966173361523
42426.0 1425.1966173361523
42531.0 1535.4884696016773
44439.0 1535.4884696016773
44595.0 771.8926040523006
54614.0 771.8926040523006
54724.0 1652.0662159011424
59013.0 1652.0662159011424
59122.0 1748.1557522123894
63642.0 1748.1557522123894
63721.0 1875.6446700507615
67661.0 1875.6446700507615
67723.0 1947.2650832650834
71386.0 1947.2650832650834
71521.0 1842.2970106075218
75669.0 1842.2970106075218
75725.0 1783.147133317983
80068.0 1783.147133317983
80128.0 1699.9027710257658
84242.0 1699.9027710257658
84327.0 1960.721202003339
86723.0 1960.721202003339
86832.0 1907.733614108976
90631.0 1907.733614108976
90724.0 1878.8813263525306
95308.0 1878.8813263525306
95422.0 1878.4688758129453
98651.0 1878.4688758129453
98725.0 1884.8108500847663
102854.0 1884.8108500847663
102920.0 1895.6988829528898
107038.0 1895.6988829528898
107124.0 1901.3420408163265
110799.0 1901.3420408163265
110923.0 1824.086000955566
115109.0 1824.086000955566
115227.0 1807.1710056151098
119145.0 1807.1710056151098
119414.0 1820.7588480984832
123963.0 1820.7588480984832
124025.0 1888.3018173452956
128372.0 1888.3018173452956
129057.0 1018.68825037097
136470.0 1018.68825037097
136525.0 1731.7105263157894
137133.0 1731.7105263157894
137226.0 1710.496551724138
137806.0 1710.496551724138
137927.0 1766.8511383537652
139640.0 1766.8511383537652
139733.0 1762.2977127859017
142400.0 1762.2977127859017
142527.0 1715.184815184815
146531.0 1715.184815184815
146626.0 1684.1322653522284
151495.0 1684.1322653522284
151813.0 1889.6695095948828
155565.0 1889.6695095948828
155631.0 1948.9184592296149
159629.0 1948.9184592296149
159725.0 1949.1747967479675
163661.0 1949.1747967479675
163720.0 1818.637037037037
168040.0 1818.637037037037
168123.0 1868.9088863892014
171679.0 1868.9088863892014
171720.0 1970.5937136204889
175156.0 1970.5937136204889
175222.0 1931.774193548387
177702.0 1931.774193548387
