20.0 1926.3682119205298
775.0 1926.3682119205298
824.0 1941.7160686427458
1465.0 1941.7160686427458
1522.0 1939.0918544194108
2099.0 1939.0918544194108
2224.0 1939.8689547581903
2865.0 1939.8689547581903
2928.0 1912.01393728223
4650.0 1912.01393728223
4731.0 1903.3013260173755
6918.0 1903.3013260173755
7030.0 1898.851900393185
10845.0 1898.851900393185
10923.0 1897.1144901610019
15395.0 1897.1144901610019
15523.0 1831.5876510067114
19248.0 1831.5876510067114
19325.0 1810.1272592225798
23364.0 1810.1272592225798
23424.0 1745.2534818941504
27732.0 1745.2534818941504
27826.0 1654.1410863195854
32263.0 1654.1410863195854
32328.0 1631.095607235142
36972.0 1631.095607235142
37020.0 1897.3986270022883
41390.0 1897.3986270022883
41711.0 1730.6603475513427
45509.0 1730.6603475513427
45628.0 1583.1425509110397
50293.0 1583.1425509110397
50428.0 1783.98892733564
54763.0 1783.98892733564
54825.0 1854.4129808950536
58646.0 1854.4129808950536
58719.0 1913.2358353510897
62849.0 1913.2358353510897
62922.0 1876.5972574911123
66860.0 1876.5972574911123
66923.0 1853.6465696465696
70771.0 1853.6465696465696
70820.0 1220.7424920127796
77080.0 1220.7424920127796
77141.0 1108.0566604664473
84130.0 1108.0566604664473
84430.0 746.3607257203842
93800.0 746.3607257203842
93974.0 755.0045016077171
95529.0 755.0045016077171
95672.0 767.7705735660847
97276.0 767.7705735660847
97370.0 757.1321540062435
99292.0 757.1321540062435
99466.0 816.5656565656566
100555.0 816.5656565656566
100618.0 1898.7362181387077
102305.0 1898.7362181387077
102424.0 1893.6548463356974
104116.0 1893.6548463356974
104222.0 1900.3607427055704
105730.0 1900.3607427055704
105824.0 1908.906
109824.0 1908.906
110112.0 1910.0339897491233
113819.0 1910.0339897491233
113926.0 1876.8710627690914
118339.0 1876.8710627690914
118426.0 1700.5278640977833
123253.0 1700.5278640977833
123327.0 1562.817880794702
128159.0 1562.817880794702
128225.0 1191.3577119509703
133120.0 1191.3577119509703
133243.0 1060.1010871099816
140326.0 1060.1010871099816
140449.0 1349.4189715982923
145836.0 1349.4189715982923
145924.0 1733.3215366705472
150219.0 1733.3215366705472
150327.0 1880.5038335158818
153979.0 1880.5038335158818
154213.0 1812.5641025641025
158737.0 1812.5641025641025
158825.0 1732.6588465298144
162917.0 1732.6588465298144
163026.0 1834.6541087826702
167273.0 1834.6541087826702
167323.0 1885.9272369714847
171391.0 1885.9272369714847
171523.0 1877.751434034417
175707.0 1877.751434034417
175826.0 1875.766299745978
179369.0 1875.766299745978
179425.0 1864.2511013215858
183057.0 1864.2511013215858
183126.0 1617.966903073286
186087.0 1617.966903073286
