18.0 2268.9672386895477
659.0 2268.9672386895477
724.0 2292.1546961325967
1267.0 2292.1546961325967
1321.0 2260.3151515151517
1816.0 2260.3151515151517
1923.0 2289.974217311234
2466.0 2289.974217311234
2526.0 2236.7445652173915
3998.0 2236.7445652173915
4116.0 2243.4084507042253
5252.0 2243.4084507042253
5316.0 2230.1470355731226
6581.0 2230.1470355731226
6623.0 2888.626489615254
9560.0 2888.626489615254
9610.0 1960.1563952795327
17999.0 1960.1563952795327
18117.0 3019.0688935281837
23865.0 3019.0688935281837
23919.0 1997.034110485816
32626.0 1997.034110485816
32726.0 1582.4545062526952
37364.0 1582.4545062526952
37431.0 1572.1892901618928
42249.0 1572.1892901618928
42333.0 1538.6216366672852
47722.0 1538.6216366672852
47828.0 1790.5333696540451
51499.0 1790.5333696540451
51812.0 2145.6595002905287
55254.0 2145.6595002905287
55319.0 2110.1206002728513
58984.0 2110.1206002728513
59027.0 1577.406945681211
63519.0 1577.406945681211
63632.0 1576.6608357628766
65690.0 1576.6608357628766
65826.0 1605.4814814814815
66528.0 1605.4814814814815
66636.0 1569.0691003911343
69704.0 1569.0691003911343
69832.0 1661.2713043478261
74432.0 1661.2713043478261
74529.0 1928.3386454183267
78545.0 1928.3386454183267
78618.0 2639.0188679245284
81268.0 2639.0188679245284
81508.0 3034.984368398817
83875.0 3034.984368398817
83916.0 3160.6977758395115
86209.0 3160.6977758395115
86318.0 2847.203966942149
89343.0 2847.203966942149
89415.0 2609.972461273666
91739.0 2609.972461273666
91820.0 2610.6621938946664
94801.0 2610.6621938946664
94918.0 2599.5631035631036
97921.0 2599.5631035631036
98020.0 2426.1916666666666
100900.0 2426.1916666666666
101022.0 2405.6786389413987
104196.0 2405.6786389413987
104319.0 2406.6947654656697
107261.0 2406.6947654656697
107509.0 2370.530051516886
111003.0 2370.530051516886
111116.0 2370.3286168062373
114579.0 2370.3286168062373
114627.0 2587.028434395341
117546.0 2587.028434395341
117616.0 2687.417511520737
119786.0 2687.417511520737
119816.0 2588.3129955187865
122717.0 2588.3129955187865
122823.0 1249.2469813391876
136488.0 1249.2469813391876
136629.0 2392.228791773779
139741.0 2392.228791773779
139820.0 2377.154724818276
142709.0 2377.154724818276
142821.0 2189.596795727637
146566.0 2189.596795727637
146806.0 3725.717288491855
148709.0 3725.717288491855
148814.0 2135.318169361469
152463.0 2135.318169361469
152525.0 1492.5976653696498
157665.0 1492.5976653696498
157710.0 3755.502868068834
159802.0 3755.502868068834
159944.0 1088.7680209698558
166048.0 1088.7680209698558
166145.0 1403.5986733001657
170969.0 1403.5986733001657
171020.0 2241.834347215723
173157.0 2241.834347215723
