10.0 4179.333333333333
358.0 4179.333333333333
419.0 4190.707070707071
716.0 4190.707070707071
811.0 4111.339578454333
2519.0 4111.339578454333
2610.0 4109.0853054485415
4427.0 4109.0853054485415
4513.0 4104.691289198607
7383.0 4104.691289198607
7414.0 4013.6950904392766
11284.0 4013.6950904392766
11413.0 3642.1776746148976
16152.0 3642.1776746148976
16214.0 3936.6944563816073
20868.0 3936.6944563816073
20909.0 4319.34646703441
24716.0 4319.34646703441
24812.0 4061.223496372572
29085.0 4061.223496372572
29210.0 4082.6898332942005
33469.0 4082.6898332942005
33512.0 4213.330661322645
37504.0 4213.330661322645
37612.0 6469.87701317716
40344.0 6469.87701317716
40604.0 6832.960960960961
43268.0 6832.960960960961
43306.0 7018.019247594051
45592.0 7018.019247594051
45710.0 7299.64561254769
48069.0 7299.64561254769
48106.0 7501.028665028665
50548.0 7501.028665028665
50608.0 4570.345631067961
54213.0 4570.345631067961
54310.0 4512.524257048514
58247.0 4512.524257048514
58310.0 4596.119339371337
62064.0 4596.119339371337
62111.0 4497.845644983462
65739.0 4497.845644983462
65813.0 4246.768780487805
69913.0 4246.768780487805
70204.0 3839.284510693454
74833.0 3839.284510693454
74915.0 3646.0646599777033
79400.0 3646.0646599777033
79512.0 4035.598615916955
83847.0 4035.598615916955
83913.0 4218.899799599199
87905.0 4218.899799599199
88010.0 7586.977038796516
90536.0 7586.977038796516
90607.0 5539.460674157303
93455.0 5539.460674157303
93510.0 4209.246241064826
97567.0 4209.246241064826
97609.0 4465.597111168429
101486.0 4465.597111168429
101610.0 4574.010822510822
105306.0 4574.010822510822
105604.0 4199.124144672532
109696.0 4199.124144672532
109809.0 4360.346268656716
113829.0 4360.346268656716
113908.0 4815.500921295077
117707.0 4815.500921295077
117810.0 4522.855463008329
121892.0 4522.855463008329
122014.0 4255.976178660049
126044.0 4255.976178660049
126113.0 4503.88504398827
129523.0 4503.88504398827
129611.0 4480.8909754825245
133445.0 4480.8909754825245
133512.0 4141.426491994178
137634.0 4141.426491994178
137710.0 4313.80904522613
141690.0 4313.80904522613
142002.0 4873.715111239526
145463.0 4873.715111239526
145514.0 4485.772073921971
149410.0 4485.772073921971
149511.0 4310.671406805485
153449.0 4310.671406805485
153512.0 4589.662874870734
157380.0 4589.662874870734
157412.0 4609.436008676789
161100.0 4609.436008676789
161213.0 4861.251825804707
164910.0 4861.251825804707
165010.0 4908.986232790989
168206.0 4908.986232790989
168310.0 5169.4440779610195
171645.0 5169.4440779610195
171710.0 5902.863612969634
173653.0 5902.863612969634
