20.0 2190.373493975904
684.0 2190.373493975904
721.0 2222.5714285714284
1281.0 2222.5714285714284
1319.0 2198.145383104126
1828.0 2198.145383104126
1926.0 2174.015636105188
3333.0 2174.015636105188
3420.0 2190.177554438861
4017.0 2190.177554438861
4121.0 2169.108910891089
6040.0 2169.108910891089
6122.0 2168.2490272373543
9463.0 2168.2490272373543
9516.0 2164.2591836734696
13436.0 2164.2591836734696
13517.0 3759.043526170799
15332.0 3759.043526170799
15410.0 3074.476030277544
17788.0 3074.476030277544
17916.0 2712.3203463203463
20688.0 2712.3203463203463
20815.0 3545.615458937198
22885.0 3545.615458937198
22910.0 3661.0961817303046
24979.0 3661.0961817303046
25014.0 3083.1653116531165
30918.0 3083.1653116531165
31012.0 2599.7718360071303
37183.0 2599.7718360071303
37319.0 2385.3530959966756
44538.0 2385.3530959966756
44613.0 2586.1233940420725
51696.0 2586.1233940420725
51820.0 2268.8799231508165
54943.0 2268.8799231508165
55019.0 2477.7873941674507
58208.0 2477.7873941674507
58307.0 3653.010380622837
60330.0 3653.010380622837
60413.0 4029.1812345679014
64463.0 4029.1812345679014
64703.0 3584.1399752984767
69561.0 3584.1399752984767
69612.0 3288.0754856614244
75017.0 3288.0754856614244
75111.0 3577.4666374972653
79682.0 3577.4666374972653
79809.0 1149.807426881367
95024.0 1149.807426881367
95116.0 2521.0114942528735
99814.0 2521.0114942528735
99929.0 1744.110599078341
101882.0 1744.110599078341
101922.0 1789.215291750503
102419.0 1789.215291750503
102529.0 1765.5747126436781
103225.0 1765.5747126436781
103328.0 1739.4484256243213
105170.0 1739.4484256243213
105224.0 2566.443194600675
107002.0 2566.443194600675
107114.0 2765.609671848014
108272.0 2765.609671848014
108319.0 2980.006734006734
110695.0 2980.006734006734
110813.0 2759.9573475508164
113814.0 2759.9573475508164
113919.0 2148.2460088981943
117740.0 2148.2460088981943
117812.0 2783.4633247327683
120525.0 2783.4633247327683
120613.0 2787.61759082218
122705.0 2787.61759082218
122813.0 2829.199698568199
125467.0 2829.199698568199
125512.0 3874.904051172708
127388.0 3874.904051172708
127511.0 1705.9777424483307
137575.0 1705.9777424483307
137616.0 2752.5992167101826
143744.0 2752.5992167101826
143815.0 3412.7256395235304
148936.0 3412.7256395235304
149011.0 3289.8108527131785
154171.0 3289.8108527131785
154218.0 3311.474724864764
159579.0 3311.474724864764
159615.0 3165.0716812511637
164986.0 3165.0716812511637
165115.0 2561.945545260157
172130.0 2561.945545260157
172216.0 3430.9963861641713
174153.0 3430.9963861641713
174215.0 2804.8715824357914
176629.0 2804.8715824357914
176717.0 2703.6117381489844
178489.0 2703.6117381489844
