10.0 4328.5952380952385
346.0 4328.5952380952385
410.0 4367.1578947368425
695.0 4367.1578947368425
811.0 4284.7267175572515
1466.0 4284.7267175572515
1509.0 4278.097902097902
2224.0 4278.097902097902
2313.0 4266.44836811129
4182.0 4266.44836811129
4208.0 4027.9472030169704
5799.0 4027.9472030169704
5911.0 3913.6250675310644
7762.0 3913.6250675310644
7813.0 3885.7637327677626
12528.0 3885.7637327677626
12613.0 3966.172696575012
16759.0 3966.172696575012
16811.0 4017.038888888889
21131.0 4017.038888888889
21213.0 3878.691947356681
25696.0 3878.691947356681
25810.0 3976.268557919622
30040.0 3976.268557919622
30111.0 3964.0511325409284
34570.0 3964.0511325409284
34611.0 3843.5405405405404
39347.0 3843.5405405405404
39412.0 4010.798
43412.0 4010.798
43703.0 3852.318568232662
48173.0 3852.318568232662
48212.0 3861.195615514334
52956.0 3861.195615514334
53011.0 3947.3157642549113
57185.0 3947.3157642549113
57312.0 3821.425682942568
61961.0 3821.425682942568
62012.0 3841.8686261411713
66503.0 3841.8686261411713
66612.0 3853.172136953955
70847.0 3853.172136953955
70909.0 3911.874185576275
75360.0 3911.874185576275
75410.0 3964.320321213473
79893.0 3964.320321213473
80011.0 3975.832725504498
84124.0 3975.832725504498
84404.0 3900.628762541806
88889.0 3900.628762541806
89011.0 3895.8704603284755
93334.0 3895.8704603284755
93413.0 3888.1525664434976
98342.0 3888.1525664434976
98411.0 3892.5201085615595
102464.0 3892.5201085615595
102511.0 3887.3007056681085
106904.0 3887.3007056681085
107016.0 3916.9533366783744
109009.0 3916.9533366783744
109110.0 3927.7301854974703
110889.0 3927.7301854974703
111012.0 4033.610142630745
112905.0 4033.610142630745
113010.0 3998.0214568040656
114781.0 3998.0214568040656
114815.0 3983.949975949976
116894.0 3983.949975949976
117012.0 3988.555879494655
119070.0 3988.555879494655
119112.0 3982.8776371308018
121008.0 3982.8776371308018
121110.0 3908.9457877322475
125039.0 3908.9457877322475
125113.0 3871.0536277602523
129551.0 3871.0536277602523
129608.0 3873.6010891763103
134015.0 3873.6010891763103
134112.0 3843.5101858070293
138579.0 3843.5101858070293
138612.0 3951.2597798079178
142881.0 3951.2597798079178
142911.0 3952.1863410221617
147333.0 3952.1863410221617
147410.0 3985.7769429443533
151669.0 3985.7769429443533
151713.0 3924.141467727675
156237.0 3924.141467727675
156502.0 3823.571749887539
160948.0 3823.571749887539
161011.0 3874.121146798879
165650.0 3874.121146798879
165713.0 3940.0100452034153
169695.0 3940.0100452034153
169809.0 4013.0577281191804
174105.0 4013.0577281191804
174213.0 3949.471074380165
177117.0 3949.471074380165
