28.0 1619.608017817372
926.0 1619.608017817372
1030.0 1637.6842105263158
1790.0 1637.6842105263158
1924.0 1630.9854227405249
2610.0 1630.9854227405249
2730.0 1540.8376703841388
3537.0 1540.8376703841388
3639.0 1065.6365118174408
4866.0 1065.6365118174408
4946.0 1071.3806998939554
5889.0 1071.3806998939554
6048.0 1067.3281114012184
7197.0 1067.3281114012184
7355.0 1069.3087975800354
15289.0 1069.3087975800354
15469.0 756.0576241134752
24493.0 756.0576241134752
24648.0 1011.7774702463327
31874.0 1011.7774702463327
31946.0 1159.0602655771195
32925.0 1159.0602655771195
33221.0 1403.5775280898877
34111.0 1403.5775280898877
34235.0 1466.3261117445838
35112.0 1466.3261117445838
35227.0 1140.6883425852498
36488.0 1140.6883425852498
36554.0 1175.4455100261553
38848.0 1175.4455100261553
39117.0 1151.8028696194635
45529.0 1151.8028696194635
45654.0 926.5115610398946
54001.0 926.5115610398946
54147.0 1030.6490181818183
61022.0 1030.6490181818183
61141.0 1652.9638308711155
63104.0 1652.9638308711155
63216.0 2615.9433628318584
66041.0 2615.9433628318584
66116.0 1634.0966781214204
70481.0 1634.0966781214204
70533.0 1570.135196219437
75400.0 1570.135196219437
75527.0 1143.9007385524371
82297.0 1143.9007385524371
82447.0 1344.9388753056235
84492.0 1344.9388753056235
84622.0 2120.1944035346096
85980.0 2120.1944035346096
86019.0 1051.0726643598616
88909.0 1051.0726643598616
89042.0 1071.6426527311187
97079.0 1071.6426527311187
97144.0 1270.8099727634612
101917.0 1270.8099727634612
102036.0 1146.1537555228276
108826.0 1146.1537555228276
108952.0 1043.9859894921192
110094.0 1043.9859894921192
110246.0 1038.2258862324813
111459.0 1038.2258862324813
111540.0 1197.6273764258556
112592.0 1197.6273764258556
112735.0 1187.2680577849117
115227.0 1187.2680577849117
115339.0 990.0167865707434
118675.0 990.0167865707434
118747.0 982.7577335375191
122012.0 982.7577335375191
122144.0 1109.3779932422506
128951.0 1109.3779932422506
129029.0 1342.780566428736
133372.0 1342.780566428736
133437.0 918.8321096426823
141609.0 918.8321096426823
141776.0 835.8422444521099
150473.0 835.8422444521099
150546.0 1138.4516129032259
151600.0 1138.4516129032259
151739.0 778.7789473684211
153259.0 778.7789473684211
153425.0 822.6531130876747
154999.0 822.6531130876747
155159.0 835.1401869158879
156550.0 835.1401869158879
156666.0 822.0980070339976
160931.0 822.0980070339976
161061.0 949.9690476190476
164421.0 949.9690476190476
164554.0 928.5092838196286
167947.0 928.5092838196286
168069.0 679.4315033350437
171967.0 679.4315033350437
172072.0 944.7411748290777
179239.0 944.7411748290777
179392.0 687.8102350098836
183945.0 687.8102350098836
