30.0 1378.5857819905214
1085.0 1378.5857819905214
1236.0 1390.659217877095
2131.0 1390.659217877095
2228.0 1389.8832298136647
3033.0 1389.8832298136647
3130.0 1389.336312849162
4025.0 1389.336312849162
4131.0 1379.2573839662448
5079.0 1379.2573839662448
5140.0 1596.5281514698554
9154.0 1596.5281514698554
9219.0 2554.3441466854724
12055.0 2554.3441466854724
12117.0 2838.372699899632
15106.0 2838.372699899632
15216.0 2984.5424321959754
17502.0 2984.5424321959754
17613.0 3518.336862367661
19691.0 3518.336862367661
19810.0 3455.216911764706
21986.0 3455.216911764706
22117.0 1881.9035897435897
26017.0 1881.9035897435897
26125.0 1631.095607235142
30769.0 1631.095607235142
31010.0 1698.7568121286622
35891.0 1698.7568121286622
36024.0 1770.2795583086454
39737.0 1770.2795583086454
39823.0 1766.8325358851675
44003.0 1766.8325358851675
44123.0 2585.6208625877634
47114.0 2585.6208625877634
47209.0 4833.3642564802185
48675.0 4833.3642564802185
48709.0 2794.244731047499
55067.0 2794.244731047499
55112.0 3542.8813141683777
59982.0 3542.8813141683777
60114.0 3242.2380290085434
65147.0 3242.2380290085434
65216.0 4492.196078431372
69092.0 4492.196078431372
69209.0 3834.314563106796
73844.0 3834.314563106796
73912.0 4898.92150988616
77250.0 4898.92150988616
77311.0 4465.114854517611
81229.0 4465.114854517611
81311.0 4008.0552118039027
85513.0 4008.0552118039027
85801.0 3256.5342395921834
91686.0 3256.5342395921834
91821.0 2689.4619843163996
97687.0 2689.4619843163996
97819.0 3124.206366630077
103285.0 3124.206366630077
103409.0 4335.8677685950415
107402.0 4335.8677685950415
107513.0 4138.444063647491
111598.0 4138.444063647491
111716.0 3681.7690164988217
116383.0 3681.7690164988217
116511.0 3499.419444999002
121520.0 3499.419444999002
121615.0 3139.7391963608793
124253.0 3139.7391963608793
124315.0 3131.800076306753
126936.0 3131.800076306753
127017.0 3138.62676641729
129423.0 3138.62676641729
129517.0 3230.8565096952907
131322.0 3230.8565096952907
131412.0 3489.171003717472
133564.0 3489.171003717472
133613.0 3491.5081652257445
135695.0 3491.5081652257445
135813.0 3490.2090951711207
137946.0 3490.2090951711207
138013.0 3487.8618588115796
139982.0 3487.8618588115796
140014.0 4145.296015180265
144230.0 4145.296015180265
144312.0 4668.708470847085
147948.0 4668.708470847085
148012.0 4131.444263439609
152309.0 4131.444263439609
152413.0 3723.8992332968237
156978.0 3723.8992332968237
157013.0 3688.8440065681443
161885.0 3688.8440065681443
162015.0 3613.339474896361
166357.0 3613.339474896361
166413.0 3548.8052696582954
171271.0 3548.8052696582954
171317.0 2902.1417004048585
175269.0 2902.1417004048585
