23.0 1986.896174863388
755.0 1986.896174863388
822.0 2010.7269789983845
1441.0 2010.7269789983845
1522.0 2005.1182795698924
2080.0 2005.1182795698924
2129.0 1969.6329684481648
3682.0 1969.6329684481648
3719.0 1971.5497005988025
5389.0 1971.5497005988025
5534.0 2429.2888551933283
8172.0 2429.2888551933283
8210.0 2781.9201228878646
10814.0 2781.9201228878646
10908.0 5655.930666666667
12408.0 5655.930666666667
12507.0 3400.9828335056877
17342.0 3400.9828335056877
17409.0 3648.7821698906646
22165.0 3648.7821698906646
22212.0 3073.7450945730952
27869.0 3073.7450945730952
27916.0 1933.511438096333
36615.0 1933.511438096333
36714.0 4503.453032104638
38396.0 4503.453032104638
38705.0 3551.0201284796576
41040.0 3551.0201284796576
41109.0 3764.632302405498
42855.0 3764.632302405498
42915.0 3430.2647468648397
45068.0 3430.2647468648397
45113.0 3737.840502658289
47182.0 3737.840502658289
47209.0 3766.9920255183415
49090.0 3766.9920255183415
49214.0 3229.5597164151973
54715.0 3229.5597164151973
54815.0 3097.0798779393285
60386.0 3097.0798779393285
60517.0 3516.0922215039864
65158.0 3516.0922215039864
65213.0 3078.4568599717113
70869.0 3078.4568599717113
70914.0 3662.8293487221763
75766.0 3662.8293487221763
75811.0 3191.9968768299823
80934.0 3191.9968768299823
81013.0 3089.231855906763
86676.0 3089.231855906763
86710.0 3481.1591566763127
91548.0 3481.1591566763127
91805.0 3955.563261093911
96650.0 3955.563261093911
96710.0 7180.87573964497
98907.0 7180.87573964497
99009.0 6849.944645006017
101502.0 6849.944645006017
101608.0 5588.482892188509
104706.0 5588.482892188509
104814.0 4262.618255168936
108780.0 4262.618255168936
108908.0 5622.649214659686
111964.0 5622.649214659686
112009.0 5259.103510351035
115342.0 5259.103510351035
115413.0 3425.2177494851153
120754.0 3425.2177494851153
120810.0 3688.033559728326
125816.0 3688.033559728326
126103.0 2825.631630971993
132173.0 2825.631630971993
132219.0 3204.9766277128547
137011.0 3204.9766277128547
137111.0 2788.012982797793
143273.0 2788.012982797793
143313.0 4424.573421154591
145894.0 4424.573421154591
146018.0 2383.0396927016645
149142.0 2383.0396927016645
149216.0 2658.76887340302
151799.0 2658.76887340302
151912.0 5476.644610458911
152849.0 5476.644610458911
152908.0 4074.61002548853
154085.0 4074.61002548853
154120.0 2254.564814814815
157576.0 2254.564814814815
157616.0 3285.6325481798717
159951.0 3285.6325481798717
160008.0 8586.351912568305
160923.0 8586.351912568305
161007.0 2711.097287022637
166794.0 2711.097287022637
166923.0 3682.20760358821
171605.0 3682.20760358821
171724.0 2747.7872544321995
175898.0 2747.7872544321995
