51.0 780.6806226516371
1914.0 780.6806226516371
2068.0 790.7496823379923
3642.0 790.7496823379923
3764.0 775.9056865464632
5206.0 775.9056865464632
5367.0 761.9215686274509
6999.0 761.9215686274509
7159.0 757.114070642733
8886.0 757.114070642733
8965.0 764.2299546142209
10287.0 764.2299546142209
10464.0 723.0896226415094
12160.0 723.0896226415094
12262.0 707.4221770091557
14228.0 707.4221770091557
14380.0 619.2288981666364
25398.0 619.2288981666364
25588.0 501.957600360848
27805.0 501.957600360848
28031.0 408.76080691642653
30807.0 408.76080691642653
31180.0 403.8745554477853
34273.0 403.8745554477853
34422.0 484.35706214689264
37077.0 484.35706214689264
37133.0 1584.1497797356828
38041.0 1584.1497797356828
38130.0 1343.906767532202
43021.0 1343.906767532202
43131.0 1740.1885014137606
47375.0 1740.1885014137606
47609.0 2478.7153846153847
50729.0 2478.7153846153847
50818.0 2750.664596273292
53394.0 2750.664596273292
53511.0 4844.674432863274
55142.0 4844.674432863274
55211.0 3891.5429173249076
57110.0 3891.5429173249076
57217.0 2064.495513748191
60672.0 2064.495513748191
60734.0 764.9497497497498
70724.0 764.9497497497498
70926.0 334.248694376106
94095.0 334.248694376106
94336.0 482.99649122807017
96616.0 482.99649122807017
96787.0 634.9551108707409
98636.0 634.9551108707409
98788.0 639.4101765316718
100714.0 639.4101765316718
100885.0 670.6027649769585
103055.0 670.6027649769585
103154.0 1226.1192052980132
104966.0 1226.1192052980132
105035.0 1113.3708724365658
107912.0 1113.3708724365658
108119.0 441.6352860096485
115374.0 441.6352860096485
115452.0 815.7540563620837
118965.0 815.7540563620837
119245.0 599.0984308131241
121348.0 599.0984308131241
121488.0 1695.2106038291606
122167.0 1695.2106038291606
122212.0 3746.567335243553
122561.0 3746.567335243553
122614.0 2355.365279770445
126099.0 2355.365279770445
126230.0 2128.992387933465
129777.0 2128.992387933465
129826.0 2847.5078125
131874.0 2847.5078125
131910.0 4171.497777777778
133710.0 4171.497777777778
133811.0 4106.960451977401
135581.0 4106.960451977401
135620.0 3833.212770707747
140099.0 3833.212770707747
140217.0 3535.512051980717
144988.0 3535.512051980717
145111.0 5750.7627509049025
148150.0 5750.7627509049025
148213.0 5770.0285520054385
151155.0 5770.0285520054385
151210.0 5121.98961338719
154676.0 5121.98961338719
154715.0 2804.7516911400758
160776.0 2804.7516911400758
160824.0 2407.185641575141
168290.0 2407.185641575141
168425.0 2181.46829810901
175617.0 2181.46829810901
175917.0 2023.9605541206856
184435.0 2023.9605541206856
184520.0 3593.9984996249063
185853.0 3593.9984996249063
