8.0 4896.996632996633
305.0 4896.996632996633
408.0 4919.525691699605
661.0 4919.525691699605
709.0 4797.42905982906
1294.0 4797.42905982906
1408.0 4809.496855345912
2044.0 4809.496855345912
2107.0 4834.784140969163
2788.0 4834.784140969163
2910.0 4811.15915915916
4242.0 4811.15915915916
4309.0 3397.024207833104
9390.0 3397.024207833104
9510.0 3860.3826380109567
14256.0 3860.3826380109567
14309.0 4407.331010452962
18040.0 4407.331010452962
18110.0 4590.901587301587
21890.0 4590.901587301587
22010.0 4780.911740445422
25647.0 4780.911740445422
25708.0 4797.380490587564
29214.0 4797.380490587564
29309.0 4628.35925634983
33128.0 4628.35925634983
33209.0 4818.15987294865
36987.0 4818.15987294865
37300.0 4749.316755476613
40678.0 4749.316755476613
40706.0 4399.556463975473
44620.0 4399.556463975473
44707.0 4722.225315803042
48586.0 4722.225315803042
48707.0 4761.8774566473985
52167.0 4761.8774566473985
52208.0 4754.02943537597
55945.0 4754.02943537597
56008.0 4802.068466462566
59601.0 4802.068466462566
59708.0 4751.946418171229
63142.0 4751.946418171229
63208.0 4782.134578412524
66849.0 4782.134578412524
66906.0 4762.070739549839
70638.0 4762.070739549839
70901.0 4755.04507124164
74340.0 4755.04507124164
74408.0 4750.019006244909
78091.0 4750.019006244909
78208.0 4764.313437057992
81743.0 4764.313437057992
81809.0 4782.806089343649
85816.0 4782.806089343649
85909.0 4731.968806238752
89243.0 4731.968806238752
89309.0 4683.738891936368
92955.0 4683.738891936368
93009.0 4486.426535371858
96868.0 4486.426535371858
96910.0 4602.652872311462
100583.0 4602.652872311462
100706.0 4540.913319238901
104490.0 4540.913319238901
104801.0 4408.599597585513
108777.0 4408.599597585513
108807.0 4765.326387079968
112646.0 4765.326387079968
112709.0 4355.342297711724
116948.0 4355.342297711724
117010.0 4691.352297592998
120666.0 4691.352297592998
120708.0 4741.663476381599
123947.0 4741.663476381599
124009.0 4745.7834254143645
127629.0 4745.7834254143645
127708.0 4787.14526079641
131274.0 4787.14526079641
131308.0 4694.820891441072
134965.0 4694.820891441072
135008.0 4433.095400788437
138813.0 4433.095400788437
139102.0 4572.623757195186
142924.0 4572.623757195186
143010.0 4689.34364640884
146630.0 4689.34364640884
146709.0 4713.971322357939
150475.0 4713.971322357939
150511.0 4720.799777839489
154112.0 4720.799777839489
154210.0 4782.343799893561
157968.0 4782.343799893561
158008.0 4742.781136638452
161316.0 4742.781136638452
161408.0 4780.947310038824
165014.0 4780.947310038824
165108.0 4591.37870296237
167606.0 4591.37870296237
