13.0 3224.8514412416853
464.0 3224.8514412416853
517.0 3232.8311688311687
902.0 3232.8311688311687
1015.0 3243.060869565217
1360.0 3243.060869565217
1419.0 3182.9760665972944
2380.0 3182.9760665972944
2413.0 3181.1478260869567
3448.0 3181.1478260869567
3519.0 3172.506930693069
5539.0 3172.506930693069
5609.0 2343.6169524425754
8700.0 2343.6169524425754
8815.0 4600.811279826464
10659.0 4600.811279826464
10705.0 6494.372827804107
13237.0 6494.372827804107
13304.0 2712.3488590184434
19702.0 2712.3488590184434
19846.0 2976.4080794248543
25688.0 2976.4080794248543
25812.0 4893.691009601396
29249.0 4893.691009601396
29306.0 5263.7593805836805
32664.0 5263.7593805836805
32707.0 4931.7279869953945
36398.0 4931.7279869953945
36509.0 4559.020176186416
40028.0 4559.020176186416
40108.0 4553.110523532522
43890.0 4553.110523532522
44201.0 4549.804272230502
48227.0 4549.804272230502
48309.0 4710.147512864494
51807.0 4710.147512864494
51907.0 5432.96880733945
55177.0 5432.96880733945
55207.0 5435.989918084436
58381.0 5435.989918084436
58408.0 2879.002117148906
64076.0 2879.002117148906
64114.0 2761.1405011100537
70420.0 2761.1405011100537
70515.0 4771.019597315436
74240.0 4771.019597315436
74305.0 7532.289267618609
76476.0 7532.289267618609
76504.0 7097.087221095335
78969.0 7097.087221095335
79199.0 6203.258931860037
81914.0 6203.258931860037
82004.0 6022.848522941546
85186.0 6022.848522941546
85308.0 4092.4472114137484
89163.0 4092.4472114137484
89210.0 3984.347176854876
93496.0 3984.347176854876
93612.0 3839.6806387225547
98121.0 3839.6806387225547
98211.0 3760.1298932384343
102707.0 3760.1298932384343
102811.0 3981.1899907321595
107127.0 3981.1899907321595
107209.0 4415.2624685138535
111179.0 4415.2624685138535
111208.0 4564.393213572855
115216.0 4564.393213572855
115500.0 5521.021531100479
118844.0 5521.021531100479
118907.0 5525.639175257732
122011.0 5525.639175257732
122107.0 5648.491357116587
124826.0 5648.491357116587
124906.0 5664.271678206396
127939.0 5664.271678206396
128006.0 5255.837438423645
131254.0 5255.837438423645
131309.0 4815.977559607293
134874.0 4815.977559607293
134909.0 4494.518518518518
138662.0 4494.518518518518
138714.0 3578.3308763308764
143598.0 3578.3308763308764
143712.0 3577.5393045310852
148457.0 3577.5393045310852
148698.0 6096.434065934066
151610.0 6096.434065934066
151706.0 6101.794687724336
154492.0 6101.794687724336
154605.0 5574.456575682382
157829.0 5574.456575682382
157907.0 5462.7855153203345
160779.0 5462.7855153203345
160807.0 5918.330243734981
163720.0 5918.330243734981
163806.0 6770.521841794569
165500.0 6770.521841794569
