11.0 4447.730886850153
338.0 4447.730886850153
411.0 4383.131868131868
1139.0 4383.131868131868
1207.0 4398.896551724138
1845.0 4398.896551724138
1913.0 4380.7163120567375
3041.0 4380.7163120567375
3108.0 4384.138482023968
3859.0 4384.138482023968
3907.0 4374.378156996587
5372.0 4374.378156996587
5409.0 4958.4257397299625
8890.0 4958.4257397299625
9011.0 4994.922573609597
12679.0 4994.922573609597
12812.0 4905.653937947494
16164.0 4905.653937947494
16208.0 4734.954433833561
19873.0 4734.954433833561
19908.0 4952.485331814298
23419.0 4952.485331814298
23507.0 4854.146031746031
26972.0 4854.146031746031
27011.0 4859.968105581524
30648.0 4859.968105581524
30709.0 3741.625488180884
35574.0 3741.625488180884
35798.0 4789.012537313432
39148.0 4789.012537313432
39210.0 4755.554819110743
42831.0 4755.554819110743
42912.0 4639.694022289767
46860.0 4639.694022289767
46909.0 4641.153802816902
50459.0 4641.153802816902
50515.0 4315.2314792324505
54632.0 4315.2314792324505
54712.0 4734.860592755214
58356.0 4734.860592755214
58410.0 4670.344590726961
61904.0 4670.344590726961
62008.0 4786.078064870808
65646.0 4786.078064870808
65710.0 4753.1553891414815
69449.0 4753.1553891414815
69701.0 4808.1740664510435
73102.0 4808.1740664510435
73211.0 4882.590008372872
76794.0 4882.590008372872
76916.0 4624.340472267984
80558.0 4624.340472267984
80612.0 4670.900316841336
84715.0 4670.900316841336
84811.0 4805.47791653975
88094.0 4805.47791653975
88210.0 4799.58178752108
91768.0 4799.58178752108
91811.0 4849.6134453781515
95381.0 4849.6134453781515
95512.0 4793.179472639637
99039.0 4793.179472639637
99110.0 4676.868807838868
102784.0 4676.868807838868
103100.0 4755.450895279436
106786.0 4755.450895279436
106910.0 4782.768104575163
110735.0 4782.768104575163
110811.0 4774.320144815102
114678.0 4774.320144815102
114808.0 4792.283878178262
118387.0 4792.283878178262
118511.0 4777.060031104199
121726.0 4777.060031104199
121809.0 4679.851811495505
125480.0 4679.851811495505
125612.0 4484.097714736013
129419.0 4484.097714736013
129512.0 4633.997300944669
133217.0 4633.997300944669
133310.0 4622.6166072896685
136959.0 4622.6166072896685
137200.0 4648.023404255319
140960.0 4648.023404255319
141011.0 4716.705751597666
144610.0 4716.705751597666
144711.0 4770.979844127923
148432.0 4770.979844127923
148509.0 4759.126539753639
152081.0 4759.126539753639
152210.0 4760.807417218543
155985.0 4760.807417218543
156113.0 4806.71568627451
159377.0 4806.71568627451
159407.0 4786.256524153248
163009.0 4786.256524153248
163112.0 4617.256038647343
165596.0 4617.256038647343
