9.0 5308.058394160584
283.0 5308.058394160584
408.0 5341.802575107296
641.0 5341.802575107296
710.0 5226.2495344506515
1247.0 5226.2495344506515
1311.0 5228.786324786325
1896.0 5228.786324786325
2013.0 5196.174520069808
5451.0 5196.174520069808
5510.0 4599.644655019248
8887.0 4599.644655019248
9020.0 2999.1798436142485
14775.0 2999.1798436142485
14811.0 4639.497594327678
18760.0 4639.497594327678
18810.0 4297.896497647674
22636.0 4297.896497647674
22713.0 3569.2324146441792
27575.0 3569.2324146441792
27622.0 2943.6560013543253
33529.0 2943.6560013543253
33616.0 2713.2805914972273
36321.0 2713.2805914972273
36416.0 2748.478955007257
39172.0 2748.478955007257
39214.0 3016.2357220807567
41963.0 3016.2357220807567
42016.0 2688.363190184049
44461.0 2688.363190184049
44520.0 2630.1139601139603
47328.0 2630.1139601139603
47417.0 2862.1732050333085
50119.0 2862.1732050333085
50217.0 2680.9353007945515
52860.0 2680.9353007945515
52914.0 3007.8660068519225
55541.0 3007.8660068519225
55803.0 2698.0795910916395
58542.0 2698.0795910916395
58619.0 2635.9320029563933
61325.0 2635.9320029563933
61417.0 2892.448145344436
64059.0 2892.448145344436
64119.0 2682.441288534811
67006.0 2682.441288534811
67115.0 2927.949865711728
72700.0 2927.949865711728
72818.0 2874.990961380444
78903.0 2874.990961380444
79019.0 2803.237017310253
85027.0 2803.237017310253
85118.0 2715.7012894997874
92175.0 2715.7012894997874
92216.0 2592.1264957264957
94556.0 2592.1264957264957
94806.0 2606.290689886135
97792.0 2606.290689886135
97916.0 2720.9787382363193
100785.0 2720.9787382363193
100920.0 2621.925703564728
103585.0 2621.925703564728
103721.0 2374.2611940298507
106937.0 2374.2611940298507
107019.0 2269.3897435897434
110139.0 2269.3897435897434
110221.0 2311.647222997488
113804.0 2311.647222997488
113919.0 2524.899415564442
117170.0 2524.899415564442
117221.0 2406.4805608667943
120359.0 2406.4805608667943
120422.0 2423.8137988362428
122828.0 2423.8137988362428
123108.0 2478.117491749175
126138.0 2478.117491749175
126218.0 2411.051409618574
129233.0 2411.051409618574
129321.0 2460.216787838731
132347.0 2460.216787838731
132421.0 2500.9468317552805
135167.0 2500.9468317552805
135220.0 1750.2822233350025
145205.0 1750.2822233350025
145329.0 2570.865364228381
151932.0 2570.865364228381
152017.0 2624.6031933767003
158781.0 2624.6031933767003
158917.0 2959.858024691358
161509.0 2959.858024691358
161616.0 2336.161760333036
164979.0 2336.161760333036
165310.0 2737.166392092257
167738.0 2737.166392092257
167824.0 2468.4506015311704
170567.0 2468.4506015311704
170623.0 2470.758122743682
172562.0 2470.758122743682
