19.0 2327.0528
644.0 2327.0528
723.0 2357.2727272727275
1251.0 2357.2727272727275
1323.0 2303.7861825516893
3306.0 2303.7861825516893
3430.0 2296.588126730237
6681.0 2296.588126730237
6715.0 2470.257744733581
9943.0 2470.257744733581
10021.0 2529.989735491512
12554.0 2529.989735491512
12614.0 2649.6415508412583
15348.0 2649.6415508412583
15415.0 3230.729626808835
18041.0 3230.729626808835
18113.0 3318.4163424124513
20169.0 3318.4163424124513
20211.0 3450.261444077395
22330.0 3450.261444077395
22414.0 4655.450154798762
24029.0 4655.450154798762
24300.0 5392.670095518001
25661.0 5392.670095518001
25710.0 5083.607707794075
29187.0 5083.607707794075
29310.0 4581.678328718852
33283.0 4581.678328718852
33409.0 6257.095163806553
35973.0 6257.095163806553
36006.0 6248.136429608127
38762.0 6248.136429608127
38807.0 6163.362045760431
41779.0 6163.362045760431
41808.0 6097.740932642487
44510.0 6097.740932642487
44607.0 5703.309149277688
47722.0 5703.309149277688
47808.0 4408.235053653551
51722.0 4408.235053653551
51999.0 6432.078833267639
54536.0 6432.078833267639
54606.0 6427.37246216316
57315.0 6427.37246216316
57405.0 6344.893966440557
60206.0 6344.893966440557
60306.0 6241.4503816793895
62926.0 6241.4503816793895
63008.0 6232.390452440328
65815.0 6232.390452440328
65907.0 6394.019741837509
68541.0 6394.019741837509
68605.0 6645.181692094314
71489.0 6645.181692094314
71608.0 6645.486099410278
73982.0 6645.486099410278
74108.0 6278.2764705882355
76828.0 6278.2764705882355
77099.0 6079.044943820225
79947.0 6079.044943820225
80009.0 6011.928876244666
82821.0 6011.928876244666
82910.0 4771.678978061649
86511.0 4771.678978061649
86610.0 4640.876886417792
90387.0 4640.876886417792
90508.0 4754.180873180873
94356.0 4754.180873180873
94411.0 5177.312394840157
97977.0 5177.312394840157
98011.0 5180.182422228934
101322.0 5180.182422228934
101409.0 4628.766726943943
104727.0 4628.766726943943
104813.0 4608.298283261803
108541.0 4608.298283261803
108803.0 4568.092052448488
112540.0 4568.092052448488
112607.0 4546.864406779661
116383.0 4546.864406779661
116509.0 4403.009135995823
120340.0 4403.009135995823
120410.0 4243.945604662457
124528.0 4243.945604662457
124611.0 3429.3785858585857
129561.0 3429.3785858585857
129621.0 3247.8624222466156
135087.0 3247.8624222466156
135211.0 4077.620532501799
139380.0 4077.620532501799
139411.0 3609.5697931311506
144390.0 3609.5697931311506
144515.0 4220.909335485607
148232.0 4220.909335485607
148500.0 5002.92977365061
151946.0 5002.92977365061
152008.0 5014.982072584171
154295.0 5014.982072584171
