30.0 1328.2264840182647
1125.0 1328.2264840182647
1234.0 1339.7631862217438
2163.0 1339.7631862217438
2236.0 1339.9473053892216
3071.0 1339.9473053892216
3135.0 1339.9310344827586
4063.0 1339.9310344827586
4136.0 1330.148524923703
5119.0 1330.148524923703
5246.0 1275.0624751293276
10272.0 1275.0624751293276
10348.0 1157.3925547212016
16607.0 1157.3925547212016
16729.0 1628.3869481765835
21939.0 1628.3869481765835
22025.0 1533.1829213483145
26475.0 1533.1829213483145
26561.0 1129.476904063031
33034.0 1129.476904063031
33124.0 1625.67335243553
33822.0 1625.67335243553
34115.0 1488.896305125149
34954.0 1488.896305125149
35034.0 1577.8748466257668
35849.0 1577.8748466257668
35939.0 1610.4133456904542
38097.0 1610.4133456904542
38231.0 1697.146398140976
42104.0 1697.146398140976
42227.0 1527.7947869259413
47061.0 1527.7947869259413
47133.0 980.4249492900609
55021.0 980.4249492900609
55191.0 508.3007173601148
69131.0 508.3007173601148
69240.0 1075.668292682927
70470.0 1075.668292682927
70540.0 1211.8795698924732
71470.0 1211.8795698924732
71722.0 1274.1090909090908
72712.0 1274.1090909090908
72837.0 1360.448275862069
73765.0 1360.448275862069
73836.0 1186.7198228128461
76545.0 1186.7198228128461
76644.0 1079.0113770105925
79193.0 1079.0113770105925
79356.0 1077.9573193560464
82027.0 1077.9573193560464
82149.0 932.3916119902226
89922.0 932.3916119902226
90057.0 857.6769567815177
100099.0 857.6769567815177
100271.0 758.0903665814152
101444.0 758.0903665814152
101572.0 771.8844221105528
103164.0 771.8844221105528
103430.0 898.4415975885456
104757.0 898.4415975885456
104851.0 893.8026969481903
106260.0 893.8026969481903
106364.0 883.2255929398787
109990.0 883.2255929398787
110152.0 558.9276918219135
122820.0 558.9276918219135
122939.0 1048.142177086639
126090.0 1048.142177086639
126244.0 904.1149619611158
129793.0 904.1149619611158
129966.0 676.5396882279161
141128.0 676.5396882279161
141288.0 425.4060606060606
143763.0 425.4060606060606
143935.0 422.8849104859335
146281.0 422.8849104859335
146533.0 858.6547619047619
147877.0 858.6547619047619
147963.0 985.9720624486442
149180.0 985.9720624486442
149249.0 1052.216888888889
150374.0 1052.216888888889
150429.0 1518.0023446658852
151282.0 1518.0023446658852
151330.0 1482.4422310756972
153338.0 1482.4422310756972
153768.0 287.0850742419218
180909.0 287.0850742419218
181068.0 759.2045454545455
182828.0 759.2045454545455
182971.0 759.497034400949
184657.0 759.497034400949
184772.0 743.2810810810811
186252.0 743.2810810810811
186518.0 1271.634899328859
187263.0 1271.634899328859
187339.0 1265.0140845070423
188049.0 1265.0140845070423
