11.0 4167.358166189112
360.0 4167.358166189112
414.0 4127.968952134541
1187.0 4127.968952134541
1309.0 4133.278350515464
1988.0 4133.278350515464
2110.0 4122.425876010781
2852.0 4122.425876010781
2910.0 4136.291457286432
3706.0 4136.291457286432
3814.0 4118.5501285347045
5370.0 4118.5501285347045
5409.0 4113.639977285633
7170.0 4113.639977285633
7211.0 3371.6186970923814
12645.0 3371.6186970923814
12712.0 3234.4122738001574
17796.0 3234.4122738001574
17915.0 3784.8654307524534
22500.0 3784.8654307524534
22615.0 3300.716780561883
27883.0 3300.716780561883
28013.0 2835.403910991234
33945.0 2835.403910991234
34012.0 2815.499203568015
40290.0 2815.499203568015
40604.0 3316.6528
43104.0 3316.6528
43210.0 3324.7587253414263
45187.0 3324.7587253414263
45316.0 3322.2492127755286
47539.0 3322.2492127755286
47613.0 3378.589777195282
49902.0 3378.589777195282
50012.0 3969.586554621849
51797.0 3969.586554621849
51911.0 3833.8981077147014
53972.0 3833.8981077147014
54011.0 4128.513966480447
55801.0 4128.513966480447
55911.0 3702.7873837077377
60318.0 3702.7873837077377
60412.0 3227.386839666358
65807.0 3227.386839666358
65916.0 3622.512841418671
70822.0 3622.512841418671
70911.0 3864.0359168241966
75143.0 3864.0359168241966
75217.0 3361.7063797079168
80421.0 3361.7063797079168
80518.0 2629.4844652615143
86923.0 2629.4844652615143
87014.0 3409.4830101405446
92635.0 3409.4830101405446
92713.0 3846.0224280838615
96815.0 3846.0224280838615
97104.0 4094.2009110525055
101275.0 4094.2009110525055
101312.0 4094.8722800378428
105540.0 4094.8722800378428
105612.0 4117.278129566488
109718.0 4117.278129566488
109813.0 3876.114595082337
114246.0 3876.114595082337
114312.0 3824.6982325987346
118895.0 3824.6982325987346
119012.0 3359.7957759412307
124457.0 3359.7957759412307
124516.0 3538.193944039862
129734.0 3538.193944039862
129812.0 3803.85540031049
134321.0 3803.85540031049
134414.0 3558.4448563484707
138730.0 3558.4448563484707
138815.0 3370.1508078994616
141043.0 3370.1508078994616
141120.0 3370.703755215577
142558.0 3370.703755215577
142613.0 3351.920756416029
144834.0 3351.920756416029
144912.0 3022.711267605634
147184.0 3022.711267605634
147214.0 3021.38540899042
149928.0 3021.38540899042
150017.0 3004.2542372881358
152377.0 3004.2542372881358
152412.0 2960.401215805471
155044.0 2960.401215805471
155111.0 2961.00038595137
157702.0 2961.00038595137
158003.0 2722.2841302841302
160889.0 2722.2841302841302
161019.0 2359.1906283280086
163836.0 2359.1906283280086
163915.0 2359.2195121951218
166785.0 2359.2195121951218
166819.0 2377.5682382133996
168834.0 2377.5682382133996
