11.0 4393.981873111782
342.0 4393.981873111782
409.0 4429.32384341637
690.0 4429.32384341637
811.0 4337.706336939722
1458.0 4337.706336939722
1514.0 4319.447552447553
2658.0 4319.447552447553
2712.0 4312.597079502434
4561.0 4312.597079502434
4612.0 4300.9825503355705
6102.0 4300.9825503355705
6212.0 2922.004401557474
12119.0 2922.004401557474
12209.0 3783.844692275919
17051.0 3783.844692275919
17113.0 4040.233906633907
21183.0 4040.233906633907
21310.0 3436.3580198019804
26360.0 3436.3580198019804
26416.0 3690.9734663553386
31127.0 3690.9734663553386
31214.0 4110.365591397849
35306.0 4110.365591397849
35409.0 4064.314555070131
39758.0 4064.314555070131
39811.0 4104.398647125141
44246.0 4104.398647125141
44501.0 4024.8850978424484
48487.0 4024.8850978424484
48609.0 4067.0439300897497
52843.0 4067.0439300897497
52911.0 4091.4701809247263
57388.0 4091.4701809247263
57510.0 3473.7710309930426
62253.0 3473.7710309930426
62321.0 4039.831800262812
65365.0 4039.831800262812
65410.0 3242.6678367705135
67689.0 3242.6678367705135
67818.0 3154.7244582043345
70079.0 3154.7244582043345
70112.0 3476.727934485896
72310.0 3476.727934485896
72415.0 3622.1739943872776
74553.0 3622.1739943872776
74607.0 3850.9911894273127
76423.0 3850.9911894273127
76511.0 3945.493910690122
80945.0 3945.493910690122
81013.0 3994.7457305502844
85229.0 3994.7457305502844
85311.0 3837.5458550260314
90305.0 3837.5458550260314
90413.0 3598.6277372262775
94797.0 3598.6277372262775
94915.0 3395.0123260437376
99945.0 3395.0123260437376
100012.0 3835.427558706247
104526.0 3835.427558706247
104613.0 3879.197797154658
108971.0 3879.197797154658
109014.0 2867.626168224299
115006.0 2867.626168224299
115118.0 2708.6824789594493
117732.0 2708.6824789594493
117818.0 3210.1988023952094
119488.0 3210.1988023952094
119613.0 3779.2117863720073
121785.0 3779.2117863720073
121917.0 3898.5730511099637
123854.0 3898.5730511099637
123915.0 3964.4419204956116
127789.0 3964.4419204956116
127910.0 3914.2711323763956
132299.0 3914.2711323763956
132413.0 3821.571524513096
136880.0 3821.571524513096
137014.0 3933.324169530355
141379.0 3933.324169530355
141412.0 3252.589278827613
146598.0 3252.589278827613
146717.0 3669.2353558681502
151480.0 3669.2353558681502
151618.0 3189.6700488538145
156940.0 3189.6700488538145
157011.0 3897.4349066959385
161566.0 3897.4349066959385
161802.0 4007.4493163602074
166044.0 4007.4493163602074
166114.0 3948.165202108963
170666.0 3948.165202108963
170712.0 3843.4884860362567
174794.0 3843.4884860362567
174910.0 4123.438411863191
179091.0 4123.438411863191
179210.0 4049.8813559322034
182042.0 4049.8813559322034
