7.0 5139.250883392227
290.0 5139.250883392227
411.0 5207.698744769875
650.0 5207.698744769875
710.0 5093.459165154265
1261.0 5093.459165154265
1307.0 5089.584026622296
1908.0 5089.584026622296
2009.0 5070.866019417475
3039.0 5070.866019417475
3109.0 5065.979446640316
4374.0 5065.979446640316
4408.0 4927.972789115646
5878.0 4927.972789115646
5911.0 4758.798961038961
9761.0 4758.798961038961
9809.0 4752.529479768786
13269.0 4752.529479768786
13307.0 4796.464344941957
16925.0 4796.464344941957
17007.0 4761.274917853231
20659.0 4761.274917853231
20708.0 4694.283003070053
24291.0 4694.283003070053
24408.0 4703.486961149548
28166.0 4703.486961149548
28209.0 4710.923395445135
32073.0 4710.923395445135
32109.0 4784.727706531465
35462.0 4784.727706531465
35700.0 4728.133992311917
39342.0 4728.133992311917
39408.0 4746.69914485618
43267.0 4746.69914485618
43309.0 4779.8363794604
46756.0 4779.8363794604
46809.0 4823.732826500136
50492.0 4823.732826500136
50608.0 4794.062795220894
54207.0 4794.062795220894
54308.0 4778.384773060029
57723.0 4778.384773060029
57809.0 4763.817236662107
61464.0 4763.817236662107
61510.0 4706.580508474576
65286.0 4706.580508474576
65409.0 4699.022988505747
68889.0 4699.022988505747
69201.0 4734.592692828146
72896.0 4734.592692828146
73007.0 4764.313437057992
76542.0 4764.313437057992
76608.0 4814.042702838483
80589.0 4814.042702838483
80708.0 4812.807809640024
83986.0 4812.807809640024
84109.0 4834.912797281993
87641.0 4834.912797281993
87706.0 4769.454545454545
91336.0 4769.454545454545
91409.0 4768.841748942172
94954.0 4768.841748942172
95008.0 4783.634743875278
98600.0 4783.634743875278
98708.0 4803.670046588107
102357.0 4803.670046588107
102601.0 4785.270206643997
106424.0 4785.270206643997
106508.0 4765.69334021683
110382.0 4765.69334021683
110509.0 4704.219418540867
114155.0 4704.219418540867
114208.0 4725.6147692307695
117458.0 4725.6147692307695
117509.0 4754.978134514254
121122.0 4754.978134514254
121208.0 4692.40241891149
124846.0 4692.40241891149
124910.0 4317.06311289917
128887.0 4317.06311289917
129009.0 4316.255885363357
132917.0 4316.255885363357
133010.0 4650.497072911123
136768.0 4650.497072911123
137002.0 4719.3283291631915
140599.0 4719.3283291631915
140709.0 4764.5775630703165
144435.0 4764.5775630703165
144509.0 4722.111111111111
148109.0 4722.111111111111
148211.0 4751.995769434162
151993.0 4751.995769434162
152108.0 4780.353443022547
155390.0 4780.353443022547
155509.0 4812.980457844779
159091.0 4812.980457844779
159211.0 4762.983388704319
161619.0 4762.983388704319
