18.0 2117.042212518195
705.0 2117.042212518195
824.0 2149.6373056994817
1403.0 2149.6373056994817
1522.0 2147.5163147792705
2043.0 2147.5163147792705
2122.0 2129.205479452055
2706.0 2129.205479452055
2825.0 2133.011419249592
3438.0 2133.011419249592
3523.0 2046.7786649632706
6654.0 2046.7786649632706
6735.0 2136.2783839575345
10126.0 2136.2783839575345
10216.0 3006.3416017009213
13038.0 3006.3416017009213
13115.0 1414.3167495854063
17939.0 1414.3167495854063
18080.0 928.0406194465601
25958.0 928.0406194465601
26049.0 1384.3770944577425
31480.0 1384.3770944577425
31619.0 2672.7691187181354
34365.0 2672.7691187181354
34420.0 2843.3963963963965
37084.0 2843.3963963963965
37403.0 2209.334399147349
41156.0 2209.334399147349
41225.0 1550.9787635677205
45463.0 1550.9787635677205
45551.0 1079.0999415546464
52395.0 1079.0999415546464
52549.0 1222.6378653113088
54910.0 1222.6378653113088
55038.0 1096.5468577728777
57759.0 1096.5468577728777
57860.0 1245.7081607795371
61965.0 1245.7081607795371
62024.0 1076.637529137529
68888.0 1076.637529137529
69058.0 2112.1800414569143
72435.0 2112.1800414569143
72517.0 3022.8829113924053
75045.0 3022.8829113924053
75306.0 3874.0410205102553
77305.0 3874.0410205102553
77408.0 3300.330344502124
79527.0 3300.330344502124
79617.0 1969.2456140350878
83265.0 1969.2456140350878
83325.0 1673.3964442392057
87656.0 1673.3964442392057
87734.0 1391.4042003231018
93924.0 1391.4042003231018
94027.0 1532.4850934815563
97985.0 1532.4850934815563
98134.0 1215.9975
104534.0 1215.9975
104624.0 1620.9485049833886
109440.0 1620.9485049833886
109541.0 1046.8062921348314
116216.0 1046.8062921348314
116362.0 903.1569892473118
117757.0 903.1569892473118
117851.0 1493.5244825845532
119832.0 1493.5244825845532
119925.0 1747.458201058201
121815.0 1747.458201058201
121931.0 1536.0
124020.0 1536.0
124129.0 1519.9209157127991
126051.0 1519.9209157127991
126131.0 1372.1637647058824
130381.0 1372.1637647058824
130456.0 1018.8189959294436
137826.0 1018.8189959294436
137935.0 2036.2240896358544
141505.0 2036.2240896358544
141620.0 1549.6702747710242
146424.0 1549.6702747710242
146532.0 1277.2177794309093
151909.0 1277.2177794309093
152031.0 818.3672654690619
162051.0 818.3672654690619
162202.0 555.8277511961722
164292.0 555.8277511961722
164489.0 607.2669603524229
166759.0 607.2669603524229
166840.0 1201.6187050359713
167952.0 1201.6187050359713
168043.0 1204.620884289746
169106.0 1204.620884289746
169237.0 1188.7001795332137
171465.0 1188.7001795332137
171536.0 705.0662177328844
175100.0 705.0662177328844
175270.0 706.08
178170.0 706.08
