31.0 1318.5929283771532
1134.0 1318.5929283771532
1235.0 1329.7435897435898
2171.0 1329.7435897435898
2236.0 1325.6587677725117
3080.0 1325.6587677725117
3135.0 1317.2203389830509
4079.0 1317.2203389830509
4135.0 1308.8448448448448
5134.0 1308.8448448448448
5245.0 1309.6156217882838
7191.0 1309.6156217882838
7339.0 1301.86248269497
9506.0 1301.86248269497
9644.0 1021.5407585791692
17949.0 1021.5407585791692
18034.0 1109.9176834228078
24181.0 1109.9176834228078
24247.0 930.5210640193458
32104.0 930.5210640193458
32251.0 980.1267109894408
39922.0 980.1267109894408
40221.0 962.3913713405238
41519.0 962.3913713405238
41645.0 969.8099547511313
42971.0 969.8099547511313
43045.0 979.1749489448605
44514.0 979.1749489448605
44649.0 982.6793002915452
47393.0 982.6793002915452
47552.0 1030.5001758705594
50395.0 1030.5001758705594
50514.0 2484.2065404475043
51676.0 2484.2065404475043
51719.0 1667.2263529411764
55969.0 1667.2263529411764
56029.0 823.9482794577685
65619.0 823.9482794577685
65775.0 841.4027097802573
74558.0 841.4027097802573
74843.0 672.3710021321962
76719.0 672.3710021321962
76880.0 672.9722814498934
78756.0 672.9722814498934
78882.0 673.9033915724564
80828.0 673.9033915724564
80972.0 678.0985221674877
82596.0 678.0985221674877
82775.0 905.8888888888889
84071.0 905.8888888888889
84150.0 1055.8220368439347
87027.0 1055.8220368439347
87141.0 936.8118811881188
90777.0 936.8118811881188
90869.0 799.9968346082828
98451.0 799.9968346082828
98549.0 963.1663366336634
106629.0 963.1663366336634
106927.0 982.878812860676
108140.0 982.878812860676
108252.0 976.2542635658915
109542.0 976.2542635658915
109654.0 1062.3136593591905
110840.0 1062.3136593591905
110944.0 1161.5015136226034
111935.0 1161.5015136226034
112216.0 1029.8397256002495
115423.0 1029.8397256002495
115556.0 842.4969721851586
125299.0 842.4969721851586
125622.0 985.5828765335422
133284.0 985.5828765335422
133370.0 832.7425389118949
140373.0 832.7425389118949
140445.0 1224.909624796085
146575.0 1224.909624796085
146815.0 1520.463768115942
147574.0 1520.463768115942
147630.0 1515.060606060606
148422.0 1515.060606060606
148534.0 1502.2434782608696
150374.0 1502.2434782608696
150430.0 1501.2396290873596
152479.0 1501.2396290873596
152719.0 1498.8640483383685
154705.0 1498.8640483383685
154832.0 1499.0371953826423
157171.0 1499.0371953826423
157415.0 1492.5976653696498
162555.0 1492.5976653696498
162633.0 1639.5058430717863
167425.0 1639.5058430717863
167521.0 1552.04110228865
171803.0 1552.04110228865
171941.0 1125.679135494597
177956.0 1125.679135494597
178040.0 1016.723259762309
182752.0 1016.723259762309
