132.0 329.34963768115944
4548.0 329.34963768115944
4767.0 337.66684753119915
8453.0 337.66684753119915
8566.0 740.4738583719391
10077.0 740.4738583719391
10160.0 719.5925925925926
11888.0 719.5925925925926
12075.0 707.5411255411256
13923.0 707.5411255411256
14060.0 702.5813630041724
15498.0 702.5813630041724
15672.0 698.3826879271071
17428.0 698.3826879271071
17569.0 771.3765945646145
19372.0 771.3765945646145
19476.0 698.1354950781703
21203.0 698.1354950781703
21405.0 549.1693472090823
26690.0 549.1693472090823
26912.0 602.635956493922
31601.0 602.635956493922
31779.0 396.29719222462205
50299.0 396.29719222462205
50495.0 579.0040522287258
52716.0 579.0040522287258
52889.0 470.52927706902193
55946.0 470.52927706902193
56136.0 450.3247588424437
58624.0 450.3247588424437
58784.0 528.6688963210702
60877.0 528.6688963210702
60991.0 658.2981651376147
62735.0 658.2981651376147
63029.0 691.3123262279889
67345.0 691.3123262279889
67481.0 648.564705882353
69521.0 648.564705882353
69673.0 641.743824336688
74045.0 641.743824336688
74333.0 657.3048462741011
76252.0 657.3048462741011
76375.0 584.2184173993521
78536.0 584.2184173993521
78686.0 564.0498924731182
81011.0 564.0498924731182
81181.0 681.4554455445544
82797.0 681.4554455445544
82970.0 710.568608094768
87022.0 710.568608094768
87150.0 864.2356308132602
95536.0 864.2356308132602
95687.0 622.8065659122135
109516.0 622.8065659122135
109707.0 503.53340883352206
111473.0 503.53340883352206
111529.0 1517.0864197530864
112339.0 1517.0864197530864
112610.0 1518.7668789808918
113395.0 1518.7668789808918
113529.0 1510.0335731414868
114363.0 1510.0335731414868
114427.0 1629.809669211196
116392.0 1629.809669211196
116524.0 1252.9633693151654
122175.0 1252.9633693151654
122250.0 777.7501813433919
129143.0 777.7501813433919
129228.0 840.0826936853956
138999.0 840.0826936853956
139174.0 739.0595031773541
140905.0 739.0595031773541
141048.0 1126.0748663101604
141983.0 1126.0748663101604
142038.0 1126.0930760499432
142919.0 1126.0930760499432
143039.0 977.5891472868217
146135.0 977.5891472868217
146423.0 611.3928012519561
151535.0 611.3928012519561
151644.0 1010.8830059777968
152815.0 1010.8830059777968
152949.0 886.9780853517877
156417.0 886.9780853517877
156727.0 335.3850520340587
177867.0 335.3850520340587
178007.0 499.09341057204927
180769.0 499.09341057204927
180889.0 570.0511945392492
183233.0 570.0511945392492
183368.0 725.9138321995465
185132.0 725.9138321995465
185266.0 557.8377281947262
187238.0 557.8377281947262
187396.0 527.4877505567929
189192.0 527.4877505567929
189576.0 469.31744212697686
193939.0 469.31744212697686
