29.0 1598.2505494505494
939.0 1598.2505494505494
1030.0 1612.2279792746115
1802.0 1612.2279792746115
1931.0 1607.551724137931
2627.0 1607.551724137931
2733.0 1610.6943005181347
3505.0 1610.6943005181347
3626.0 1598.4547677261614
4444.0 1598.4547677261614
4535.0 1437.1975779322718
8994.0 1437.1975779322718
9136.0 1474.1798941798943
14050.0 1474.1798941798943
14127.0 1523.1411131059247
19697.0 1523.1411131059247
19826.0 1556.264598540146
24210.0 1556.264598540146
24331.0 1536.9148623081774
29088.0 1536.9148623081774
29233.0 1528.4716405773531
34152.0 1528.4716405773531
34228.0 1527.7735220649458
39032.0 1527.7735220649458
39131.0 1551.261109973377
44014.0 1551.261109973377
44314.0 1551.287558465856
49659.0 1551.287558465856
49734.0 1551.4798619102417
51472.0 1551.4798619102417
51526.0 1585.2492836676217
52224.0 1585.2492836676217
52332.0 1525.7124735729387
54224.0 1525.7124735729387
54341.0 1528.7361156753204
57384.0 1528.7361156753204
57432.0 1571.3444180522565
58274.0 1571.3444180522565
58329.0 1520.5843621399176
63189.0 1520.5843621399176
63337.0 1529.3379073756432
68001.0 1529.3379073756432
68131.0 1529.8994994994996
73126.0 1529.8994994994996
73419.0 1521.4554027504912
78509.0 1521.4554027504912
78633.0 1520.9656372335799
83231.0 1520.9656372335799
83333.0 1532.382252559727
88021.0 1532.382252559727
88128.0 1525.7852631578946
92878.0 1525.7852631578946
92931.0 1537.9985714285715
98531.0 1537.9985714285715
98630.0 1535.5888607594936
102580.0 1535.5888607594936
102633.0 1528.3550667714062
107725.0 1528.3550667714062
107833.0 1527.1992373689227
109931.0 1527.1992373689227
110032.0 1527.5820895522388
111908.0 1527.5820895522388
112033.0 1540.4405964405964
114112.0 1540.4405964405964
114226.0 1551.4798112218143
116133.0 1551.4798112218143
116233.0 1559.346553352219
118351.0 1559.346553352219
118430.0 1522.3382789317507
123822.0 1522.3382789317507
123930.0 1518.5071385481601
128903.0 1518.5071385481601
129026.0 1525.0251046025105
132850.0 1525.0251046025105
132928.0 1527.7102746693795
137843.0 1527.7102746693795
137927.0 1530.0610397810988
142678.0 1530.0610397810988
142730.0 1535.2889255516602
147579.0 1535.2889255516602
147632.0 1518.372761441521
152155.0 1518.372761441521
152231.0 1520.7789317507418
157623.0 1520.7789317507418
157913.0 1515.2895917931182
162592.0 1515.2895917931182
162733.0 1527.7992156862745
167833.0 1527.7992156862745
167932.0 1523.724329692155
172967.0 1523.724329692155
173028.0 1545.8449460255151
175066.0 1545.8449460255151
175127.0 1548.7859649122806
176837.0 1548.7859649122806
176930.0 1539.7401960784314
178562.0 1539.7401960784314
178632.0 1547.718820861678
179955.0 1547.718820861678
