19.0 2400.013201320132
625.0 2400.013201320132
725.0 2718.839781628293
4938.0 2718.839781628293
5018.0 4084.357927786499
7566.0 4084.357927786499
7613.0 3272.060263653484
11330.0 3272.060263653484
11411.0 4605.3416731821735
13969.0 4605.3416731821735
14018.0 3353.305263157895
14778.0 3353.305263157895
14811.0 3331.500899820036
18145.0 3331.500899820036
18214.0 3514.786058981233
21944.0 3514.786058981233
22014.0 3805.166759620747
23807.0 3805.166759620747
23908.0 3300.724153498871
26123.0 3300.724153498871
26212.0 3198.022968949383
28563.0 3198.022968949383
28608.0 6714.935041171088
29701.0 6714.935041171088
29808.0 6691.526501766784
30940.0 6691.526501766784
31009.0 6769.433990330978
33698.0 6769.433990330978
33806.0 7553.2919020715635
35930.0 7553.2919020715635
36010.0 6198.655147588193
38788.0 6198.655147588193
38907.0 5362.269320843091
42323.0 5362.269320843091
42409.0 5625.160805735746
45338.0 5625.160805735746
45409.0 4955.5949790794975
48994.0 4955.5949790794975
49113.0 3607.3242734685346
53896.0 3607.3242734685346
54014.0 3481.583955621933
58701.0 3481.583955621933
59003.0 3672.5905927019617
63744.0 3672.5905927019617
63814.0 3536.725970149254
68839.0 3536.725970149254
68912.0 3072.064625211347
74235.0 3072.064625211347
74311.0 4572.483010977522
78137.0 4572.483010977522
78209.0 4539.58167115903
81919.0 4539.58167115903
82013.0 4099.4019251336895
86688.0 4099.4019251336895
86813.0 3750.0318516757784
91020.0 3750.0318516757784
91113.0 3645.796754910333
95797.0 3645.796754910333
95913.0 5348.507877664504
99150.0 5348.507877664504
99398.0 7483.6405489154495
101657.0 7483.6405489154495
101707.0 7660.640213999109
103950.0 7660.640213999109
104008.0 7343.356514453289
106395.0 7343.356514453289
106506.0 7895.5925766076825
108823.0 7895.5925766076825
108908.0 4636.43797086891
112890.0 4636.43797086891
113012.0 3828.4785714285713
117492.0 3828.4785714285713
117610.0 4370.588503130336
121124.0 4370.588503130336
121212.0 4486.7422303473495
125041.0 4486.7422303473495
125113.0 3250.3731911652703
130365.0 3250.3731911652703
130601.0 3531.254627725216
135463.0 3531.254627725216
135535.0 4576.214867064568
139221.0 4576.214867064568
139313.0 3330.773394320564
144560.0 3330.773394320564
144615.0 3698.3494553376904
149205.0 3698.3494553376904
149311.0 3617.8553087426126
154218.0 3617.8553087426126
154310.0 6690.121999212908
156851.0 6690.121999212908
156910.0 7100.769656262347
159441.0 7100.769656262347
159507.0 7000.946006247211
161748.0 7000.946006247211
161808.0 6203.704929830875
164587.0 6203.704929830875
164900.0 5185.019891500904
167112.0 5185.019891500904
