108.0 440.5961829748561
3409.0 440.5961829748561
3625.0 442.46000710984714
6438.0 442.46000710984714
6626.0 530.7666034155598
8734.0 530.7666034155598
8870.0 712.5822349570201
10615.0 712.5822349570201
10769.0 704.4913793103449
12625.0 704.4913793103449
12765.0 700.1469161469162
14208.0 700.1469161469162
14363.0 694.4280860702152
16129.0 694.4280860702152
16282.0 634.1960784313726
18475.0 634.1960784313726
18588.0 638.9401165871755
20475.0 638.9401165871755
20570.0 667.9711884753901
22236.0 667.9711884753901
22399.0 630.9114515710205
30101.0 630.9114515710205
30301.0 576.228625264976
43038.0 576.228625264976
43186.0 665.6149068322982
45118.0 665.6149068322982
45271.0 706.8343980343981
47306.0 706.8343980343981
47476.0 646.1407151095732
49210.0 646.1407151095732
49388.0 613.3614190687362
51192.0 613.3614190687362
51389.0 624.2914627514954
53228.0 624.2914627514954
53385.0 691.3123262279889
57701.0 691.3123262279889
57875.0 689.0566999362923
62584.0 689.0566999362923
62844.0 666.8507489622812
73926.0 666.8507489622812
74234.0 661.0943396226415
76142.0 661.0943396226415
76270.0 653.4658385093168
78202.0 653.4658385093168
78400.0 551.7105595288178
80777.0 551.7105595288178
80887.0 677.2644526445265
82513.0 677.2644526445265
82672.0 677.7834274952919
86920.0 677.7834274952919
87249.0 678.0357142857143
91729.0 678.0357142857143
91869.0 714.6974402014267
96635.0 714.6974402014267
96761.0 760.0848443380089
99684.0 760.0848443380089
99759.0 808.9795918367347
101278.0 808.9795918367347
101534.0 811.5942818243703
103003.0 811.5942818243703
103155.0 701.8049830821286
109657.0 701.8049830821286
109785.0 517.2135744767323
124548.0 517.2135744767323
124715.0 427.42220571852954
127408.0 427.42220571852954
127633.0 385.4811320754717
131025.0 385.4811320754717
131257.0 340.52314265369097
135470.0 340.52314265369097
135654.0 331.7717842323651
139510.0 331.7717842323651
139768.0 334.45997458703937
142916.0 334.45997458703937
143179.0 418.2495784148398
145551.0 418.2495784148398
145863.0 464.7732581554571
148346.0 464.7732581554571
148501.0 506.0851961197807
150872.0 506.0851961197807
150996.0 591.872
152996.0 591.872
153194.0 587.2362811791384
155399.0 587.2362811791384
155583.0 598.8041237113403
157523.0 598.8041237113403
157686.0 597.0099610220875
159995.0 597.0099610220875
160199.0 476.68697729988054
166895.0 476.68697729988054
167100.0 534.9660901538881
181786.0 534.9660901538881
181896.0 543.505928853755
183920.0 543.505928853755
184264.0 542.282770463652
186011.0 542.282770463652
186197.0 541.7129071170084
187855.0 541.7129071170084
