20.0 1898.7049608355092
786.0 1898.7049608355092
919.0 1917.7812018489985
1568.0 1917.7812018489985
1625.0 1919.1355060034305
2208.0 1919.1355060034305
2323.0 1918.9135802469136
2971.0 1918.9135802469136
3028.0 1885.7319587628865
4774.0 1885.7319587628865
4830.0 1880.0903342366757
7044.0 1880.0903342366757
7127.0 3804.68487394958
9031.0 3804.68487394958
9106.0 4558.783449758194
10967.0 4558.783449758194
11007.0 3042.8852701702444
16411.0 3042.8852701702444
16510.0 3832.510600706714
21038.0 3832.510600706714
21111.0 2116.122185712547
29328.0 2116.122185712547
29422.0 1581.090909090909
34064.0 1581.090909090909
34131.0 1597.0499683744465
38874.0 1597.0499683744465
38928.0 1671.7
43888.0 1671.7
44213.0 1618.9773399014778
48273.0 1618.9773399014778
48324.0 1482.7062838787392
53305.0 1482.7062838787392
53429.0 1517.580847723705
58525.0 1517.580847723705
58622.0 1679.4766532353638
62841.0 1679.4766532353638
62924.0 1647.896558915537
67719.0 1647.896558915537
67829.0 1601.308775731311
72444.0 1601.308775731311
72527.0 1668.8890968647636
76801.0 1668.8890968647636
76926.0 1554.4849471114728
81842.0 1554.4849471114728
81929.0 1503.9174311926606
82801.0 1503.9174311926606
82929.0 1516.8484848484848
83655.0 1516.8484848484848
83727.0 1509.038560411311
84505.0 1509.038560411311
84626.0 1682.7211516136522
88933.0 1682.7211516136522
89024.0 1625.9754578063055
94321.0 1625.9754578063055
94428.0 1558.4727646454264
98320.0 1558.4727646454264
98427.0 1414.464558342421
103929.0 1414.464558342421
104040.0 1483.2772183165496
109303.0 1483.2772183165496
109423.0 1658.1471286188894
113637.0 1658.1471286188894
113729.0 1651.30276816609
118353.0 1651.30276816609
118423.0 1590.050752301819
122876.0 1590.050752301819
122923.0 1713.905552672548
124850.0 1713.905552672548
124926.0 1713.1361452215697
126799.0 1713.1361452215697
126926.0 1687.1489961253963
129765.0 1687.1489961253963
129828.0 1723.3144208037825
133212.0 1723.3144208037825
133327.0 1721.3883539660706
137689.0 1721.3883539660706
137825.0 1716.8918280585735
142059.0 1716.8918280585735
142129.0 1686.591753511554
146543.0 1686.591753511554
146624.0 1680.763582966226
150710.0 1680.763582966226
150833.0 1520.215053763441
156227.0 1520.215053763441
156329.0 1676.1323877068558
160559.0 1676.1323877068558
160628.0 1634.8669744020142
165394.0 1634.8669744020142
165711.0 1647.4021902512347
170368.0 1647.4021902512347
170425.0 1664.8679805043441
175144.0 1664.8679805043441
175227.0 1538.388888888889
179547.0 1538.388888888889
179627.0 1482.5109144542773
181322.0 1482.5109144542773
181427.0 1726.5025295109613
182613.0 1726.5025295109613
