10.0 4784.236842105263
314.0 4784.236842105263
410.0 4805.559845559846
669.0 4805.559845559846
709.0 4716.8
1304.0 4716.8
1413.0 4695.728301886793
3003.0 4695.728301886793
3109.0 4116.6711409395975
5046.0 4116.6711409395975
5110.0 3842.0047961630694
6778.0 3842.0047961630694
6812.0 4097.35294117647
8580.0 4097.35294117647
8611.0 4575.995685005394
10465.0 4575.995685005394
10511.0 4820.800938141308
13922.0 4820.800938141308
14011.0 4583.625990491284
17797.0 4583.625990491284
17909.0 4497.717537506466
21775.0 4497.717537506466
21813.0 4226.034170854271
25793.0 4226.034170854271
25915.0 4402.416936488169
29930.0 4402.416936488169
30010.0 4820.71186440678
33786.0 4820.71186440678
33908.0 4820.670673076923
37236.0 4820.670673076923
37311.0 3992.54903779272
41624.0 3992.54903779272
41904.0 3901.4935037273694
46599.0 3901.4935037273694
46714.0 5046.277488514548
49979.0 5046.277488514548
50009.0 5062.926189797663
53518.0 5062.926189797663
53615.0 4284.537372734045
57642.0 4284.537372734045
57714.0 3969.3952809535394
61825.0 3969.3952809535394
61913.0 3733.222984562607
66577.0 3733.222984562607
66713.0 3635.1090202495398
71602.0 3635.1090202495398
71713.0 3793.226629552308
76024.0 3793.226629552308
76115.0 3613.782276389176
80956.0 3613.782276389176
81205.0 3399.646346386758
86159.0 3399.646346386758
86215.0 3635.186646433991
91487.0 3635.186646433991
91612.0 3864.8662420382166
95694.0 3864.8662420382166
95809.0 4019.042598258414
100058.0 4019.042598258414
100112.0 4188.995886765062
104245.0 4188.995886765062
104313.0 4491.377258235919
108077.0 4491.377258235919
108210.0 4433.1310629514965
112086.0 4433.1310629514965
112211.0 4427.530184389998
116170.0 4427.530184389998
116213.0 4469.603713657464
120306.0 4469.603713657464
120604.0 4545.124569177745
124666.0 4545.124569177745
124712.0 4687.505875922383
128371.0 4687.505875922383
128411.0 4864.823566677225
131568.0 4864.823566677225
131610.0 4715.821026626407
135253.0 4715.821026626407
135312.0 4685.962119132583
138955.0 4685.962119132583
139011.0 4646.538565629228
142706.0 4646.538565629228
142811.0 4126.2054794520545
146899.0 4126.2054794520545
147015.0 3958.4525481313703
151430.0 3958.4525481313703
151513.0 4291.057633973711
155469.0 4291.057633973711
155706.0 4703.978802331743
159480.0 4703.978802331743
159512.0 4600.703653585927
163207.0 4600.703653585927
163316.0 4444.126607319486
167360.0 4444.126607319486
167414.0 4214.106903035186
171137.0 4214.106903035186
171212.0 4320.826065162907
175202.0 4320.826065162907
175314.0 4324.760180995475
177966.0 4324.760180995475
