15.0 3030.016666666667
495.0 3030.016666666667
615.0 3035.7073170731705
1025.0 3035.7073170731705
1113.0 2995.1931696905017
2050.0 2995.1931696905017
2114.0 2992.994129158513
3136.0 2992.994129158513
3212.0 2998.622950819672
4310.0 2998.622950819672
4413.0 2982.067938576082
6562.0 2982.067938576082
6613.0 2694.9851190476193
9301.0 2694.9851190476193
9423.0 1901.7924232234925
13884.0 1901.7924232234925
14011.0 3128.227418615314
16192.0 3128.227418615314
16309.0 3180.123531970422
18608.0 3180.123531970422
18715.0 3211.683895771038
21056.0 3211.683895771038
21109.0 3719.931069437405
23082.0 3719.931069437405
23111.0 3960.4983195160207
27574.0 3960.4983195160207
27608.0 4050.5135736537604
32102.0 4050.5135736537604
32209.0 4006.7912087912086
36213.0 4006.7912087912086
36311.0 3864.4219030520644
40767.0 3864.4219030520644
40809.0 3807.422988983579
45620.0 3807.422988983579
45710.0 3575.5416666666665
50318.0 3575.5416666666665
50413.0 3579.65101752972
55376.0 3579.65101752972
55410.0 3590.0607573866
60216.0 3590.0607573866
60501.0 3759.0840820087537
64842.0 3759.0840820087537
64912.0 3832.6550737398197
69455.0 3832.6550737398197
69512.0 3685.617586063874
74334.0 3685.617586063874
74414.0 4652.233285917497
77929.0 4652.233285917497
78007.0 4724.364029165541
81710.0 4724.364029165541
81811.0 3720.311022752375
86338.0 3720.311022752375
86413.0 3719.135261013002
91566.0 3719.135261013002
91611.0 4427.837215829357
95174.0 4427.837215829357
95208.0 4236.395931530637
99239.0 4236.395931530637
99504.0 3074.0625
105136.0 3074.0625
105209.0 3370.995812562313
110224.0 3370.995812562313
110308.0 4035.419445749178
114566.0 4035.419445749178
114612.0 3254.473078351281
119998.0 3254.473078351281
120115.0 3020.653537563822
122857.0 3020.653537563822
122911.0 2716.2303110522835
125933.0 2716.2303110522835
126014.0 2718.3354931605472
128792.0 2718.3354931605472
128914.0 2711.155741515574
131065.0 2711.155741515574
131111.0 2695.1529073941133
133897.0 2695.1529073941133
134015.0 2697.3358070500926
136710.0 2697.3358070500926
136815.0 2698.3022834360277
139574.0 2698.3022834360277
139612.0 4407.9589216944805
141170.0 4407.9589216944805
141208.0 4533.480674448768
145063.0 4533.480674448768
145106.0 5175.434146341463
148386.0 5175.434146341463
148507.0 5866.760079312624
151533.0 5866.760079312624
151604.0 4414.3339392365615
155455.0 4414.3339392365615
155511.0 3912.9214021336816
160104.0 3912.9214021336816
160210.0 3947.9416205334674
164184.0 3947.9416205334674
164311.0 4356.86024766237
168268.0 4356.86024766237
168311.0 4379.253150057274
170930.0 4379.253150057274
