65.0 720.3605745418524
2084.0 720.3605745418524
2168.0 726.1610268378063
3882.0 726.1610268378063
3966.0 726.0584036340039
5507.0 726.0584036340039
5676.0 927.9522388059702
7016.0 927.9522388059702
7158.0 1049.38683788122
8404.0 1049.38683788122
8541.0 1157.2875143184422
9414.0 1157.2875143184422
9551.0 1175.4733333333334
11951.0 1175.4733333333334
12048.0 1594.7172932330827
17368.0 1594.7172932330827
17425.0 1615.2140151515152
21649.0 1615.2140151515152
21729.0 1245.5032367972742
27599.0 1245.5032367972742
27729.0 1907.2937595129376
31671.0 1907.2937595129376
31719.0 2888.399842581661
34260.0 2888.399842581661
34316.0 2663.434599156118
37160.0 2663.434599156118
37213.0 3903.7815442561205
39337.0 3903.7815442561205
39412.0 3910.201070791196
41093.0 3910.201070791196
41404.0 3987.7753779697623
43256.0 3987.7753779697623
43311.0 4459.972318339101
45045.0 4459.972318339101
45108.0 4677.037623762376
46623.0 4677.037623762376
46710.0 4983.396353436186
50275.0 4983.396353436186
50311.0 4992.428240740741
53767.0 4992.428240740741
53809.0 5048.943069306931
57041.0 5048.943069306931
57110.0 5073.354312354312
60542.0 5073.354312354312
60610.0 5087.90380761523
64103.0 5087.90380761523
64207.0 5266.537842190016
67312.0 5266.537842190016
67410.0 5264.616310562745
70733.0 5264.616310562745
70810.0 5346.618412698413
73960.0 5346.618412698413
74202.0 5486.602920125966
77695.0 5486.602920125966
77809.0 5557.021486438887
80648.0 5557.021486438887
80709.0 5941.862212943633
83583.0 5941.862212943633
83710.0 5955.665634674922
86617.0 5955.665634674922
86709.0 5434.118932819029
89820.0 5434.118932819029
89909.0 5146.0964360587
93248.0 5146.0964360587
93311.0 5192.118483412322
96687.0 5192.118483412322
96808.0 5441.43010113028
100170.0 5441.43010113028
100211.0 5439.686505598114
103605.0 5439.686505598114
103905.0 4972.915047839953
107354.0 4972.915047839953
107408.0 4967.0918499353165
110500.0 4967.0918499353165
110609.0 5015.981313868613
114034.0 5015.981313868613
114112.0 5101.900777047221
117458.0 5101.900777047221
117514.0 5096.159097655091
120883.0 5096.159097655091
121012.0 4983.139734121122
124397.0 4983.139734121122
124511.0 4941.070964093865
128048.0 4941.070964093865
128112.0 4551.052010723861
131842.0 4551.052010723861
131912.0 4211.818742586002
136127.0 4211.818742586002
136402.0 4215.125216960079
140435.0 4215.125216960079
140512.0 4221.763683345079
144769.0 4221.763683345079
144812.0 4225.456504174522
148525.0 4225.456504174522
148612.0 4172.33688286544
152744.0 4172.33688286544
152811.0 4118.227648114901
155596.0 4118.227648114901
