10.0 3636.02
410.0 3636.02
517.0 3682.3668639053253
855.0 3682.3668639053253
916.0 3668.3803278688524
1221.0 3668.3803278688524
1318.0 3602.873969375736
2167.0 3602.873969375736
2214.0 3606.2300109529024
3127.0 3606.2300109529024
3217.0 3586.157806379407
5004.0 3586.157806379407
5113.0 3587.9742446755818
7132.0 3587.9742446755818
7211.0 3018.10601209534
10022.0 3018.10601209534
10121.0 2562.529530933458
16538.0 2562.529530933458
16617.0 2626.5488118662024
23224.0 2626.5488118662024
23321.0 2066.0855513307984
31737.0 2066.0855513307984
31835.0 1976.8505933994472
37986.0 1976.8505933994472
38121.0 2876.873528294721
40754.0 2876.873528294721
41006.0 3654.31115028647
43275.0 3654.31115028647
43315.0 3986.0812613705275
44964.0 3986.0812613705275
45015.0 4992.577494692145
45957.0 4992.577494692145
46009.0 6493.360201511335
47200.0 6493.360201511335
47309.0 6468.824499411072
49856.0 6468.824499411072
49909.0 4666.616233254531
53716.0 4666.616233254531
53820.0 3097.0798779393285
59391.0 3097.0798779393285
59518.0 2551.310819262039
65914.0 2551.310819262039
66039.0 2010.1306857538675
74701.0 2010.1306857538675
74822.0 2127.1552180822887
80485.0 2127.1552180822887
80528.0 2312.632275132275
83552.0 2312.632275132275
83624.0 1865.9241558441558
87474.0 1865.9241558441558
87602.0 1649.4037323623122
91996.0 1649.4037323623122
92111.0 3841.5664585191794
94353.0 3841.5664585191794
94422.0 2359.2283158304162
96993.0 2359.2283158304162
97118.0 2806.4853948791924
99891.0 2806.4853948791924
100013.0 4134.792372881356
101901.0 4134.792372881356
102012.0 3527.2246340232205
103993.0 3527.2246340232205
104305.0 3015.649289099526
106837.0 3015.649289099526
106915.0 2782.1202357563852
109460.0 2782.1202357563852
109515.0 2777.5425888665327
112497.0 2777.5425888665327
112621.0 2776.8768606224626
115577.0 2776.8768606224626
115621.0 2778.342899190581
118339.0 2778.342899190581
118422.0 4843.345316934721
121593.0 4843.345316934721
121707.0 6240.369051943335
124460.0 6240.369051943335
124507.0 4534.119521912351
128272.0 4534.119521912351
128312.0 3852.998204667864
132768.0 3852.998204667864
132816.0 2915.8043215211756
138601.0 2915.8043215211756
138715.0 2915.677010343677
144709.0 2915.677010343677
144819.0 3148.261127596439
150211.0 3148.261127596439
150316.0 2449.67793569753
157563.0 2449.67793569753
157811.0 2380.2296275553067
164953.0 2380.2296275553067
165025.0 3156.3133122585177
170719.0 3156.3133122585177
170823.0 2826.8684684684686
176373.0 2826.8684684684686
176420.0 2792.1484536082476
178845.0 2792.1484536082476
178921.0 2309.9324975891996
180995.0 2309.9324975891996
