18.0 2456.7702702702704
610.0 2456.7702702702704
723.0 2494.2685370741483
1222.0 2494.2685370741483
1320.0 2459.024175824176
1775.0 2459.024175824176
1818.0 2491.8957915831666
2317.0 2491.8957915831666
2426.0 2519.1185921958686
3733.0 2519.1185921958686
3819.0 3678.796785304248
5561.0 3678.796785304248
5620.0 2604.8615605897157
8401.0 2604.8615605897157
8518.0 2237.9045106831973
12309.0 2237.9045106831973
12418.0 2709.5567911040507
14936.0 2709.5567911040507
15012.0 3275.5842293906812
17244.0 3275.5842293906812
17311.0 3124.917705735661
19717.0 3124.917705735661
19814.0 3216.2243645924627
22096.0 3216.2243645924627
22217.0 3267.2280961182996
27627.0 3267.2280961182996
27714.0 3126.5901751975266
33536.0 3126.5901751975266
33615.0 3336.0765231856935
38424.0 3336.0765231856935
38516.0 3696.0429276668815
43175.0 3696.0429276668815
43210.0 4016.998245614035
47770.0 4016.998245614035
47811.0 4078.2415841584157
51851.0 4078.2415841584157
51913.0 4343.718337408313
56003.0 4343.718337408313
56110.0 5715.081815170586
59129.0 5715.081815170586
59399.0 7340.613585245164
61622.0 7340.613585245164
61710.0 7133.04055714871
64151.0 7133.04055714871
64210.0 7218.541023558083
66672.0 7218.541023558083
66709.0 6967.447805709417
69056.0 6967.447805709417
69108.0 5902.2672064777325
72072.0 5902.2672064777325
72110.0 5452.200712204597
75199.0 5452.200712204597
75309.0 3877.140198260166
80252.0 3877.140198260166
80317.0 3177.5194360523665
85282.0 3177.5194360523665
85411.0 4615.381621621622
89111.0 4615.381621621622
89402.0 4526.305882352941
93227.0 4526.305882352941
93312.0 5064.572798082684
96650.0 5064.572798082684
96710.0 5731.42628418946
99708.0 5731.42628418946
99810.0 6847.10625
102370.0 6847.10625
102408.0 7014.604294478528
105016.0 7014.604294478528
105109.0 6988.0
107751.0 6988.0
107810.0 4623.068463611859
111520.0 4623.068463611859
111616.0 3365.085013146363
116180.0 3365.085013146363
116318.0 2118.601060550006
124427.0 2118.601060550006
124709.0 4547.405434203516
128463.0 4547.405434203516
128514.0 4043.5609985869055
132760.0 4043.5609985869055
132816.0 3753.4330218068535
137310.0 3753.4330218068535
137411.0 4597.886871875822
141212.0 4597.886871875822
141314.0 4052.380997851516
145503.0 4052.380997851516
145615.0 3790.0973526900084
150299.0 3790.0973526900084
150419.0 3405.36858974359
155411.0 3405.36858974359
155519.0 2653.4841281559134
162292.0 2653.4841281559134
162422.0 2043.1201979424404
170101.0 2043.1201979424404
170409.0 2293.480909937475
177926.0 2293.480909937475
178026.0 2330.203982121089
182948.0 2330.203982121089
