34.0 1232.549152542373
1214.0 1232.549152542373
1342.0 1232.3168316831684
2352.0 1232.3168316831684
2440.0 1239.0431893687708
3343.0 1239.0431893687708
3441.0 1240.9740518962076
4443.0 1240.9740518962076
4541.0 1221.996261682243
5611.0 1221.996261682243
5740.0 1229.0900243309002
6562.0 1229.0900243309002
6651.0 1210.581550802139
12635.0 1210.581550802139
12742.0 1477.0013927576601
18486.0 1477.0013927576601
18638.0 1451.0131858783495
23340.0 1451.0131858783495
23420.0 1639.2609865470852
27880.0 1639.2609865470852
27928.0 1721.2802197802198
32296.0 1721.2802197802198
32419.0 2258.2843076923077
35669.0 2258.2843076923077
35713.0 2441.911025145068
38815.0 2441.911025145068
38922.0 1580.8640610104862
44167.0 1580.8640610104862
44408.0 1976.2621767889357
47734.0 1976.2621767889357
47823.0 2009.621768707483
51498.0 2009.621768707483
51621.0 1719.3401511783015
56119.0 1719.3401511783015
56230.0 1778.9887019834296
60213.0 1778.9887019834296
60323.0 2228.331641285956
63869.0 2228.331641285956
63924.0 1581.0954214805306
68598.0 1581.0954214805306
68720.0 1629.2444038373687
73098.0 1629.2444038373687
73235.0 1304.5148514851485
79093.0 1304.5148514851485
79234.0 1189.0385383079995
85747.0 1189.0385383079995
85836.0 1571.6571428571428
87586.0 1571.6571428571428
87631.0 1586.5297297297298
88371.0 1586.5297297297298
88432.0 1603.5208333333333
89200.0 1603.5208333333333
89327.0 1532.964896489649
91549.0 1532.964896489649
91626.0 1724.644867785044
95143.0 1724.644867785044
95224.0 1412.410889292196
100734.0 1412.410889292196
100833.0 1724.047703180212
105361.0 1724.047703180212
105415.0 2276.7781036168135
108484.0 2276.7781036168135
108531.0 1595.7416927899687
113316.0 1595.7416927899687
113421.0 1865.743346508564
117216.0 1865.743346508564
117327.0 1897.9450045829515
121691.0 1897.9450045829515
121822.0 2010.8887800097991
125904.0 2010.8887800097991
126210.0 1809.618020608675
130383.0 1809.618020608675
130424.0 1600.3556531284303
134068.0 1600.3556531284303
134126.0 1954.8804998698256
137967.0 1954.8804998698256
138021.0 1999.8129298486933
141656.0 1999.8129298486933
141710.0 2628.7485875706216
144542.0 2628.7485875706216
144620.0 2325.634947511006
147573.0 2325.634947511006
147617.0 1847.6881478143307
152055.0 1847.6881478143307
152138.0 1368.469407450299
157319.0 1368.469407450299
157432.0 1092.6624596830738
164563.0 1092.6624596830738
164826.0 754.4450781787787
174995.0 754.4450781787787
175139.0 1254.1743388834475
176160.0 1254.1743388834475
176237.0 1257.2068571428572
177112.0 1257.2068571428572
177237.0 1259.7978723404256
177989.0 1259.7978723404256
178036.0 1251.6088019559902
179672.0 1251.6088019559902
