8.0 4407.296969696969
338.0 4407.296969696969
415.0 4365.143638850889
1146.0 4365.143638850889
1212.0 4371.489096573208
1854.0 4371.489096573208
1911.0 4369.771428571428
2611.0 4369.771428571428
2712.0 4354.992900054615
4543.0 4354.992900054615
4609.0 4341.777777777777
6085.0 4341.777777777777
6212.0 4345.488418932528
10184.0 4345.488418932528
10308.0 3499.116883116883
15544.0 3499.116883116883
15613.0 3027.757687350396
21044.0 3027.757687350396
21114.0 2960.3561924257933
26976.0 2960.3561924257933
27016.0 2838.8858775510203
33141.0 2838.8858775510203
33217.0 2785.627028817489
39255.0 2785.627028817489
39503.0 3561.2637517630465
41630.0 3561.2637517630465
41709.0 3617.6404886561954
44001.0 3617.6404886561954
44111.0 3496.3021276595746
45991.0 3496.3021276595746
46115.0 2888.290965975753
48672.0 2888.290965975753
48716.0 2885.668656716418
51396.0 2885.668656716418
51514.0 3052.8703145196037
53835.0 3052.8703145196037
53906.0 5178.023591087811
55432.0 5178.023591087811
55512.0 4767.5689416966015
59131.0 4767.5689416966015
59213.0 4174.516244563827
63122.0 4174.516244563827
63209.0 4544.9626729313495
67040.0 4544.9626729313495
67113.0 4438.573426573426
71117.0 4438.573426573426
71208.0 3944.187168355041
75354.0 3944.187168355041
75414.0 3348.1952153110046
80639.0 3348.1952153110046
80713.0 2988.7929015084296
86348.0 2988.7929015084296
86414.0 3796.4944532488116
91462.0 3796.4944532488116
91699.0 3894.441866205875
95750.0 3894.441866205875
95810.0 3665.3599484867996
100469.0 3665.3599484867996
100613.0 3380.8084358523724
105734.0 3380.8084358523724
105813.0 3541.1696690406366
110587.0 3541.1696690406366
110711.0 3778.9346822080493
115258.0 3778.9346822080493
115311.0 3748.6295979469633
119987.0 3748.6295979469633
120113.0 4102.733348284369
124572.0 4102.733348284369
124611.0 5621.8928136419
127895.0 5621.8928136419
128011.0 5904.159724612737
130916.0 5904.159724612737
131198.0 5994.632318501171
133760.0 5994.632318501171
133806.0 6798.470914127423
136333.0 6798.470914127423
136408.0 6538.092684795098
139019.0 6538.092684795098
139114.0 4568.642895156999
142872.0 4568.642895156999
142912.0 4883.592356687898
146366.0 4883.592356687898
146410.0 5227.809751720012
149753.0 5227.809751720012
149810.0 4418.382092660073
153652.0 4418.382092660073
153710.0 4172.224676850764
157965.0 4172.224676850764
158008.0 4381.340206185567
161888.0 4381.340206185567
162202.0 4902.358974358975
165868.0 4902.358974358975
165910.0 6064.599922690375
168497.0 6064.599922690375
168607.0 5928.506189821183
171515.0 5928.506189821183
171609.0 5848.681285058644
173570.0 5848.681285058644
