13.0 3127.7591397849465
478.0 3127.7591397849465
517.0 3143.030303030303
913.0 3143.030303030303
1015.0 3151.707042253521
1370.0 3151.707042253521
1416.0 3092.861476238625
2405.0 3092.861476238625
2514.0 3097.354656632173
3577.0 3097.354656632173
3618.0 3285.50150956055
6599.0 3285.50150956055
6710.0 4547.470182046453
8303.0 4547.470182046453
8408.0 4812.192853091322
10171.0 4812.192853091322
10210.0 4622.927185830757
13767.0 4622.927185830757
13808.0 4648.702919903563
17541.0 4648.702919903563
17607.0 4200.042512077294
21747.0 4200.042512077294
21810.0 3959.4199623352165
26058.0 3959.4199623352165
26106.0 4697.237310656391
29869.0 4697.237310656391
29908.0 4663.850371509096
33811.0 4663.850371509096
33911.0 4729.71462264151
37303.0 4729.71462264151
37408.0 4799.293199554069
40996.0 4799.293199554069
41301.0 4725.880288957688
45177.0 4725.880288957688
45207.0 4651.636363636364
48749.0 4651.636363636364
48808.0 3411.908584597657
54015.0 3411.908584597657
54114.0 3770.505244755245
58690.0 3770.505244755245
58809.0 4786.794954532121
62218.0 4786.794954532121
62307.0 4184.511415525114
66468.0 4184.511415525114
66520.0 2500.639932460954
73627.0 2500.639932460954
73713.0 3348.8838828588982
78596.0 3348.8838828588982
78714.0 2057.9131866839193
87215.0 2057.9131866839193
87311.0 3772.7641853201458
89232.0 3772.7641853201458
89310.0 3717.217091066034
91627.0 3717.217091066034
91714.0 3638.617876424715
93381.0 3638.617876424715
93414.0 3597.9583911234395
95577.0 3597.9583911234395
95611.0 3654.8701709943
100348.0 3654.8701709943
100414.0 3717.9555751044645
104961.0 3717.9555751044645
105015.0 2912.8353958298017
110914.0 2912.8353958298017
111010.0 3719.20050922979
115723.0 3719.20050922979
115815.0 3788.3802029405674
120644.0 3788.3802029405674
120709.0 4608.661008487269
124715.0 4608.661008487269
124808.0 4670.910675381264
128480.0 4670.910675381264
128511.0 4808.468378209142
131705.0 4808.468378209142
132002.0 4668.406521739131
135682.0 4668.406521739131
135810.0 4390.679012345679
139698.0 4390.679012345679
139810.0 4331.220988900101
143774.0 4331.220988900101
143910.0 4162.864758144126
147962.0 4162.864758144126
148013.0 3584.201804757998
152889.0 3584.201804757998
153015.0 3280.9091611905683
158189.0 3280.9091611905683
158318.0 3231.30979250091
163812.0 3231.30979250091
163910.0 4101.2303980699635
168055.0 4101.2303980699635
168116.0 3347.9970193740687
173484.0 3347.9970193740687
173802.0 4336.40685461581
177420.0 4336.40685461581
177508.0 3904.8915062287656
181923.0 3904.8915062287656
182011.0 3881.307614213198
184966.0 3881.307614213198
