10.0 4040.0222222222224
370.0 4040.0222222222224
409.0 4027.9611650485435
718.0 4027.9611650485435
815.0 3997.8575498575497
1517.0 3997.8575498575497
1616.0 3977.6853055916777
2385.0 3977.6853055916777
2409.0 3986.0629539951574
3235.0 3986.0629539951574
3312.0 3965.633663366337
4928.0 3965.633663366337
5007.0 3971.5570175438597
6831.0 3971.5570175438597
6910.0 3966.2907900888267
9049.0 3966.2907900888267
9110.0 3993.140359397766
13228.0 3993.140359397766
13308.0 4302.903049838829
17341.0 4302.903049838829
17409.0 4129.227261933032
21620.0 4129.227261933032
21708.0 4433.21454928835
25502.0 4433.21454928835
25609.0 4388.20854021847
29637.0 4388.20854021847
29709.0 4348.544672718585
33895.0 4348.544672718585
34009.0 4363.119934729399
37686.0 4363.119934729399
37809.0 4258.126607319486
41853.0 4258.126607319486
42102.0 3983.7999130056546
46700.0 3983.7999130056546
46811.0 4307.476078431372
50636.0 4307.476078431372
50710.0 4193.015813075289
54947.0 4193.015813075289
55007.0 4145.562710235464
59169.0 4145.562710235464
59210.0 4007.41257367387
63282.0 4007.41257367387
63410.0 3969.847697218422
67796.0 3969.847697218422
67911.0 3861.8096479791393
72513.0 3861.8096479791393
72612.0 3846.765466948953
76863.0 3846.765466948953
76911.0 3828.0787746170677
81481.0 3828.0787746170677
81802.0 3925.8386946386945
86092.0 3925.8386946386945
86210.0 4019.442953020134
90978.0 4019.442953020134
91109.0 4288.2261484098935
94788.0 4288.2261484098935
94910.0 4257.519820493642
98921.0 4257.519820493642
99010.0 4238.217870257038
103095.0 4238.217870257038
103210.0 4194.924069478908
107240.0 4194.924069478908
107312.0 4186.846003898636
111416.0 4186.846003898636
111510.0 4214.616975234431
115669.0 4214.616975234431
115712.0 4191.085452462772
120077.0 4191.085452462772
120401.0 4150.696043165468
124849.0 4150.696043165468
124911.0 4211.044438988461
128984.0 4211.044438988461
129110.0 4219.298901098901
132750.0 4219.298901098901
132811.0 4055.6506137865913
137047.0 4055.6506137865913
137113.0 4080.057361376673
141297.0 4080.057361376673
141410.0 4117.256594724221
145580.0 4117.256594724221
145712.0 4152.616445100935
149774.0 4152.616445100935
149813.0 4188.010543973161
153986.0 4188.010543973161
154113.0 4128.264591439689
158225.0 4128.264591439689
158503.0 4118.02737183948
162814.0 4118.02737183948
162911.0 4076.642685851319
167081.0 4076.642685851319
167111.0 4041.3870024735775
171558.0 4041.3870024735775
171611.0 4065.5921223114797
175470.0 4065.5921223114797
175509.0 4155.241262954929
179658.0 4155.241262954929
179711.0 4160.052230685527
182468.0 4160.052230685527
