49.0 756.7159209157128
1971.0 756.7159209157128
2082.0 796.9330669330669
6086.0 796.9330669330669
6135.0 1458.7431551499349
6902.0 1458.7431551499349
7027.0 1461.1703877790835
7878.0 1461.1703877790835
7928.0 1447.2474725274726
10203.0 1447.2474725274726
10334.0 1437.4010152284263
12107.0 1437.4010152284263
12242.0 1128.543386820377
18661.0 1128.543386820377
18730.0 1376.1388483373885
24895.0 1376.1388483373885
25028.0 1610.258201557706
29265.0 1610.258201557706
29335.0 1230.8255892255893
35275.0 1230.8255892255893
35347.0 1364.1998877035373
38909.0 1364.1998877035373
39213.0 1429.0440917107583
41481.0 1429.0440917107583
41530.0 1479.825086306099
42399.0 1479.825086306099
42530.0 1006.9992713140637
50764.0 1006.9992713140637
50842.0 1461.5024390243902
52687.0 1461.5024390243902
52728.0 1326.8623188405797
54936.0 1326.8623188405797
55036.0 1284.9169919333854
58879.0 1284.9169919333854
58929.0 1428.9770114942528
61017.0 1428.9770114942528
61130.0 1187.6896046852123
63862.0 1187.6896046852123
63939.0 1094.6952789699571
66502.0 1094.6952789699571
66821.0 1421.5062068965517
68996.0 1421.5062068965517
69131.0 1457.255530129672
74375.0 1457.255530129672
74433.0 1237.8849104859335
80689.0 1237.8849104859335
80841.0 1453.3250207813799
85653.0 1453.3250207813799
85727.0 963.6228034875923
93182.0 963.6228034875923
93230.0 1621.7229805325576
97699.0 1621.7229805325576
97828.0 1106.6159578568675
105611.0 1106.6159578568675
105745.0 850.1338432122371
106791.0 850.1338432122371
106939.0 1314.2673796791444
107874.0 1314.2673796791444
107940.0 1302.9857923497268
108855.0 1302.9857923497268
108940.0 1293.7896162528216
111155.0 1293.7896162528216
111239.0 1098.2770919067216
114155.0 1098.2770919067216
114251.0 1068.59281617869
120877.0 1068.59281617869
120939.0 1164.9271448663853
128049.0 1164.9271448663853
128132.0 1328.4427900954847
134311.0 1328.4427900954847
134442.0 1311.9416261292565
140198.0 1311.9416261292565
140329.0 1399.8310129620738
144495.0 1399.8310129620738
144638.0 1414.3333961197966
149947.0 1414.3333961197966
150028.0 1632.2942008486564
150735.0 1632.2942008486564
150832.0 1625.918699186992
151570.0 1625.918699186992
151629.0 1579.1197771587745
154501.0 1579.1197771587745
154630.0 1285.153017781117
158623.0 1285.153017781117
158746.0 1105.4006859993763
165160.0 1105.4006859993763
165234.0 1443.4944421572663
167663.0 1443.4944421572663
167730.0 1205.3987915407854
170378.0 1205.3987915407854
170447.0 1142.2508383635145
174920.0 1142.2508383635145
175032.0 1288.2031401434388
180191.0 1288.2031401434388
180324.0 1648.6389091794497
184431.0 1648.6389091794497
184531.0 1226.8373879641485
188436.0 1226.8373879641485
