18.0 2708.3947858472998
555.0 2708.3947858472998
625.0 2717.5545851528386
1083.0 2717.5545851528386
1127.0 2672.8533333333335
2177.0 2672.8533333333335
2218.0 2671.475982532751
3363.0 2671.475982532751
3416.0 2668.14262560778
4650.0 2668.14262560778
4725.0 2787.50065245759
7024.0 2787.50065245759
7117.0 2788.344880677444
9715.0 2788.344880677444
9814.0 2692.445572834021
12965.0 2692.445572834021
13021.0 2698.8386075949365
15549.0 2698.8386075949365
15618.0 2658.5832727272727
18368.0 2658.5832727272727
18415.0 2716.2398843930637
21183.0 2716.2398843930637
21220.0 2664.0377495462794
23975.0 2664.0377495462794
24019.0 2655.9635343618515
26871.0 2655.9635343618515
27105.0 2671.273195876289
30209.0 2671.273195876289
30318.0 2661.153036437247
32788.0 2661.153036437247
32921.0 2686.8254017787485
39330.0 2686.8254017787485
39414.0 2707.288205734555
46180.0 2707.288205734555
46220.0 2693.0526315789475
52338.0 2693.0526315789475
52415.0 2653.9898416492383
59109.0 2653.9898416492383
59221.0 2689.1882793017458
65637.0 2689.1882793017458
65716.0 2662.889033942559
71844.0 2662.889033942559
71919.0 2707.954642097803
74741.0 2707.954642097803
74820.0 2671.2960325534077
76786.0 2671.2960325534077
76820.0 2683.5763622409822
79426.0 2683.5763622409822
79517.0 2696.6246246246246
82181.0 2696.6246246246246
82216.0 2677.31067602512
84923.0 2677.31067602512
85016.0 2667.3248683803035
88245.0 2667.3248683803035
88315.0 2688.6418439716313
90571.0 2688.6418439716313
90614.0 2682.6556359875904
93515.0 2682.6556359875904
93615.0 2705.888388214905
96500.0 2705.888388214905
96618.0 2692.652023121387
99213.0 2692.652023121387
99510.0 2730.9098712446353
102306.0 2730.9098712446353
102413.0 2728.514836223507
105008.0 2728.514836223507
105116.0 2694.4150943396226
108190.0 2694.4150943396226
108319.0 2667.9618497109827
115239.0 2667.9618497109827
115317.0 2699.7613725798833
121670.0 2699.7613725798833
121722.0 2673.789693593315
127466.0 2673.789693593315
127520.0 2706.749015282811
133867.0 2706.749015282811
133918.0 2640.111351685741
140384.0 2640.111351685741
140521.0 2685.1673443853615
146915.0 2685.1673443853615
147210.0 2606.2998102466795
149845.0 2606.2998102466795
149918.0 2604.841168996188
153066.0 2604.841168996188
153115.0 2727.987687572143
155714.0 2727.987687572143
155821.0 2698.9179078628335
158708.0 2698.9179078628335
158818.0 2645.500689655172
161718.0 2645.500689655172
161820.0 2647.0727762803235
164788.0 2647.0727762803235
164917.0 2434.3736263736264
167647.0 2434.3736263736264
167720.0 2408.737104233369
170531.0 2408.737104233369
170617.0 2546.943115364168
172498.0 2546.943115364168
