19.0 2376.483660130719
631.0 2376.483660130719
724.0 2398.150289017341
1243.0 2398.150289017341
1324.0 2334.855241264559
2526.0 2334.855241264559
2622.0 2395.868978805395
3141.0 2395.868978805395
3223.0 2348.4222539229672
4625.0 2348.4222539229672
4726.0 2336.2974845060153
7469.0 2336.2974845060153
7522.0 2356.5777488614185
10596.0 2356.5777488614185
10712.0 3038.6446991404014
13504.0 3038.6446991404014
13613.0 3077.430762291385
15830.0 3077.430762291385
15913.0 2913.951375049821
18422.0 2913.951375049821
18521.0 3008.62424969988
21020.0 3008.62424969988
21112.0 3274.847352024922
26248.0 3274.847352024922
26320.0 3137.8846085567193
31953.0 3137.8846085567193
32011.0 4385.21031076849
36162.0 4385.21031076849
36212.0 4476.337053571428
39796.0 4476.337053571428
39911.0 3806.335985853227
44435.0 3806.335985853227
44516.0 3271.5684943739952
50115.0 3271.5684943739952
50215.0 3207.96261682243
55351.0 3207.96261682243
55416.0 4258.343240651965
59588.0 4258.343240651965
59902.0 4305.922635388071
63909.0 4305.922635388071
64009.0 4232.9919584954605
67864.0 4232.9919584954605
67913.0 4336.675466998755
71928.0 4336.675466998755
72009.0 3269.9260349586016
77444.0 3269.9260349586016
77514.0 2943.762376237624
83069.0 2943.762376237624
83117.0 4197.2936660268715
87285.0 4197.2936660268715
87414.0 4252.991919191919
91374.0 4252.991919191919
91412.0 4331.006553672316
95837.0 4331.006553672316
95913.0 4236.408163265306
99637.0 4236.408163265306
99900.0 4276.712246431254
103893.0 4276.712246431254
104014.0 4243.411764705882
108094.0 4243.411764705882
108214.0 4204.313354886844
112235.0 4204.313354886844
112311.0 4298.928196147111
116308.0 4298.928196147111
116412.0 4398.642910915934
120397.0 4398.642910915934
120512.0 4289.352403282533
124777.0 4289.352403282533
124913.0 4207.451230628988
129301.0 4207.451230628988
129412.0 4025.248533208167
133673.0 4025.248533208167
133812.0 4052.308179419525
137602.0 4052.308179419525
137901.0 4401.674609274916
141804.0 4401.674609274916
141914.0 4201.565345803593
145977.0 4201.565345803593
146115.0 3974.296296296296
150435.0 3974.296296296296
150515.0 3816.2733031674206
154935.0 3816.2733031674206
155012.0 3795.128773072747
159617.0 3795.128773072747
159713.0 3687.10338835795
164317.0 3687.10338835795
164417.0 3670.172397550636
166540.0 3670.172397550636
166612.0 3414.3088562527814
168859.0 3414.3088562527814
168916.0 3508.9379187137115
171155.0 3508.9379187137115
171214.0 3540.671283963772
173091.0 3540.671283963772
173213.0 3526.5416666666665
175133.0 3526.5416666666665
175214.0 3512.316715542522
176578.0 3512.316715542522
