32.0 1425.8901960784315
1052.0 1425.8901960784315
1137.0 1440.5555555555557
2001.0 1440.5555555555557
2129.0 1438.1182519280205
2907.0 1438.1182519280205
3035.0 1437.521387283237
3900.0 1437.521387283237
4028.0 1427.4410480349345
4944.0 1427.4410480349345
5038.0 1418.1155122814782
9557.0 1418.1155122814782
9630.0 1306.8951831138372
15173.0 1306.8951831138372
15239.0 1070.2530591648795
23166.0 1070.2530591648795
23239.0 1172.8836169847
29056.0 1172.8836169847
29135.0 1372.1824907521577
29946.0 1372.1824907521577
30037.0 1370.4347826086957
30865.0 1370.4347826086957
31118.0 1359.2861806311207
32037.0 1359.2861806311207
32145.0 1332.8193186718413
34464.0 1332.8193186718413
34539.0 1113.8692307692309
37659.0 1113.8692307692309
37755.0 1114.6483342147012
41537.0 1114.6483342147012
41635.0 1204.2002282732758
47768.0 1204.2002282732758
47836.0 1204.797008879888
54255.0 1204.797008879888
54342.0 1184.109625668449
60326.0 1184.109625668449
60442.0 1213.773271889401
66952.0 1213.773271889401
67037.0 1230.4428904428905
73043.0 1230.4428904428905
73316.0 1285.7981651376147
74297.0 1285.7981651376147
74433.0 1285.6374745417515
75415.0 1285.6374745417515
75538.0 1269.6777251184835
78070.0 1269.6777251184835
78135.0 1305.982905982906
80241.0 1305.982905982906
80338.0 1352.3832785345232
82467.0 1352.3832785345232
82537.0 1295.1179413867048
88133.0 1295.1179413867048
88225.0 1654.7150816522574
93430.0 1654.7150816522574
93529.0 1984.8089005235602
96585.0 1984.8089005235602
96616.0 2239.534964028777
100091.0 2239.534964028777
100217.0 1970.3402322059567
104179.0 1970.3402322059567
104220.0 2251.105670103093
107324.0 2251.105670103093
107417.0 2251.068396226415
110809.0 2251.068396226415
110919.0 2057.087739686229
114361.0 2057.087739686229
114608.0 1912.8480369515012
118938.0 1912.8480369515012
119023.0 1911.608756404285
123317.0 1911.608756404285
123423.0 1768.9238697587257
127692.0 1768.9238697587257
127826.0 1612.7477876106195
131442.0 1612.7477876106195
131537.0 1240.2867525602908
137591.0 1240.2867525602908
137734.0 1764.3980582524273
141854.0 1764.3980582524273
141920.0 2460.216787838731
144946.0 2460.216787838731
145014.0 2477.4891774891776
147786.0 2477.4891774891776
147821.0 1609.744797801335
152915.0 1609.744797801335
153212.0 2472.982211370771
156079.0 2472.982211370771
156115.0 2534.735198438517
159189.0 2534.735198438517
159315.0 2537.86040357261
162338.0 2537.86040357261
162417.0 2545.0314220926466
165504.0 2545.0314220926466
165618.0 2687.3594824100282
168091.0 2687.3594824100282
168214.0 2681.568316831683
170739.0 2681.568316831683
170813.0 2688.4399551066217
172595.0 2688.4399551066217
