9.0 5615.474903474904
268.0 5615.474903474904
308.0 5631.85520361991
529.0 5631.85520361991
607.0 5524.59842519685
1115.0 5524.59842519685
1208.0 5511.423423423424
1763.0 5511.423423423424
1812.0 5533.593277310924
2407.0 5533.593277310924
2508.0 4951.546063117628
5645.0 4951.546063117628
5709.0 4521.949174744564
9526.0 4521.949174744564
9607.0 5672.252631578947
12837.0 5672.252631578947
12906.0 5292.485355648536
16013.0 5292.485355648536
16111.0 3919.9475943076577
20538.0 3919.9475943076577
20608.0 4820.675353479346
24215.0 4820.675353479346
24306.0 4221.791164658634
28290.0 4221.791164658634
28413.0 3482.8973399014776
33488.0 3482.8973399014776
33801.0 6083.893048128342
36793.0 6083.893048128342
36906.0 6693.029620358781
39303.0 6693.029620358781
39404.0 6243.605511240029
42162.0 6243.605511240029
42205.0 7929.658874458874
44515.0 7929.658874458874
44606.0 7179.126797385621
46901.0 7179.126797385621
47004.0 5863.30297029703
50034.0 5863.30297029703
50106.0 4517.892642052893
53925.0 4517.892642052893
54017.0 3380.6057592707684
58844.0 3380.6057592707684
58911.0 6472.770260223048
61601.0 6472.770260223048
61901.0 4474.332326283988
65873.0 4474.332326283988
65912.0 4054.69873543268
69945.0 4054.69873543268
70009.0 4735.874390904169
73703.0 4735.874390904169
73808.0 4773.766439909297
77336.0 4773.766439909297
77408.0 4036.374052232519
82156.0 4036.374052232519
82212.0 3151.4950059928087
87218.0 3151.4950059928087
87316.0 2743.719794344473
93540.0 2743.719794344473
93611.0 4194.069767441861
97739.0 4194.069767441861
97812.0 3280.082266201009
102966.0 3280.082266201009
103207.0 3261.7342444950646
108475.0 3261.7342444950646
108614.0 3759.0804203302596
113277.0 3759.0804203302596
113307.0 3791.520829015544
118132.0 3791.520829015544
118211.0 3696.895474569483
123205.0 3696.895474569483
123312.0 3369.6628683693516
128402.0 3369.6628683693516
128515.0 2435.883901665345
134820.0 2435.883901665345
134921.0 3159.1338250790304
138717.0 3159.1338250790304
138819.0 3554.679706601467
140864.0 3554.679706601467
140913.0 3526.5826622453815
143024.0 3526.5826622453815
143114.0 2798.5330073349633
145568.0 2798.5330073349633
145623.0 2418.890855457227
149013.0 2418.890855457227
149118.0 2329.950706539599
152161.0 2329.950706539599
152218.0 2539.6923076923076
155286.0 2539.6923076923076
155417.0 1918.4676169042261
159416.0 1918.4676169042261
159527.0 1831.7817673117277
163816.0 1831.7817673117277
164109.0 1882.6742209631727
167639.0 1882.6742209631727
167722.0 2069.364303178484
170994.0 2069.364303178484
171124.0 2208.75979714154
173293.0 2208.75979714154
