19.0 2107.8376811594203
709.0 2107.8376811594203
824.0 2134.8885077186965
1407.0 2134.8885077186965
1525.0 2135.2213740458014
2049.0 2135.2213740458014
2118.0 2121.938566552901
2704.0 2121.938566552901
2824.0 2173.259405940594
4339.0 2173.259405940594
4425.0 2318.547033285094
7189.0 2318.547033285094
7320.0 2428.4679852497484
10303.0 2428.4679852497484
10421.0 2440.004601668105
13898.0 2440.004601668105
14018.0 2253.935910142055
17045.0 2253.935910142055
17118.0 2347.8175979447656
20232.0 2347.8175979447656
20318.0 2352.4881101376723
23514.0 2352.4881101376723
23618.0 2252.0478674440014
26877.0 2252.0478674440014
26918.0 2252.3960749330954
30281.0 2252.3960749330954
30512.0 2436.56538348516
33915.0 2436.56538348516
34019.0 2521.307249712313
36626.0 2521.307249712313
36718.0 2435.001648532806
39751.0 2435.001648532806
39819.0 2406.96918767507
43032.0 2406.96918767507
43120.0 2408.4677090414684
46062.0 2408.4677090414684
46115.0 2405.3771689497717
49400.0 2405.3771689497717
49520.0 2407.963506028022
52589.0 2407.963506028022
52721.0 2514.2164258019034
55558.0 2514.2164258019034
55618.0 2512.113083497699
58660.0 2512.113083497699
58910.0 2430.6993094789705
62096.0 2430.6993094789705
62217.0 2361.0398379473327
65179.0 2361.0398379473327
65224.0 2522.612833453497
72159.0 2522.612833453497
72223.0 2430.2810966810966
79153.0 2430.2810966810966
79220.0 2537.3631669535284
86773.0 2537.3631669535284
86823.0 2280.8130692496748
93740.0 2280.8130692496748
93821.0 2580.366047745358
96837.0 2580.366047745358
96915.0 2672.5395412529956
99836.0 2672.5395412529956
99921.0 2511.6578001437815
102703.0 2511.6578001437815
103010.0 2566.5963025210085
105985.0 2566.5963025210085
106019.0 2639.0219903093553
108702.0 2639.0219903093553
108821.0 2550.8567908838927
112068.0 2550.8567908838927
112120.0 2635.135794542536
115235.0 2635.135794542536
115318.0 2542.604713804714
118288.0 2542.604713804714
118419.0 2454.4175084175085
120795.0 2454.4175084175085
120916.0 2602.667590987868
123801.0 2602.667590987868
123920.0 2664.007490636704
130328.0 2664.007490636704
130422.0 2466.095949439816
137384.0 2466.095949439816
137525.0 2548.0253776435047
144145.0 2548.0253776435047
144219.0 2569.3278447515436
151021.0 2569.3278447515436
151119.0 2595.6305810397553
157659.0 2595.6305810397553
157718.0 2460.3018629617936
160885.0 2460.3018629617936
160920.0 2417.8859123857546
164093.0 2417.8859123857546
164219.0 2494.9228326452844
167368.0 2494.9228326452844
167420.0 2673.3065164923573
169906.0 2673.3065164923573
170021.0 2690.423982869379
170955.0 2690.423982869379
171022.0 2816.1870503597124
172134.0 2816.1870503597124
