22.0 1621.4136008918617
919.0 1621.4136008918617
1031.0 1635.5321944809461
1792.0 1635.5321944809461
1926.0 1614.5108225108224
2619.0 1614.5108225108224
2739.0 1585.5187937991082
7448.0 1585.5187937991082
7529.0 1540.8680193236714
12704.0 1540.8680193236714
12828.0 1556.7211093990754
13477.0 1556.7211093990754
13529.0 1626.4721485411142
14283.0 1626.4721485411142
14327.0 1567.6082779009607
19739.0 1567.6082779009607
19828.0 1567.7077205882354
24180.0 1567.7077205882354
24232.0 1557.8742808438099
28925.0 1557.8742808438099
29032.0 1538.165302782324
33920.0 1538.165302782324
34219.0 1552.6600380791199
38946.0 1552.6600380791199
39029.0 1547.7744176542706
43923.0 1547.7744176542706
44030.0 1546.9462686567165
49390.0 1546.9462686567165
49533.0 1574.1598207617626
52211.0 1574.1598207617626
52333.0 1585.2492836676217
53031.0 1585.2492836676217
53132.0 1590.1274238227147
53854.0 1590.1274238227147
53931.0 1585.4315789473685
54691.0 1585.4315789473685
54829.0 1556.6611872146118
58114.0 1556.6611872146118
58229.0 1538.9504373177842
63031.0 1538.9504373177842
63317.0 1541.90056204064
67943.0 1541.90056204064
68027.0 1570.135196219437
72894.0 1570.135196219437
73027.0 1558.818035426731
77995.0 1558.818035426731
78131.0 1571.5505617977528
82581.0 1571.5505617977528
82633.0 1563.0565709312446
87229.0 1563.0565709312446
87327.0 1562.9674358421394
91964.0 1562.9674358421394
92031.0 1549.899586107612
97588.0 1549.899586107612
97733.0 1557.6723163841807
101627.0 1557.6723163841807
101733.0 1563.983922829582
106709.0 1563.983922829582
107014.0 1548.5990874826423
112055.0 1548.5990874826423
112130.0 1543.842686699072
116656.0 1543.842686699072
116739.0 1559.1898734177216
118793.0 1559.1898734177216
118932.0 1589.8453038674033
119656.0 1589.8453038674033
119731.0 1595.5053140096618
121801.0 1595.5053140096618
121928.0 1561.4131386861313
123983.0 1561.4131386861313
124030.0 1549.7549071618037
125915.0 1549.7549071618037
126031.0 1549.3347502656748
129795.0 1549.3347502656748
129931.0 1540.8774882002872
134804.0 1540.8774882002872
135119.0 1546.6638297872341
139819.0 1546.6638297872341
139932.0 1552.9027951606174
144726.0 1552.9027951606174
144833.0 1564.73000683527
149222.0 1564.73000683527
149327.0 1556.280129056747
154596.0 1556.280129056747
154733.0 1545.3443766346993
159321.0 1545.3443766346993
159436.0 1569.6567284448026
164400.0 1569.6567284448026
164528.0 1569.5482815057283
169416.0 1569.5482815057283
169532.0 1551.1376110562685
174597.0 1551.1376110562685
174727.0 1554.946186242396
179001.0 1554.946186242396
179315.0 1557.2585096596135
183663.0 1557.2585096596135
183730.0 1568.1833060556464
186785.0 1568.1833060556464
