27.0 1623.2232142857142
923.0 1623.2232142857142
1021.0 1637.6842105263158
1781.0 1637.6842105263158
1826.0 1633.3664233576642
2511.0 1633.3664233576642
2624.0 1636.1263157894737
3384.0 1636.1263157894737
3520.0 1624.2683229813665
4325.0 1624.2683229813665
4430.0 1612.9822784810126
6010.0 1612.9822784810126
6130.0 1601.9725785050862
10652.0 1601.9725785050862
10725.0 1599.52790346908
16029.0 1599.52790346908
16117.0 1985.063718359034
19554.0 1985.063718359034
19619.0 2080.5645987478656
23133.0 2080.5645987478656
23220.0 1742.0185356811862
27536.0 1742.0185356811862
27620.0 1734.2684310018903
31852.0 1734.2684310018903
31921.0 1565.689954526664
36759.0 1565.689954526664
36830.0 1498.036495031617
42365.0 1498.036495031617
42618.0 1839.6439966414778
46191.0 1839.6439966414778
46319.0 1841.7356608478804
50329.0 1841.7356608478804
50426.0 1793.0888012984
54739.0 1793.0888012984
54827.0 1607.1018371512814
59236.0 1607.1018371512814
59323.0 1445.3382110846899
64790.0 1445.3382110846899
64924.0 1349.2861055322257
70401.0 1349.2861055322257
70552.0 1628.5004566210046
74932.0 1628.5004566210046
75026.0 2128.6484679665737
78616.0 2128.6484679665737
78717.0 2115.3258672493853
82378.0 2115.3258672493853
82610.0 2101.3822115384614
85938.0 2101.3822115384614
86020.0 1604.9615728328865
90496.0 1604.9615728328865
90635.0 1471.5695431472082
95560.0 1471.5695431472082
95624.0 2008.111914199114
99913.0 2008.111914199114
100018.0 1673.7240618101546
103642.0 1673.7240618101546
103722.0 2051.7753756920642
107515.0 2051.7753756920642
107626.0 1688.6195111399525
112249.0 1688.6195111399525
112322.0 1822.9668666840596
116155.0 1822.9668666840596
116222.0 1964.905815748842
120108.0 1964.905815748842
120227.0 1790.963680387409
121879.0 1790.963680387409
121919.0 2051.3639751552796
123529.0 2051.3639751552796
123623.0 2083.782641509434
126273.0 2083.782641509434
126328.0 1969.623369848722
130162.0 1969.623369848722
130216.0 1871.5327342747112
133332.0 1871.5327342747112
133427.0 1903.8275862068965
137371.0 1903.8275862068965
137421.0 1305.7876773845878
142988.0 1305.7876773845878
143143.0 2093.536557930259
146699.0 2093.536557930259
146816.0 2169.857819905213
149981.0 2169.857819905213
150028.0 1989.3352741387675
154150.0 1989.3352741387675
154224.0 2199.1439205955335
157448.0 2199.1439205955335
157703.0 2197.3423575860124
161249.0 2197.3423575860124
161320.0 2175.2061241848596
164847.0 2175.2061241848596
164917.0 2264.7771692130295
168386.0 2264.7771692130295
168524.0 2118.533630857507
171661.0 2118.533630857507
171724.0 2169.4841396988145
174845.0 2169.4841396988145
174918.0 2273.7541528239203
177025.0 2273.7541528239203
