11.0 3406.1077283372365
438.0 3406.1077283372365
516.0 3419.3406593406594
880.0 3419.3406593406594
915.0 3369.1428571428573
1748.0 3369.1428571428573
1812.0 3372.480705622933
2719.0 3372.480705622933
2815.0 3369.9979529170932
3792.0 3369.9979529170932
3919.0 3355.2167539267016
5829.0 3355.2167539267016
5913.0 3298.7795992714027
8109.0 3298.7795992714027
8218.0 3013.817406749556
11033.0 3013.817406749556
11119.0 2458.694976076555
17807.0 2458.694976076555
17932.0 1978.0699874615298
26705.0 1978.0699874615298
26815.0 2462.676711431379
29868.0 2462.676711431379
29911.0 3437.6693208430916
32046.0 3437.6693208430916
32113.0 3682.4540593096744
34170.0 3682.4540593096744
34403.0 3680.2627607634267
36656.0 3680.2627607634267
36709.0 4555.126819126819
38152.0 4555.126819126819
38208.0 4544.836923076923
39833.0 4544.836923076923
40101.0 4254.938908246226
44406.0 4254.938908246226
44510.0 3728.4670739986423
48929.0 3728.4670739986423
49014.0 3772.7347632193673
53723.0 3772.7347632193673
53810.0 4425.194152346756
57709.0 4425.194152346756
57805.0 6447.326748320822
60336.0 6447.326748320822
60405.0 7910.836892321672
62606.0 7910.836892321672
62706.0 7842.916151809356
64972.0 7842.916151809356
65005.0 7210.141093474427
67273.0 7210.141093474427
67306.0 4748.729641693811
70990.0 4748.729641693811
71298.0 7145.459482392872
73655.0 7145.459482392872
73709.0 2535.3491202540017
81268.0 2535.3491202540017
81322.0 2963.814390381364
86645.0 2963.814390381364
86707.0 6280.585509378448
89426.0 6280.585509378448
89505.0 7677.658536585366
91760.0 7677.658536585366
91804.0 7722.952946550937
93993.0 7722.952946550937
94104.0 7623.2546583850935
96358.0 7623.2546583850935
96402.0 7045.254019292604
98890.0 7045.254019292604
99006.0 5296.493341053851
102460.0 5296.493341053851
102701.0 1736.9739392228807
113330.0 1736.9739392228807
113435.0 1564.782775294225
124396.0 1564.782775294225
124526.0 3019.1169648122664
129613.0 3019.1169648122664
129710.0 3178.4895467160036
135115.0 3178.4895467160036
135215.0 2915.122950819672
141071.0 2915.122950819672
141104.0 7045.121050471892
143541.0 7045.121050471892
143606.0 6263.619754920163
146299.0 6263.619754920163
146405.0 6480.002966258806
149102.0 6480.002966258806
149204.0 7977.172932330827
151332.0 7977.172932330827
151599.0 7848.28293545535
153861.0 7848.28293545535
153905.0 6829.89152269988
156394.0 6829.89152269988
156509.0 4168.881466017166
160820.0 4168.881466017166
160914.0 3515.3753080887295
165377.0 3515.3753080887295
165410.0 4459.414381789964
169276.0 4459.414381789964
169307.0 6938.453720508167
170960.0 6938.453720508167
