11.0 3767.896373056995
397.0 3767.896373056995
516.0 3727.7102803738317
1372.0 3727.7102803738317
1413.0 3727.086321381142
2166.0 3727.086321381142
2213.0 3730.2926829268295
3033.0 3730.2926829268295
3116.0 3717.478787878788
5261.0 3717.478787878788
5310.0 3717.2064965197214
7034.0 3717.2064965197214
7116.0 5896.918346429791
10043.0 5896.918346429791
10106.0 6012.922874958976
13153.0 6012.922874958976
13210.0 3955.677652152995
17367.0 3955.677652152995
17411.0 4417.924643584522
21339.0 4417.924643584522
21411.0 4519.931375097479
25258.0 4519.931375097479
25312.0 5580.496350364963
28326.0 5580.496350364963
28407.0 5367.659884603705
31700.0 5367.659884603705
31813.0 4129.539019963702
36221.0 4129.539019963702
36501.0 6240.059120964605
39072.0 6240.059120964605
39110.0 4989.818603303391
42561.0 4989.818603303391
42615.0 4762.7436297451895
46461.0 4762.7436297451895
46518.0 3487.0044444444443
51243.0 3487.0044444444443
51309.0 5331.875150060024
54641.0 5331.875150060024
54718.0 2929.3432937181665
60608.0 2929.3432937181665
60711.0 5058.3335399876005
63937.0 5058.3335399876005
64012.0 4038.9125492925077
68323.0 4038.9125492925077
68413.0 2779.923040825903
74806.0 2779.923040825903
75099.0 5873.778735632184
77883.0 5873.778735632184
78014.0 3765.458458889367
82660.0 3765.458458889367
82713.0 4925.957297455397
86132.0 4925.957297455397
86211.0 3586.2095808383233
91555.0 3586.2095808383233
91617.0 5864.8267657992565
94307.0 5864.8267657992565
94417.0 3815.2171581769435
98893.0 3815.2171581769435
99005.0 8549.68888888889
101030.0 8549.68888888889
101109.0 6167.655600145932
103850.0 6167.655600145932
103914.0 2975.379393939394
109689.0 2975.379393939394
110001.0 4812.902800658979
113643.0 4812.902800658979
113724.0 2428.5262179742467
121257.0 2428.5262179742467
121312.0 5928.80411046885
124426.0 5928.80411046885
124506.0 4817.860674157303
128066.0 4817.860674157303
128112.0 3928.945510360706
132021.0 3928.945510360706
132116.0 3664.6194539249145
136804.0 3664.6194539249145
136916.0 4191.249693100908
140989.0 4191.249693100908
141111.0 4177.362530413625
145221.0 4177.362530413625
145314.0 2595.065846153846
151814.0 2595.065846153846
152110.0 2891.078246484698
158155.0 2891.078246484698
158219.0 3151.128888888889
160469.0 3151.128888888889
160518.0 2270.3310023310023
163950.0 2270.3310023310023
164024.0 2215.4062951198384
167487.0 2215.4062951198384
167522.0 2396.6510500807753
172474.0 2396.6510500807753
172526.0 2645.6369426751594
175038.0 2645.6369426751594
175112.0 4255.788812067882
176703.0 4255.788812067882
176812.0 4269.875222816399
177934.0 4269.875222816399
