30.0 1598.2505494505494
940.0 1598.2505494505494
1031.0 1610.1423027166882
1804.0 1610.1423027166882
1926.0 1609.864748201439
2621.0 1609.864748201439
2728.0 1612.7833981841763
3499.0 1612.7833981841763
3635.0 1582.926923076923
5715.0 1582.926923076923
5835.0 1577.2739355156289
9898.0 1577.2739355156289
10026.0 1551.8680377035132
14694.0 1551.8680377035132
14832.0 1567.6082779009607
20244.0 1567.6082779009607
20327.0 1555.2003647139275
24714.0 1555.2003647139275
24827.0 1564.5418360796064
29500.0 1564.5418360796064
29628.0 1564.4094881398253
34434.0 1564.4094881398253
34531.0 1565.9108171538298
39218.0 1565.9108171538298
39331.0 1595.7042342532125
44078.0 1595.7042342532125
44130.0 1532.9827966475518
46397.0 1532.9827966475518
46534.0 1493.8903047091412
48339.0 1493.8903047091412
48429.0 1525.8916666666667
50349.0 1525.8916666666667
50429.0 1528.1355214399152
52318.0 1528.1355214399152
52430.0 1563.7861635220127
54338.0 1563.7861635220127
54430.0 1567.1685838952797
59472.0 1567.1685838952797
59530.0 1569.0106157112527
64240.0 1569.0106157112527
64331.0 1574.5766004415011
68861.0 1574.5766004415011
68928.0 1583.8026943005182
73753.0 1583.8026943005182
73827.0 1567.6534412955466
78767.0 1567.6534412955466
78832.0 1587.9654859218892
83236.0 1587.9654859218892
83327.0 1572.293280805428
87896.0 1572.293280805428
88030.0 1550.5947796320067
92704.0 1550.5947796320067
93018.0 1514.470195181994
98705.0 1514.470195181994
98830.0 1602.106708927628
102616.0 1602.106708927628
102726.0 1571.2465172622653
107679.0 1571.2465172622653
107729.0 1582.82400648824
112661.0 1582.82400648824
112726.0 1592.0328092959671
117115.0 1592.0328092959671
117227.0 1582.300395256917
119251.0 1582.300395256917
119326.0 1654.7382550335572
121114.0 1654.7382550335572
121229.0 1655.48671679198
123224.0 1655.48671679198
123325.0 1589.5522850503485
128489.0 1589.5522850503485
128815.0 1581.804775869292
133589.0 1581.804775869292
133729.0 1559.2770053475936
137469.0 1559.2770053475936
137530.0 1504.7486973947896
142520.0 1504.7486973947896
142630.0 1565.3143841515935
147274.0 1565.3143841515935
147333.0 1581.9413514662133
152039.0 1581.9413514662133
152130.0 1552.0
156555.0 1552.0
156631.0 1550.3951597655512
161920.0 1550.3951597655512
162031.0 1613.4444444444443
162751.0 1613.4444444444443
162834.0 1595.4814814814815
163698.0 1595.4814814814815
163826.0 1557.0224390243902
165876.0 1557.0224390243902
165929.0 1548.8849557522124
167963.0 1548.8849557522124
168031.0 1563.7270588235294
172281.0 1563.7270588235294
172332.0 1554.755453501722
176687.0 1554.755453501722
176730.0 1567.1573438011121
179787.0 1567.1573438011121
