9.0 4367.591591591591
342.0 4367.591591591591
409.0 4382.5352112676055
693.0 4382.5352112676055
808.0 4370.53125
1064.0 4370.53125
1111.0 3915.15888830624
3018.0 3915.15888830624
3121.0 1915.4436704299783
7284.0 1915.4436704299783
7319.0 1804.1846846846847
10871.0 1804.1846846846847
10925.0 2099.1364821790785
14376.0 2099.1364821790785
14417.0 2196.1936318923117
18280.0 2196.1936318923117
18316.0 2231.0869849574888
21374.0 2231.0869849574888
21415.0 2149.060552616108
24817.0 2149.060552616108
24921.0 2155.548165137615
28409.0 2155.548165137615
28707.0 2173.356233343204
32084.0 2173.356233343204
32120.0 1525.0267767263942
37087.0 1525.0267767263942
37226.0 1457.9975382451205
42913.0 1457.9975382451205
43019.0 1892.613878491218
46492.0 1892.613878491218
46623.0 1937.3976915005246
50435.0 1937.3976915005246
50517.0 2131.640573318633
54145.0 2131.640573318633
54222.0 1962.2575463860426
57833.0 1962.2575463860426
57923.0 1904.015421686747
62073.0 1904.015421686747
62122.0 1836.4910536779323
66146.0 1836.4910536779323
66414.0 1981.3422222222223
70014.0 1981.3422222222223
70119.0 2252.9033018867926
73511.0 2252.9033018867926
73616.0 2209.4744650499288
77121.0 2209.4744650499288
77218.0 2168.4961240310076
80443.0 2168.4961240310076
80519.0 1987.2221300138312
84134.0 1987.2221300138312
84220.0 1833.8765182186235
88172.0 1833.8765182186235
88225.0 1851.8150935282736
92876.0 1851.8150935282736
92919.0 2107.5663655316193
95797.0 2107.5663655316193
95921.0 2122.8543371522096
99587.0 2122.8543371522096
99910.0 2141.1102578167856
103556.0 2141.1102578167856
103621.0 2138.791551882461
106888.0 2138.791551882461
107019.0 2144.2358887952823
110580.0 2144.2358887952823
110617.0 1531.9117265253137
115239.0 1531.9117265253137
115333.0 1507.852175496086
120826.0 1507.852175496086
120929.0 1270.2643144537294
127391.0 1270.2643144537294
127526.0 1531.4410870006084
132457.0 1531.4410870006084
132539.0 1373.1330350835883
136786.0 1373.1330350835883
136828.0 2044.29512659951
140501.0 2044.29512659951
140807.0 2132.3907304194777
144216.0 2132.3907304194777
144320.0 2054.253863134658
147944.0 2054.253863134658
148018.0 2118.3220234423197
151260.0 2118.3220234423197
151319.0 2153.371848739496
155127.0 2153.371848739496
155225.0 2162.2254283137963
157443.0 2162.2254283137963
157519.0 2161.9800221975584
161123.0 2161.9800221975584
161220.0 2152.0201963534364
164785.0 2152.0201963534364
164817.0 2143.6594815825374
168482.0 2143.6594815825374
168519.0 2147.2827140549275
171614.0 2147.2827140549275
171907.0 2144.0658644711843
175065.0 2144.0658644711843
175119.0 2154.136690647482
177343.0 2154.136690647482
