45.0 879.859649122807
1698.0 879.859649122807
1850.0 884.6055437100213
3257.0 884.6055437100213
3353.0 884.4711462450593
4618.0 884.4711462450593
4756.0 883.7640369580668
6163.0 883.7640369580668
6246.0 880.4956228956229
7731.0 880.4956228956229
7855.0 905.2974910394265
8971.0 905.2974910394265
9032.0 1399.9543378995434
9908.0 1399.9543378995434
10042.0 1338.7874388511914
16379.0 1338.7874388511914
16432.0 1307.023754789272
21652.0 1307.023754789272
21731.0 1334.1430656934306
27211.0 1334.1430656934306
27334.0 1351.0425876010781
32899.0 1351.0425876010781
33034.0 1360.1601186063751
38430.0 1360.1601186063751
38534.0 1347.5908201387654
44155.0 1347.5908201387654
44232.0 1359.0611375184396
50333.0 1359.0611375184396
50435.0 1386.6435643564357
51243.0 1386.6435643564357
51330.0 1384.8610763454317
52129.0 1384.8610763454317
52242.0 1371.329216152019
54347.0 1371.329216152019
54435.0 1357.4631483166515
56633.0 1357.4631483166515
56729.0 1353.1142618849042
59127.0 1353.1142618849042
59233.0 1349.77899543379
64708.0 1349.77899543379
64829.0 1353.2217795484728
70100.0 1353.2217795484728
70229.0 1360.7279202279203
75845.0 1360.7279202279203
75932.0 1359.3484289977182
81629.0 1359.3484289977182
81733.0 1351.1205564142194
86909.0 1351.1205564142194
87036.0 1350.086074046232
92357.0 1350.086074046232
92434.0 1360.007506098705
97763.0 1360.007506098705
97831.0 1367.5439822165768
104129.0 1367.5439822165768
104232.0 1420.5111821086261
104858.0 1420.5111821086261
104928.0 1399.5899772209568
105806.0 1399.5899772209568
105929.0 1400.9776733254994
106780.0 1400.9776733254994
106832.0 1383.7489135683245
108903.0 1383.7489135683245
109033.0 1368.6222222222223
111373.0 1368.6222222222223
111434.0 1359.8033416554638
116641.0 1359.8033416554638
116736.0 1358.031152647975
122835.0 1358.031152647975
122938.0 1363.3031057963794
128959.0 1363.3031057963794
129033.0 1372.7569532812215
134534.0 1372.7569532812215
134628.0 1351.1807228915663
138944.0 1351.1807228915663
139038.0 1351.7004500450046
144593.0 1351.7004500450046
144731.0 1372.6057401812689
150027.0 1372.6057401812689
150130.0 1361.2389833607606
155599.0 1361.2389833607606
155730.0 1356.2944062806673
157768.0 1356.2944062806673
157828.0 1364.4425711275026
158777.0 1364.4425711275026
158830.0 1351.8365122615803
161032.0 1351.8365122615803
161128.0 1368.55893832943
163690.0 1368.55893832943
163829.0 1377.0043140638481
166147.0 1377.0043140638481
166235.0 1380.5574057843996
168517.0 1380.5574057843996
168629.0 1370.8415841584158
173477.0 1370.8415841584158
173530.0 1369.5307443365696
178474.0 1369.5307443365696
178534.0 1364.900284900285
182044.0 1364.900284900285
