15.0 2974.2494887525563
504.0 2974.2494887525563
626.0 2999.132530120482
1041.0 2999.132530120482
1115.0 2991.5935828877004
1489.0 2991.5935828877004
1618.0 2878.260601387818
4212.0 2878.260601387818
4316.0 3066.92
6916.0 3066.92
7011.0 3693.6391930835734
8746.0 3693.6391930835734
8809.0 3907.292340884574
10663.0 3907.292340884574
10710.0 3701.525305410122
13002.0 3701.525305410122
13106.0 3247.341266063779
15207.0 3247.341266063779
15308.0 3718.771108850458
17274.0 3718.771108850458
17314.0 3783.3281114012184
21910.0 3783.3281114012184
22011.0 3818.3010215664017
26416.0 3818.3010215664017
26509.0 3927.0615418795824
31010.0 3927.0615418795824
31111.0 4225.396471680594
35419.0 4225.396471680594
35509.0 4440.407417658455
39122.0 4440.407417658455
39209.0 4358.355859276133
43160.0 4358.355859276133
43207.0 4135.81214721156
47636.0 4135.81214721156
47711.0 4531.379537953795
51347.0 4531.379537953795
51601.0 4460.408737132814
55584.0 4460.408737132814
55710.0 4394.761079979623
59636.0 4394.761079979623
59711.0 4365.485286249331
63449.0 4365.485286249331
63509.0 4263.406464250735
67593.0 4263.406464250735
67710.0 4259.838926174497
71882.0 4259.838926174497
72010.0 4249.6361746361745
75858.0 4249.6361746361745
75910.0 4260.672187043351
80016.0 4260.672187043351
80108.0 4336.212152420186
83992.0 4336.212152420186
84109.0 4334.925130061072
88530.0 4334.925130061072
88800.0 4334.171428571429
92440.0 4334.171428571429
92510.0 4133.8445896877265
96641.0 4133.8445896877265
96715.0 3512.501521606817
101644.0 3512.501521606817
101711.0 3568.075981426762
106449.0 3568.075981426762
106512.0 4178.700389105058
110624.0 4178.700389105058
110710.0 4062.2461181923522
115025.0 4062.2461181923522
115114.0 2677.3142104492904
121947.0 2677.3142104492904
122014.0 2711.0566813509545
128824.0 2711.0566813509545
128912.0 4093.8598290598293
130082.0 4093.8598290598293
130111.0 4092.418245614035
131536.0 4092.418245614035
131611.0 4085.253536452666
133449.0 4085.253536452666
133509.0 4040.4639053254436
137734.0 4040.4639053254436
137811.0 3999.291870486839
142104.0 3999.291870486839
142211.0 3623.615037593985
146866.0 3623.615037593985
146914.0 3408.0670826833075
152042.0 3408.0670826833075
152110.0 4209.13067195636
156143.0 4209.13067195636
156210.0 4194.899810964083
160442.0 4194.899810964083
160509.0 4153.334962130467
164602.0 4153.334962130467
164710.0 4175.661710037175
169014.0 4175.661710037175
169302.0 4430.70319118893
172843.0 4430.70319118893
172909.0 4409.231713554987
176819.0 4409.231713554987
176912.0 3915.761010583817
179841.0 3915.761010583817
