118.0 392.65874730021596
3822.0 392.65874730021596
4029.0 394.49762282091916
7184.0 394.49762282091916
7335.0 392.4433532094002
10186.0 392.4433532094002
10337.0 456.31412844036697
13062.0 456.31412844036697
13135.0 1331.5030549898167
14117.0 1331.5030549898167
14244.0 1016.1531100478469
16752.0 1016.1531100478469
16855.0 923.4638554216867
18183.0 923.4638554216867
18248.0 929.0527722110888
19745.0 929.0527722110888
19849.0 824.1148325358852
21312.0 824.1148325358852
21459.0 818.8668138337013
22818.0 818.8668138337013
22976.0 995.9666180951119
30525.0 995.9666180951119
30642.0 1144.281883380106
37056.0 1144.281883380106
37127.0 1589.3428451531684
41893.0 1589.3428451531684
42030.0 1546.9462686567165
47390.0 1546.9462686567165
47522.0 2436.2668643439583
50220.0 2436.2668643439583
50307.0 3213.820713664056
52605.0 3213.820713664056
52722.0 3087.2622754491017
55227.0 3087.2622754491017
55311.0 1848.1251956181534
59145.0 1848.1251956181534
59417.0 1502.788893115253
64675.0 1502.788893115253
64728.0 2279.469463294263
67970.0 2279.469463294263
68015.0 2560.241206030151
70801.0 2560.241206030151
70917.0 2892.448145344436
73559.0 2892.448145344436
73615.0 2958.0626432391136
76233.0 2958.0626432391136
76313.0 3462.079207920792
78333.0 3462.079207920792
78413.0 3609.953768844221
80403.0 3609.953768844221
80509.0 4067.0482603815935
82291.0 4067.0482603815935
82409.0 4947.006711409396
86283.0 4947.006711409396
86405.0 5380.758526603001
89337.0 5380.758526603001
89408.0 6510.450629050705
92031.0 6510.450629050705
92110.0 5219.511606873681
95427.0 5219.511606873681
95506.0 4839.835098768966
98999.0 4839.835098768966
99106.0 5417.029003783102
102278.0 5417.029003783102
102309.0 4176.4574696211575
106506.0 4176.4574696211575
106611.0 4490.448699067256
110685.0 4490.448699067256
111000.0 6514.571630204658
113834.0 6514.571630204658
113905.0 6340.696487985212
116610.0 6340.696487985212
116713.0 6121.262654444002
119222.0 6121.262654444002
119305.0 7525.070521243977
121588.0 7525.070521243977
121707.0 5606.226600985222
124752.0 5606.226600985222
124810.0 5428.061966487512
127973.0 5428.061966487512
128005.0 6870.846435845214
130460.0 6870.846435845214
130508.0 5874.476638655462
133483.0 5874.476638655462
133606.0 6294.187615869485
136303.0 6294.187615869485
136599.0 5959.320577374958
139578.0 5959.320577374958
139608.0 5513.979889717807
142691.0 5513.979889717807
142808.0 5509.518087063151
146070.0 5509.518087063151
146108.0 5882.684664416948
148775.0 5882.684664416948
148808.0 6408.957620817844
151498.0 6408.957620817844
151611.0 6896.73120865905
153274.0 6896.73120865905
