53.0 867.2677400119261
1730.0 867.2677400119261
1855.0 874.0449438202247
3279.0 874.0449438202247
3363.0 872.7425897035881
4645.0 872.7425897035881
4757.0 873.2134831460675
6181.0 873.2134831460675
6251.0 867.0663129973475
7759.0 867.0663129973475
7857.0 873.2169403630078
9014.0 873.2169403630078
9154.0 869.7588652482269
10564.0 869.7588652482269
10676.0 1196.4748546014368
13599.0 1196.4748546014368
13744.0 2246.514323345407
16781.0 2246.514323345407
16817.0 2636.532275513884
19590.0 2636.532275513884
19714.0 1886.2398394380332
23700.0 1886.2398394380332
23824.0 1554.304108428632
28546.0 1554.304108428632
28644.0 1580.0600750938672
33438.0 1580.0600750938672
33523.0 1233.690224668948
40244.0 1233.690224668948
40319.0 2212.402558061259
43290.0 2212.402558061259
43412.0 3457.565543071161
45548.0 3457.565543071161
45805.0 2615.350693270206
48762.0 2615.350693270206
48820.0 1998.7904090267982
52365.0 1998.7904090267982
52424.0 1788.111337406653
56843.0 1788.111337406653
56923.0 1954.5199682623645
60704.0 1954.5199682623645
60821.0 1899.555792276964
64576.0 1899.555792276964
64631.0 1287.8072126727334
70565.0 1287.8072126727334
70640.0 1108.3738371260913
77627.0 1108.3738371260913
77740.0 1402.3260477240826
82727.0 1402.3260477240826
82821.0 2360.765034505422
85864.0 2360.765034505422
86101.0 3043.8807223855524
88482.0 3043.8807223855524
88615.0 2335.989151071332
92302.0 2335.989151071332
92420.0 1988.061619141265
95471.0 1988.061619141265
95523.0 1520.888020324409
100640.0 1520.888020324409
100794.0 1032.4676630075387
108355.0 1032.4676630075387
108421.0 2066.0650502661147
111803.0 2066.0650502661147
111918.0 1779.0363466915192
116210.0 1779.0363466915192
116320.0 1604.8268359020851
120732.0 1604.8268359020851
120839.0 1913.731977818854
125167.0 1913.731977818854
125409.0 1959.992359121299
129597.0 1959.992359121299
129723.0 1960.4195223260645
133575.0 1960.4195223260645
133622.0 1230.0561063066864
138363.0 1230.0561063066864
138451.0 1069.3101680432926
145473.0 1069.3101680432926
145517.0 3133.1428571428573
146483.0 3133.1428571428573
146513.0 3131.703406813627
147511.0 3131.703406813627
147614.0 3133.9319727891157
148496.0 3133.9319727891157
148614.0 3181.4110353378796
150227.0 3181.4110353378796
150314.0 3566.4185110663984
152302.0 3566.4185110663984
152603.0 3853.4995054401584
154625.0 3853.4995054401584
154711.0 3294.097037355088
157040.0 3294.097037355088
157115.0 2461.31328320802
160307.0 2461.31328320802
160422.0 2449.893816364772
166826.0 2449.893816364772
166919.0 1381.6393652828979
179397.0 1381.6393652828979
179548.0 1483.6791576339424
182777.0 1483.6791576339424
