10.0 4559.272727272727
329.0 4559.272727272727
410.0 4575.882352941177
682.0 4575.882352941177
714.0 4497.589743589743
1338.0 4497.589743589743
1413.0 4234.944980147476
3176.0 4234.944980147476
3210.0 4771.98803111909
4881.0 4771.98803111909
4905.0 4674.299051787017
6276.0 4674.299051787017
6312.0 3828.816067653277
8204.0 3828.816067653277
8312.0 3877.4661791590493
10500.0 3877.4661791590493
10612.0 3547.7350593311758
15247.0 3547.7350593311758
15311.0 3982.0119320789354
19669.0 3982.0119320789354
19714.0 4056.02425938885
24001.0 4056.02425938885
24105.0 5434.447819063005
27200.0 5434.447819063005
27306.0 6215.085794655415
30150.0 6215.085794655415
30206.0 6489.485918003565
33011.0 6489.485918003565
33108.0 5263.514435695538
36156.0 5263.514435695538
36207.0 5282.166871165644
39467.0 5282.166871165644
39699.0 4756.559854583225
43550.0 4756.559854583225
43613.0 3884.9554350389058
47854.0 3884.9554350389058
47908.0 4918.551495016612
51520.0 4918.551495016612
51611.0 4254.952404438965
55666.0 4254.952404438965
55710.0 3185.9008199921905
60832.0 3185.9008199921905
60914.0 3404.0570869990224
66029.0 3404.0570869990224
66112.0 3421.6495956873314
71306.0 3421.6495956873314
71415.0 3344.7739824094906
76304.0 3344.7739824094906
76411.0 3637.829070492826
81220.0 3637.829070492826
81501.0 5069.791691751957
84823.0 5069.791691751957
84908.0 4800.77755511022
88900.0 4800.77755511022
89010.0 4648.315851502652
92404.0 4648.315851502652
92507.0 5361.667817896389
95692.0 5361.667817896389
95812.0 4101.663113006397
100033.0 4101.663113006397
100106.0 5348.163239481177
103267.0 5348.163239481177
103309.0 5005.189630061171
106742.0 5005.189630061171
106806.0 5340.826325411334
110088.0 5340.826325411334
110209.0 4705.269547325103
114097.0 4705.269547325103
114400.0 3971.2402667240267
119049.0 3971.2402667240267
119111.0 4965.716270990157
122565.0 4965.716270990157
122606.0 5707.264214046822
125297.0 5707.264214046822
125409.0 4344.900354071826
129363.0 4344.900354071826
129410.0 4990.049693072201
132831.0 4990.049693072201
132909.0 4379.836734693878
136829.0 4379.836734693878
136909.0 3952.185567010309
141177.0 3952.185567010309
141214.0 4375.705558337506
145208.0 4375.705558337506
145307.0 5265.330024813896
148531.0 5265.330024813896
148803.0 4706.47295864263
152575.0 4706.47295864263
152609.0 3535.6905158069885
157417.0 3535.6905158069885
157514.0 4507.661901178832
161501.0 4507.661901178832
161609.0 4059.280724450194
165474.0 4059.280724450194
165511.0 4554.847027741083
169296.0 4554.847027741083
169411.0 4303.663789868668
172076.0 4303.663789868668
