21.0 2294.018927444795
655.0 2294.018927444795
725.0 2317.7653631284916
1262.0 2317.7653631284916
1321.0 2292.7377049180327
1809.0 2292.7377049180327
1921.0 2311.2565055762084
2459.0 2311.2565055762084
2527.0 2293.922807017544
3097.0 2293.922807017544
3225.0 2253.32770745429
6069.0 2253.32770745429
6115.0 2714.1701011614837
8784.0 2714.1701011614837
8909.0 4414.097814776274
10831.0 4414.097814776274
10907.0 4792.699504517634
14338.0 4792.699504517634
14408.0 4153.568214456678
18586.0 4153.568214456678
18709.0 4832.733740967204
22307.0 4832.733740967204
22409.0 4787.821235411329
25922.0 4787.821235411329
26009.0 4795.361909929463
29695.0 4795.361909929463
29810.0 4094.2438146648674
34256.0 4094.2438146648674
34311.0 3275.4577378521844
39209.0 3275.4577378521844
39311.0 3934.170436371944
43688.0 3934.170436371944
44001.0 3979.4725179230936
48604.0 3979.4725179230936
48712.0 4055.155303962589
52775.0 4055.155303962589
52808.0 4397.477227722772
56848.0 4397.477227722772
56912.0 4674.568409645082
60603.0 4674.568409645082
60711.0 3017.415680473373
66119.0 3017.415680473373
66217.0 2326.841106508085
73700.0 2326.841106508085
73819.0 2829.451223967848
76556.0 2829.451223967848
76611.0 3540.9620253164558
78586.0 3540.9620253164558
78710.0 3620.8709677419356
80694.0 3620.8709677419356
80809.0 4727.64514024788
82342.0 4727.64514024788
82411.0 4531.734216126744
86640.0 4531.734216126744
86712.0 2486.0359281437127
93058.0 2486.0359281437127
93122.0 2023.8103816070159
101560.0 2023.8103816070159
101625.0 2154.7027325420922
105248.0 2154.7027325420922
105506.0 2153.2918335901386
108751.0 2153.2918335901386
108827.0 2154.5214446952596
112371.0 2154.5214446952596
112425.0 2151.4725007596476
115716.0 2151.4725007596476
115821.0 2522.1169305724725
119105.0 2522.1169305724725
119216.0 4037.603541564191
121249.0 4037.603541564191
121314.0 4958.4016563147
122280.0 4958.4016563147
122309.0 4929.582417582417
123492.0 4929.582417582417
123612.0 1568.6391526661796
134564.0 1568.6391526661796
134683.0 3006.3358147229114
137101.0 3006.3358147229114
137403.0 4088.2020867655133
139224.0 4088.2020867655133
139309.0 4839.746300211416
140728.0 4839.746300211416
140809.0 4214.267663371112
144956.0 4214.267663371112
145011.0 4725.897550111358
148603.0 4725.897550111358
148711.0 4838.597983101663
152380.0 4838.597983101663
152509.0 4553.87088132869
156242.0 4553.87088132869
156502.0 4787.439531166756
160256.0 4787.439531166756
160310.0 4691.722488038277
163654.0 4691.722488038277
163712.0 3729.2009517629244
168335.0 3729.2009517629244
168419.0 2757.697523443135
172578.0 2757.697523443135
