13.0 3654.291457286432
411.0 3654.291457286432
515.0 3649.9706744868035
856.0 3649.9706744868035
916.0 3602.6906290115535
1695.0 3602.6906290115535
1815.0 3386.0353741496597
4020.0 3386.0353741496597
4110.0 3518.972639011474
6376.0 3518.972639011474
6407.0 3291.4555726759118
8354.0 3291.4555726759118
8411.0 3441.3871733966744
10516.0 3441.3871733966744
10613.0 3297.277885736494
13186.0 3297.277885736494
13315.0 2787.0359477124184
15763.0 2787.0359477124184
15817.0 2154.7609784851165
19210.0 2154.7609784851165
19318.0 2801.248882265276
22002.0 2801.248882265276
22302.0 3087.6836348338243
24679.0 3087.6836348338243
24713.0 3250.990557939914
27043.0 3250.990557939914
27115.0 2726.225550396885
33792.0 2726.225550396885
33912.0 4223.003948407476
37711.0 4223.003948407476
37805.0 4856.137619853356
41351.0 4856.137619853356
41407.0 4511.702463054187
45467.0 4511.702463054187
45508.0 4538.869421487603
49138.0 4538.869421487603
49208.0 4673.982636148382
53009.0 4673.982636148382
53109.0 4335.1336683417085
57089.0 4335.1336683417085
57208.0 4249.527083333333
61048.0 4249.527083333333
61301.0 4338.836780463494
65314.0 4338.836780463494
65408.0 4431.93216957606
69418.0 4431.93216957606
69511.0 4184.3909928352095
73419.0 4184.3909928352095
73508.0 4289.926434526728
77586.0 4289.926434526728
77712.0 3898.5759259259257
82032.0 3898.5759259259257
82112.0 3777.785136999803
87185.0 3777.785136999803
87310.0 3583.098796275267
91713.0 3583.098796275267
91806.0 4573.356186395286
95540.0 4573.356186395286
95609.0 3741.7592392478928
100236.0 3741.7592392478928
100502.0 4795.899007092198
104027.0 4795.899007092198
104106.0 4849.792830934237
107649.0 4849.792830934237
107709.0 4084.9666744348638
112000.0 4084.9666744348638
112113.0 3392.820474777448
117505.0 3392.820474777448
117614.0 4260.85760443111
121947.0 4260.85760443111
122010.0 4699.064109589041
125660.0 4699.064109589041
125710.0 4428.560553633218
129178.0 4428.560553633218
129308.0 4591.0571886691605
133050.0 4591.0571886691605
133108.0 4642.632580908349
136785.0 4642.632580908349
137100.0 4431.843056272586
140974.0 4431.843056272586
141011.0 3942.9471715755026
145289.0 3942.9471715755026
145412.0 4287.676153091266
149488.0 4287.676153091266
149609.0 4257.6935038876345
153596.0 4257.6935038876345
153711.0 4183.038642789821
157955.0 4183.038642789821
158011.0 4159.432346464399
162098.0 4159.432346464399
162211.0 4067.9148936170213
166629.0 4067.9148936170213
166711.0 3851.981340535232
170784.0 3851.981340535232
170909.0 3649.4699407281964
175633.0 3649.4699407281964
175904.0 4303.663789868668
178569.0 4303.663789868668
