16.0 2145.1445427728613
694.0 2145.1445427728613
818.0 2172.1465968586385
1391.0 2172.1465968586385
1525.0 2168.3255813953488
2041.0 2168.3255813953488
2120.0 2158.777777777778
2696.0 2158.777777777778
2821.0 2157.6501650165014
3427.0 2157.6501650165014
3528.0 2118.5004958677687
6553.0 2118.5004958677687
6619.0 1911.377308707124
10409.0 1911.377308707124
10542.0 1195.92557090499
17636.0 1195.92557090499
17740.0 1170.2682675814751
23570.0 1170.2682675814751
23609.0 1698.6765799256505
27913.0 1698.6765799256505
28045.0 1169.2926905132192
34475.0 1169.2926905132192
34588.0 1228.7667838607065
40561.0 1228.7667838607065
40650.0 1250.8328611898016
43121.0 1250.8328611898016
43229.0 1463.2838250254324
44212.0 1463.2838250254324
44328.0 1476.163372859025
45087.0 1476.163372859025
45128.0 1092.7683700111897
47809.0 1092.7683700111897
47949.0 851.5185840707965
51339.0 851.5185840707965
51476.0 1173.5197085127525
57514.0 1173.5197085127525
57689.0 790.1664
67689.0 790.1664
67834.0 1332.2080378250591
68680.0 1332.2080378250591
68734.0 1333.369978858351
69680.0 1333.369978858351
69734.0 1137.518309020542
76452.0 1137.518309020542
76570.0 1401.4129569308723
82096.0 1401.4129569308723
82272.0 867.7751582082144
90331.0 867.7751582082144
90446.0 663.6698699830413
92215.0 663.6698699830413
92387.0 639.7423376623377
94312.0 639.7423376623377
94484.0 634.3539668700959
96778.0 634.3539668700959
96873.0 1070.084235860409
97704.0 1070.084235860409
97813.0 3212.8064192577735
98810.0 3212.8064192577735
98914.0 1922.0539892021595
100581.0 1922.0539892021595
100647.0 809.7615019121566
109276.0 809.7615019121566
109363.0 1099.6002304147466
116307.0 1099.6002304147466
116427.0 885.9479479479479
124419.0 885.9479479479479
124606.0 561.904598195101
126933.0 561.904598195101
127087.0 625.9267015706806
129379.0 625.9267015706806
129475.0 626.8064674179324
131516.0 626.8064674179324
131686.0 802.5
132998.0 802.5
133145.0 1147.3700912336374
135666.0 1147.3700912336374
135738.0 691.3238921882138
140116.0 691.3238921882138
140281.0 757.8661493695441
144405.0 757.8661493695441
144535.0 1478.1433155080215
146405.0 1478.1433155080215
146527.0 1236.4354644149578
153159.0 1236.4354644149578
153283.0 689.2232915330028
163570.0 689.2232915330028
163814.0 280.01137517773714
168737.0 280.01137517773714
168987.0 338.70722433460077
172932.0 338.70722433460077
173116.0 458.47189402076623
175909.0 458.47189402076623
176119.0 458.93032957863994
178516.0 458.93032957863994
178726.0 465.53710073710073
180761.0 465.53710073710073
180880.0 609.4142857142857
184240.0 609.4142857142857
