34.0 1403.868725868726
1070.0 1403.868725868726
1130.0 1414.3636363636363
2010.0 1414.3636363636363
2131.0 1409.138539042821
2925.0 1409.138539042821
3028.0 1413.0181818181818
3908.0 1413.0181818181818
4029.0 1404.4425349087003
4960.0 1404.4425349087003
5038.0 1394.9162561576354
6865.0 1394.9162561576354
6943.0 1512.7324133288455
9914.0 1512.7324133288455
10026.0 1683.646755308593
15065.0 1683.646755308593
15129.0 1849.4616427216047
18818.0 1849.4616427216047
18934.0 1654.09592760181
23354.0 1654.09592760181
23416.0 1529.4043938161108
28332.0 1529.4043938161108
28417.0 1976.683005655804
32130.0 1976.683005655804
32226.0 2489.2566546171543
35269.0 2489.2566546171543
35314.0 1705.044622660909
40177.0 1705.044622660909
40219.0 1842.2219730941704
43787.0 1842.2219730941704
44107.0 1765.9875657580105
48289.0 1765.9875657580105
48430.0 1933.8814703675919
52429.0 1933.8814703675919
52526.0 1839.4890965732088
56378.0 1839.4890965732088
56422.0 2102.624800425758
60180.0 2102.624800425758
60221.0 2451.9044459190445
63235.0 2451.9044459190445
63316.0 1709.6912751677853
67488.0 1709.6912751677853
67633.0 1606.10508617066
72391.0 1606.10508617066
72516.0 1703.1466901253573
77063.0 1703.1466901253573
77131.0 1842.3076923076924
80927.0 1842.3076923076924
81214.0 1678.0677411819668
85495.0 1678.0677411819668
85620.0 1884.9102730819245
89465.0 1884.9102730819245
89528.0 1943.3194945848375
93960.0 1943.3194945848375
94027.0 1822.5889423076924
97355.0 1822.5889423076924
97423.0 1701.4394403148228
101997.0 1701.4394403148228
102116.0 1906.346275946276
106211.0 1906.346275946276
106332.0 2036.558437773244
109763.0 2036.558437773244
109830.0 1811.9658281917418
114044.0 1811.9658281917418
114119.0 1599.3892026202845
118546.0 1599.3892026202845
118805.0 1661.84430176565
123789.0 1661.84430176565
123938.0 1947.4372479240806
128153.0 1947.4372479240806
128231.0 1957.3706583722135
132089.0 1957.3706583722135
132215.0 1666.6750500142898
135714.0 1666.6750500142898
135830.0 2216.9164452317686
139217.0 2216.9164452317686
139325.0 1813.250187079072
143334.0 1813.250187079072
143421.0 1415.0572134575175
148682.0 1415.0572134575175
148737.0 2062.961850405527
152066.0 2062.961850405527
152127.0 1692.125464300454
156973.0 1692.125464300454
157208.0 1895.225875434376
160949.0 1895.225875434376
161033.0 2428.100966033032
164242.0 2428.100966033032
164316.0 1788.7507577523897
168605.0 1788.7507577523897
168722.0 1980.466851525082
172689.0 1980.466851525082
172827.0 2127.349551856594
175951.0 2127.349551856594
176018.0 1636.2880618656357
180156.0 1636.2880618656357
180230.0 2473.309241094476
182167.0 2473.309241094476
