10.0 4096.923943661972
365.0 4096.923943661972
414.0 4044.25855513308
1203.0 4044.25855513308
1311.0 4049.777777777778
2004.0 4049.777777777778
2110.0 4051.4437086092717
2865.0 4051.4437086092717
2908.0 4054.7881773399013
3720.0 4054.7881773399013
3810.0 4043.194952681388
5395.0 4043.194952681388
5512.0 4031.833683718757
9793.0 4031.833683718757
9910.0 4359.118724720438
14113.0 4359.118724720438
14210.0 4624.227221597301
17766.0 4624.227221597301
17809.0 4008.6874566874567
22138.0 4008.6874566874567
22211.0 3565.342628665163
27088.0 3565.342628665163
27214.0 3373.368632170076
32200.0 3373.368632170076
32312.0 4287.097744360903
36435.0 4287.097744360903
36507.0 4717.027209121534
40366.0 4717.027209121534
40601.0 4547.390022675737
44129.0 4547.390022675737
44209.0 4685.677278911565
47884.0 4685.677278911565
48008.0 4981.645906989394
51685.0 4981.645906989394
51808.0 2989.132075471698
57320.0 2989.132075471698
57416.0 2594.3060747663553
64264.0 2594.3060747663553
64315.0 3289.5771210676835
69560.0 3289.5771210676835
69612.0 3432.5166175851914
74366.0 3432.5166175851914
74410.0 3972.564909879078
78793.0 3972.564909879078
78911.0 4235.473784556721
83107.0 4235.473784556721
83400.0 4437.611940298508
87085.0 4437.611940298508
87210.0 3613.782276389176
92051.0 3613.782276389176
92114.0 3523.3252309188138
94171.0 3523.3252309188138
94212.0 3529.7906735751294
95177.0 3529.7906735751294
95213.0 3543.4258373205744
95840.0 3543.4258373205744
95918.0 3458.1318528799443
97359.0 3458.1318528799443
97408.0 3346.8238932920935
102581.0 3346.8238932920935
102615.0 3440.9818847954407
107528.0 3440.9818847954407
107614.0 3589.474827658241
112401.0 3589.474827658241
112704.0 4094.5087596355993
116985.0 4094.5087596355993
117109.0 4470.695992179863
121201.0 4470.695992179863
121311.0 3859.9824378005437
126094.0 3859.9824378005437
126213.0 4169.077297034516
130327.0 4169.077297034516
130410.0 4655.425280387996
133709.0 4655.425280387996
133809.0 4769.499167129373
137411.0 4769.499167129373
137509.0 4892.794496990542
140998.0 4892.794496990542
141110.0 4508.655462184874
144918.0 4508.655462184874
145008.0 4431.93063583815
148814.0 4431.93063583815
149101.0 4741.336950623982
152787.0 4741.336950623982
152909.0 4791.257126728761
156452.0 4791.257126728761
156508.0 4979.752033660589
160073.0 4979.752033660589
160110.0 4823.950056753689
163634.0 4823.950056753689
163709.0 4681.4399583224795
167548.0 4681.4399583224795
167609.0 4802.301805938169
170876.0 4802.301805938169
170908.0 4870.083615819209
174448.0 4870.083615819209
174509.0 4072.8920454545455
177325.0 4072.8920454545455
