18.0 2644.378181818182
568.0 2644.378181818182
623.0 2670.901287553648
1089.0 2670.901287553648
1218.0 2638.811320754717
1642.0 2638.811320754717
1720.0 2656.957264957265
2188.0 2656.957264957265
2324.0 2600.701421800948
3590.0 2600.701421800948
3722.0 2602.9504467912266
6184.0 2602.9504467912266
6317.0 2600.186647523331
9103.0 2600.186647523331
9216.0 2543.1342925659474
12552.0 2543.1342925659474
12619.0 2435.7957872188504
15420.0 2435.7957872188504
15517.0 2430.553191489362
18525.0 2430.553191489362
18621.0 2438.7129419396692
21704.0 2438.7129419396692
21820.0 2422.2521452145215
24850.0 2422.2521452145215
24916.0 1589.676390346275
29681.0 1589.676390346275
29920.0 898.2376773913985
39151.0 898.2376773913985
39215.0 837.3309554140127
47065.0 837.3309554140127
47109.0 3620.274509803922
49149.0 3620.274509803922
49217.0 3071.3232724384434
51735.0 3071.3232724384434
51806.0 5944.3892617449665
52998.0 5944.3892617449665
53106.0 4623.5599765945
54815.0 4623.5599765945
54909.0 5449.882005899705
56265.0 5449.882005899705
56309.0 6199.917933130699
58941.0 6199.917933130699
59009.0 5884.3366002027715
61968.0 5884.3366002027715
62010.0 5560.715894868586
65206.0 5560.715894868586
65311.0 5623.314993122421
68219.0 5623.314993122421
68309.0 5663.425056652638
71398.0 5663.425056652638
71509.0 5284.54596799498
74696.0 5284.54596799498
74810.0 5707.178082191781
78168.0 5707.178082191781
78211.0 5902.126449682005
80884.0 5902.126449682005
81201.0 5755.615773508594
84168.0 5755.615773508594
84210.0 5769.1169610129955
87211.0 5769.1169610129955
87307.0 5607.1456053068
90322.0 5607.1456053068
90409.0 5203.760145366445
93711.0 5203.760145366445
93809.0 5728.298039215686
96869.0 5728.298039215686
96911.0 5592.811984102721
100182.0 5592.811984102721
100312.0 5496.366775826139
103671.0 5496.366775826139
103709.0 5469.255102040816
106845.0 5469.255102040816
106909.0 5536.4989185292
109683.0 5536.4989185292
109999.0 5497.51552
113124.0 5497.51552
113213.0 5447.019783024888
116347.0 5447.019783024888
116413.0 5568.913396042815
119496.0 5568.913396042815
119610.0 5660.378523489933
122590.0 5660.378523489933
122709.0 5523.567635903919
125873.0 5523.567635903919
125908.0 5533.058670143416
128976.0 5533.058670143416
129011.0 5378.011511663132
132312.0 5378.011511663132
132410.0 5453.833814565287
135527.0 5453.833814565287
135612.0 5664.0554680113455
138785.0 5664.0554680113455
139099.0 5575.380241648898
141913.0 5575.380241648898
142010.0 5515.065898912348
145136.0 5515.065898912348
145210.0 5622.1882352941175
147250.0 5622.1882352941175
