13.0 3406.1077283372365
440.0 3406.1077283372365
515.0 3409.972602739726
880.0 3409.972602739726
914.0 3421.577981651376
1241.0 3421.577981651376
1316.0 3368.7665198237887
2224.0 3368.7665198237887
2314.0 3357.4703157894737
4689.0 3357.4703157894737
4813.0 3355.2167539267016
6723.0 3355.2167539267016
6811.0 3359.9814471243044
8967.0 3359.9814471243044
9011.0 3429.6847622613254
14353.0 3429.6847622613254
14415.0 3282.1860279441116
19425.0 3282.1860279441116
19515.0 3343.018300905413
24706.0 3343.018300905413
24816.0 3426.916830902641
29890.0 3426.916830902641
30014.0 3483.130335147522
33505.0 3483.130335147522
33802.0 3501.991678224688
35965.0 3501.991678224688
36014.0 3480.9538203190596
38396.0 3480.9538203190596
38510.0 3444.9937106918237
40418.0 3444.9937106918237
40513.0 3441.453867660764
42659.0 3441.453867660764
42714.0 3412.882612533098
44980.0 3412.882612533098
45014.0 3382.4873742557998
49885.0 3382.4873742557998
50013.0 3239.5711159737416
55497.0 3239.5711159737416
55615.0 3316.7689350249902
60817.0 3316.7689350249902
60916.0 3332.9624183006536
65812.0 3332.9624183006536
65913.0 2952.6457520773274
71810.0 2952.6457520773274
71911.0 3160.0369843527737
77535.0 3160.0369843527737
77615.0 3288.9380530973453
82587.0 3288.9380530973453
82715.0 3435.648075412412
87807.0 3435.648075412412
88105.0 3420.3590576766856
93029.0 3420.3590576766856
93116.0 3419.1314013497417
95635.0 3419.1314013497417
95715.0 3423.011286681716
97487.0 3423.011286681716
97514.0 3383.6452173913044
99814.0 3383.6452173913044
99916.0 3354.7434464976363
102243.0 3354.7434464976363
102312.0 3356.1152737752163
104394.0 3356.1152737752163
104514.0 3356.3182417582416
106789.0 3356.3182417582416
106916.0 3407.3609239653515
108994.0 3407.3609239653515
109115.0 3439.6312292358803
111523.0 3439.6312292358803
111805.0 3427.1943567848525
117192.0 3427.1943567848525
117312.0 3360.4200626959246
122416.0 3360.4200626959246
122515.0 3375.4391208791208
127065.0 3375.4391208791208
127115.0 3405.299504459861
132160.0 3405.299504459861
132210.0 3363.735960591133
137285.0 3363.735960591133
137416.0 3352.657684046085
142537.0 3352.657684046085
142615.0 3171.8555848063183
147933.0 3171.8555848063183
148019.0 3209.0650018362103
153465.0 3209.0650018362103
153516.0 3458.0207781625586
158425.0 3458.0207781625586
158705.0 3442.469652898972
163862.0 3442.469652898972
163913.0 3419.754576543955
168884.0 3419.754576543955
169016.0 3408.465075921909
171321.0 3408.465075921909
171414.0 3395.9325498211547
173371.0 3395.9325498211547
173414.0 3393.964912280702
175409.0 3393.964912280702
175514.0 3397.7304964539007
176924.0 3397.7304964539007
