53.0 870.902994011976
1723.0 870.902994011976
1861.0 869.769392033543
3292.0 869.769392033543
3458.0 874.7896794370602
4737.0 874.7896794370602
4849.0 868.3351955307263
6281.0 868.3351955307263
6349.0 870.5299600532624
7851.0 870.5299600532624
7959.0 875.4870017331023
9113.0 875.4870017331023
9252.0 873.4757834757835
10656.0 873.4757834757835
10754.0 862.2393056416615
12367.0 862.2393056416615
12463.0 854.9704260651629
20443.0 854.9704260651629
20552.0 815.9714285714285
29512.0 815.9714285714285
29667.0 663.1911163062537
31378.0 663.1911163062537
31644.0 636.040733197556
33608.0 636.040733197556
33778.0 685.4840085287847
35654.0 685.4840085287847
35764.0 767.1509333333333
37639.0 767.1509333333333
37781.0 661.3863134657837
41858.0 661.3863134657837
41987.0 554.0302571860817
47275.0 554.0302571860817
47551.0 616.2715754243366
60100.0 616.2715754243366
60257.0 884.6754772393539
61619.0 884.6754772393539
61751.0 915.6207612456748
63196.0 915.6207612456748
63355.0 920.0391836734694
64580.0 920.0391836734694
64832.0 892.687898089172
66245.0 892.687898089172
66368.0 787.3866601033719
70431.0 787.3866601033719
70737.0 794.9614243323442
74781.0 794.9614243323442
74854.0 789.8908673176336
78336.0 789.8908673176336
78467.0 726.3708796764408
88357.0 726.3708796764408
88632.0 741.5819093420648
98405.0 741.5819093420648
98563.0 670.2938737908797
100734.0 670.2938737908797
100884.0 652.8928046989721
102246.0 652.8928046989721
102377.0 650.5240868184225
104266.0 650.5240868184225
104549.0 650.071973827699
106383.0 650.071973827699
106476.0 643.4090704984284
110930.0 643.4090704984284
111082.0 585.1853228053878
113235.0 585.1853228053878
113393.0 689.9888059701492
117681.0 689.9888059701492
117757.0 799.6842615012107
121887.0 799.6842615012107
122090.0 625.6537287396424
124383.0 625.6537287396424
124481.0 478.60531238309017
127154.0 478.60531238309017
127317.0 446.51399491094145
129675.0 446.51399491094145
129812.0 443.09423849933006
132051.0 443.09423849933006
132215.0 554.3175232575874
145329.0 554.3175232575874
145501.0 489.9665169456921
147950.0 489.9665169456921
148107.0 463.30489236790606
150662.0 463.30489236790606
150827.0 365.57199322416716
154369.0 365.57199322416716
154533.0 370.7883817427386
157666.0 370.7883817427386
157831.0 544.6448044251284
160362.0 544.6448044251284
160489.0 497.2575167471569
166908.0 497.2575167471569
167125.0 445.6686942990522
174194.0 445.6686942990522
174412.0 472.34242910647407
180019.0 472.34242910647407
180347.0 540.1185860889395
182101.0 540.1185860889395
182302.0 548.9975550122249
183938.0 548.9975550122249
