14.0 3239.216035634744
463.0 3239.216035634744
516.0 3249.7127937336813
899.0 3249.7127937336813
1019.0 3200.109464082098
1896.0 3200.109464082098
2015.0 3182.9760665972944
2976.0 3182.9760665972944
3012.0 3177.002433090024
4656.0 3177.002433090024
4715.0 3186.7051218299353
6726.0 3186.7051218299353
6814.0 2663.279411764706
9534.0 2663.279411764706
9616.0 1784.9560277719336
14369.0 1784.9560277719336
14422.0 2182.554062699936
17548.0 2182.554062699936
17616.0 2128.414556040757
21051.0 2128.414556040757
21118.0 2022.203335126412
24836.0 2022.203335126412
24924.0 2139.7737609329447
28354.0 2139.7737609329447
28410.0 3404.4080898876405
30635.0 3404.4080898876405
30906.0 1565.0494526236316
36204.0 1565.0494526236316
36338.0 1441.141854856391
40899.0 1441.141854856391
41015.0 2659.4742527907815
43792.0 2659.4742527907815
43912.0 2102.662316476346
47590.0 2102.662316476346
47722.0 1819.1815147625161
51617.0 1819.1815147625161
51712.0 2924.3760177646186
54414.0 2924.3760177646186
54510.0 3359.109090909091
56710.0 3359.109090909091
56811.0 3798.1001064962725
58689.0 3798.1001064962725
58821.0 1647.6601983613627
63459.0 1647.6601983613627
63706.0 3009.7971239797903
66279.0 3009.7971239797903
66312.0 3011.8001722652884
68634.0 3011.8001722652884
68710.0 3012.078825995807
71095.0 3012.078825995807
71214.0 3323.1744277821626
76282.0 3323.1744277821626
76409.0 3623.502363395727
81698.0 3623.502363395727
81815.0 3418.5014084507043
86430.0 3418.5014084507043
86509.0 3275.8319585651257
91722.0 3275.8319585651257
91816.0 3186.072874493927
97250.0 3186.072874493927
97317.0 3036.19683908046
102885.0 3036.19683908046
103010.0 3157.4450569643514
108452.0 3157.4450569643514
108511.0 3902.179875333927
113003.0 3902.179875333927
113302.0 3660.281712685074
118300.0 3660.281712685074
118412.0 3162.435080507023
124250.0 3162.435080507023
124310.0 3145.925165077036
129762.0 3145.925165077036
129821.0 2065.3910704679934
137257.0 2065.3910704679934
137323.0 2071.3644137931033
140948.0 2071.3644137931033
141021.0 2072.802965497576
144528.0 2072.802965497576
144618.0 2007.1760582367215
148327.0 2007.1760582367215
148423.0 1587.8843930635837
152748.0 1587.8843930635837
152818.0 2203.7194302606827
156539.0 2203.7194302606827
156618.0 2198.462015503876
159843.0 2198.462015503876
159917.0 2293.722696496909
163314.0 2293.722696496909
163416.0 2675.9511684687827
166283.0 2675.9511684687827
166506.0 1116.4575813556914
173543.0 1116.4575813556914
173625.0 2729.2977412731007
176060.0 2729.2977412731007
176114.0 2872.7025880356387
178471.0 2872.7025880356387
178511.0 3419.5574589578873
179912.0 3419.5574589578873
