11.0 3600.019801980198
415.0 3600.019801980198
513.0 3618.139534883721
857.0 3618.139534883721
913.0 3609.2129032258063
1223.0 3609.2129032258063
1318.0 3544.426419466976
2181.0 3544.426419466976
2210.0 3592.131868131868
2574.0 3592.131868131868
2614.0 3534.7291781577496
4427.0 3534.7291781577496
4509.0 3528.266557645135
9401.0 3528.266557645135
9515.0 3861.1962065331927
14260.0 3861.1962065331927
14311.0 4086.4194831013915
18335.0 4086.4194831013915
18410.0 4059.32350877193
22685.0 4059.32350877193
22807.0 3870.920747996438
27299.0 3870.920747996438
27411.0 3625.6986419486957
32050.0 3625.6986419486957
32110.0 4032.786675792836
36493.0 4032.786675792836
36610.0 4020.9869670863704
41137.0 4020.9869670863704
41400.0 4002.7924151696607
45408.0 4002.7924151696607
45510.0 3994.4012990025517
49821.0 3994.4012990025517
49911.0 3995.095310796074
54496.0 3995.095310796074
54610.0 3996.1426146010185
58733.0 3996.1426146010185
58810.0 4005.8191657271705
63245.0 4005.8191657271705
63311.0 4060.6806307366437
67560.0 4060.6806307366437
67608.0 3820.6939826738467
71879.0 3820.6939826738467
71913.0 3745.268229726823
76562.0 3745.268229726823
76612.0 3944.085219707057
81118.0 3944.085219707057
81401.0 3951.8124697921703
85539.0 3951.8124697921703
85610.0 3947.274368231047
90042.0 3947.274368231047
90111.0 3959.992475899365
94364.0 3959.992475899365
94410.0 3964.5643359536616
99244.0 3964.5643359536616
99312.0 3734.055384615385
103537.0 3734.055384615385
103613.0 3728.583406113537
108193.0 3728.583406113537
108312.0 3901.1086074808472
112750.0 3901.1086074808472
112812.0 3914.527731092437
114597.0 3914.527731092437
114714.0 3964.4984423676015
116640.0 3964.4984423676015
116709.0 4020.724588302101
118470.0 4020.724588302101
118511.0 4014.8482792050413
120574.0 4014.8482792050413
120614.0 4016.0174545454547
121989.0 4016.0174545454547
122109.0 3819.694486595852
124086.0 3819.694486595852
124112.0 3738.266666666667
125672.0 3738.266666666667
125712.0 3731.48045178106
130316.0 3731.48045178106
130411.0 2705.381933438986
136721.0 2705.381933438986
136816.0 2731.7358790771677
143101.0 2731.7358790771677
143216.0 3002.479174083304
148834.0 3002.479174083304
148913.0 3341.6
154143.0 3341.6
154213.0 3517.493576460837
159039.0 3517.493576460837
159112.0 3180.3683267646006
164694.0 3180.3683267646006
164818.0 3158.015976221438
170201.0 3158.015976221438
170314.0 3370.4470184470183
172645.0 3370.4470184470183
172714.0 3373.522842639594
174684.0 3373.522842639594
174710.0 3366.9617105917455
176721.0 3366.9617105917455
176814.0 3274.6411483253587
178277.0 3274.6411483253587
