16.0 2560.5774647887324
584.0 2560.5774647887324
722.0 2587.6091476091474
1203.0 2587.6091476091474
1317.0 2572.0827586206897
1752.0 2572.0827586206897
1822.0 2534.2502071251038
3029.0 2534.2502071251038
3118.0 2538.904854368932
3633.0 2538.904854368932
3718.0 2522.0243998425817
6259.0 2522.0243998425817
6314.0 2541.79649122807
9164.0 2541.79649122807
9218.0 2583.403166869671
12502.0 2583.403166869671
12617.0 2646.4949573312647
15195.0 2646.4949573312647
15314.0 2645.1172214182343
18078.0 2645.1172214182343
18118.0 2490.4113945014906
21137.0 2490.4113945014906
21216.0 2741.660067239447
23893.0 2741.660067239447
24016.0 2776.689149560117
26744.0 2776.689149560117
27000.0 1865.8037803780378
31444.0 1865.8037803780378
31575.0 1402.399829315127
36262.0 1402.399829315127
36317.0 2689.497450837582
39063.0 2689.497450837582
39119.0 2673.2084341514
42012.0 2673.2084341514
42118.0 2626.283172720534
44816.0 2626.283172720534
44916.0 2579.7140058765917
47979.0 2579.7140058765917
48019.0 2599.3809356313755
50862.0 2599.3809356313755
50922.0 2712.915045719036
56937.0 2712.915045719036
57015.0 2738.98883120969
63372.0 2738.98883120969
63414.0 2771.685589519651
69826.0 2771.685589519651
69915.0 2425.841863225041
76656.0 2425.841863225041
76721.0 2506.349570200573
83701.0 2506.349570200573
83817.0 2770.040789473684
89897.0 2770.040789473684
90018.0 2698.2431077694237
93210.0 2698.2431077694237
93319.0 2693.417406749556
95571.0 2693.417406749556
95619.0 2588.089125374127
98626.0 2588.089125374127
98719.0 2394.628220858896
101979.0 2394.628220858896
102012.0 2394.5962988348183
104930.0 2394.5962988348183
105018.0 2313.8254545454547
108318.0 2313.8254545454547
108423.0 2237.1235387045813
111588.0 2237.1235387045813
111715.0 2236.735619767756
115418.0 2236.735619767756
115704.0 2321.393665158371
119240.0 2321.393665158371
119321.0 2322.120541205412
122573.0 2322.120541205412
122617.0 2320.6112216474335
125130.0 2320.6112216474335
125222.0 2731.428155692979
127971.0 2731.428155692979
128015.0 2790.5259117082533
130620.0 2790.5259117082533
130716.0 2651.2165242165242
133524.0 2651.2165242165242
133622.0 2270.280991735537
136647.0 2270.280991735537
136718.0 2104.1929689504746
140615.0 2104.1929689504746
140721.0 2103.8694362017804
144091.0 2103.8694362017804
144407.0 1881.1627233220665
148549.0 1881.1627233220665
148622.0 2049.1324786324785
152366.0 2049.1324786324785
152420.0 2294.542056074766
155844.0 2294.542056074766
155921.0 1783.6392914653784
159647.0 1783.6392914653784
159726.0 2131.2433112999684
162903.0 2131.2433112999684
163023.0 2260.398896334253
168097.0 2260.398896334253
