43.0 908.4372267332917
1644.0 908.4372267332917
1751.0 914.504041146216
3112.0 914.504041146216
3258.0 911.1205211726384
4486.0 911.1205211726384
4553.0 912.9632892804699
5915.0 912.9632892804699
6074.0 896.8913102696813
9745.0 896.8913102696813
9864.0 1916.4066985645934
13208.0 1916.4066985645934
13326.0 1873.8023797206415
17192.0 1873.8023797206415
17319.0 2701.8777070063693
20459.0 2701.8777070063693
20514.0 2480.066884769175
23265.0 2480.066884769175
23312.0 3356.7970615243344
25490.0 3356.7970615243344
25613.0 2086.168701442841
29217.0 2086.168701442841
29318.0 2656.3242851972495
32081.0 2656.3242851972495
32121.0 1974.1485535574668
35958.0 1974.1485535574668
36208.0 2038.2576204523107
40276.0 2038.2576204523107
40326.0 2181.562562230335
43339.0 2181.562562230335
43413.0 4752.483912483913
44967.0 4752.483912483913
45009.0 5836.67320754717
46334.0 5836.67320754717
46409.0 5210.082352941176
47769.0 5210.082352941176
47813.0 5469.768472906404
51061.0 5469.768472906404
51109.0 6483.965426531379
53770.0 6483.965426531379
53808.0 6498.679410593389
56319.0 6498.679410593389
56406.0 3127.6723549488056
61973.0 3127.6723549488056
62016.0 1784.879783067189
71973.0 1784.879783067189
72025.0 1471.881188118812
83135.0 1471.881188118812
83209.0 6001.5104427736005
84406.0 6001.5104427736005
84507.0 5420.703066566941
85844.0 5420.703066566941
86103.0 3251.010008481764
91998.0 3251.010008481764
92129.0 2356.090800477897
98825.0 2356.090800477897
98912.0 3863.5547511312216
103332.0 3863.5547511312216
103408.0 9298.13104189044
105270.0 9298.13104189044
105305.0 10409.817733990149
106929.0 10409.817733990149
107005.0 10270.661087866109
108678.0 10270.661087866109
108704.0 9695.017699115044
110512.0 9695.017699115044
110605.0 8277.867873303167
112815.0 8277.867873303167
112907.0 7057.452599388379
115523.0 7057.452599388379
115800.0 5980.329149232915
118668.0 5980.329149232915
118709.0 5726.416107382551
121391.0 5726.416107382551
121509.0 4724.899889988999
125145.0 4724.899889988999
125210.0 3010.220419679069
130881.0 3010.220419679069
130920.0 3790.894237138441
135449.0 3790.894237138441
135509.0 5264.646691635456
138713.0 5264.646691635456
138808.0 4802.574333608134
142447.0 4802.574333608134
142510.0 4956.328175182482
145935.0 4956.328175182482
146008.0 5083.853379152348
149500.0 5083.853379152348
149802.0 5325.689223057644
152994.0 5325.689223057644
153108.0 5429.621752265861
156418.0 5429.621752265861
156511.0 4344.81307117142
160122.0 4344.81307117142
160211.0 4008.3924668681702
164512.0 4008.3924668681702
164613.0 3823.088
167613.0 3823.088
