40.0 1076.541820873427
1391.0 1076.541820873427
1547.0 1095.6338028169014
2683.0 1095.6338028169014
2739.0 1092.6328125
3763.0 1092.6328125
3841.0 1094.5915492957747
4977.0 1094.5915492957747
5044.0 1085.0921161825727
6249.0 1085.0921161825727
6338.0 1094.5958829902493
7261.0 1094.5958829902493
7351.0 2020.8710601719197
8747.0 2020.8710601719197
8817.0 2863.2791090111373
11780.0 2863.2791090111373
11820.0 3123.930402930403
14004.0 3123.930402930403
14110.0 3895.1006925945658
15987.0 3895.1006925945658
16108.0 3885.556589147287
18043.0 3885.556589147287
18132.0 2802.8021996333946
24133.0 2802.8021996333946
24234.0 3244.43906020558
29682.0 3244.43906020558
29827.0 2601.172906544727
36825.0 2601.172906544727
36933.0 2695.42876344086
42885.0 2695.42876344086
43032.0 2355.0142231947484
50344.0 2355.0142231947484
50437.0 1398.732501356484
55966.0 1398.732501356484
56027.0 1026.6172124022023
62929.0 1026.6172124022023
63030.0 1407.4926968293553
68644.0 1407.4926968293553
68725.0 1353.239333455411
74186.0 1353.239333455411
74333.0 1103.8114958943233
77134.0 1103.8114958943233
77246.0 1042.523534269199
78457.0 1042.523534269199
78550.0 1073.3969949916527
81545.0 1073.3969949916527
81631.0 1392.607594936709
83606.0 1392.607594936709
83735.0 1538.8690539818278
85606.0 1538.8690539818278
85729.0 2029.124916499666
87226.0 2029.124916499666
87325.0 1648.696784073507
92549.0 1648.696784073507
92630.0 2253.18573551263
95322.0 2253.18573551263
95418.0 2382.8487446417635
98684.0 2382.8487446417635
98813.0 1134.3342051729148
105695.0 1134.3342051729148
105850.0 1817.7502601456815
109694.0 1817.7502601456815
109833.0 1643.129761136217
114480.0 1643.129761136217
114522.0 1733.2915544675643
118607.0 1733.2915544675643
118737.0 1872.2043399638337
123161.0 1872.2043399638337
123418.0 1131.4194348725018
130673.0 1131.4194348725018
130741.0 1300.1955922865013
136549.0 1300.1955922865013
136631.0 1769.3252427184466
139927.0 1769.3252427184466
140016.0 1984.3276955602537
143800.0 1984.3276955602537
143922.0 1082.3883263847529
150638.0 1082.3883263847529
150723.0 1803.4852856318523
152456.0 1803.4852856318523
152522.0 1806.6196078431371
154052.0 1806.6196078431371
154124.0 1086.5559872836454
156955.0 1086.5559872836454
157044.0 1267.778534923339
159392.0 1267.778534923339
159512.0 3502.745254745255
160513.0 3502.745254745255
160613.0 1405.6342982777574
166071.0 1405.6342982777574
166142.0 3387.887882708064
168461.0 3387.887882708064
168515.0 2324.533053515215
171374.0 2324.533053515215
171418.0 3101.6765918460833
173601.0 3101.6765918460833
173711.0 4056.562235393734
174892.0 4056.562235393734
