10.0 3807.3507853403144
392.0 3807.3507853403144
513.0 3817.9141104294476
839.0 3817.9141104294476
912.0 3858.1241379310345
1202.0 3858.1241379310345
1310.0 3776.3456790123455
2120.0 3776.3456790123455
2212.0 3198.5527476935417
4705.0 3198.5527476935417
4815.0 2357.786607799853
7533.0 2357.786607799853
7619.0 1910.8731205486679
11410.0 1910.8731205486679
11520.0 2048.2607436021244
15662.0 2048.2607436021244
15715.0 2323.0044262853253
18652.0 2323.0044262853253
18719.0 1746.560917343526
22905.0 1746.560917343526
23022.0 2039.2058584214808
26709.0 2039.2058584214808
26823.0 1861.8528665651954
30765.0 1861.8528665651954
31012.0 1640.6341780376868
35629.0 1640.6341780376868
35729.0 1918.0272958593569
40052.0 1918.0272958593569
40121.0 2121.0222652468537
43220.0 2121.0222652468537
43316.0 2246.1557177615573
46604.0 2246.1557177615573
46727.0 1730.110067114094
51197.0 1730.110067114094
51327.0 1815.9179907739622
55229.0 1815.9179907739622
55324.0 1737.7752364196174
59871.0 1737.7752364196174
59928.0 1603.3933608157952
64537.0 1603.3933608157952
64625.0 1940.9066666666668
68300.0 1940.9066666666668
68609.0 1639.8815450643776
73269.0 1639.8815450643776
73331.0 1720.1705908485117
77833.0 1720.1705908485117
77934.0 1455.1394090719934
82740.0 1455.1394090719934
82820.0 2069.0691244239633
86292.0 2069.0691244239633
86421.0 2116.6705607476633
89845.0 2116.6705607476633
89917.0 2270.7070920116003
93710.0 2270.7070920116003
93811.0 2850.3646616541355
95939.0 2850.3646616541355
96018.0 2144.4982088729676
99647.0 2144.4982088729676
99729.0 2015.0975735673721
103603.0 2015.0975735673721
103910.0 1968.8453085376161
107459.0 1968.8453085376161
107524.0 1941.4248665141113
111457.0 1941.4248665141113
111525.0 1913.1305052688463
115226.0 1913.1305052688463
115325.0 1840.9939986663703
119824.0 1840.9939986663703
119918.0 1701.2327461139896
124743.0 1701.2327461139896
124832.0 1771.413558526859
129095.0 1771.413558526859
129224.0 2103.786435786436
131996.0 2103.786435786436
132117.0 2481.3932584269664
135143.0 2481.3932584269664
135214.0 2209.519756838906
138504.0 2209.519756838906
138808.0 1974.1755502519225
142579.0 1974.1755502519225
142619.0 2049.4180841539837
145970.0 2049.4180841539837
146018.0 2175.076923076923
149788.0 2175.076923076923
149921.0 1920.8994852343537
153612.0 1920.8994852343537
153725.0 1877.0840761262345
157876.0 1877.0840761262345
157922.0 1899.468185194355
161961.0 1899.468185194355
162017.0 2492.548223350254
165169.0 2492.548223350254
165215.0 3015.35390199637
167419.0 3015.35390199637
167510.0 4177.026526835287
169131.0 4177.026526835287
169402.0 2220.018535681186
171560.0 2220.018535681186
