85.0 500.4845147969718
2991.0 500.4845147969718
3209.0 504.5156059991893
5676.0 504.5156059991893
5797.0 503.76226924808645
8018.0 503.76226924808645
8211.0 511.4997943233237
10642.0 511.4997943233237
10795.0 594.3345454545455
12995.0 594.3345454545455
13173.0 600.6611177170035
14855.0 600.6611177170035
14975.0 997.040650406504
16205.0 997.040650406504
16347.0 1130.7252032520325
17577.0 1130.7252032520325
17642.0 1112.2509225092251
18726.0 1112.2509225092251
18858.0 1317.0787245541344
24409.0 1317.0787245541344
24521.0 2304.890251379522
27783.0 2304.890251379522
27814.0 1907.3347193347192
31662.0 1907.3347193347192
31730.0 1527.1790322580646
36690.0 1527.1790322580646
36828.0 917.2159292035399
45868.0 917.2159292035399
45969.0 623.6288425047438
56509.0 623.6288425047438
56667.0 763.6328502415458
58116.0 763.6328502415458
58260.0 763.853626081171
59763.0 763.853626081171
59860.0 1007.4648829431438
61056.0 1007.4648829431438
61140.0 1151.4986945169712
62289.0 1151.4986945169712
62453.0 1126.3364110798875
64944.0 1126.3364110798875
65055.0 1024.6709237973605
69753.0 1024.6709237973605
69857.0 921.1494385257703
73330.0 921.1494385257703
73441.0 1186.2819188191881
76151.0 1186.2819188191881
76241.0 1626.3720930232557
80541.0 1626.3720930232557
80612.0 2934.5620915032678
83060.0 2934.5620915032678
83121.0 1271.7108264607825
88820.0 1271.7108264607825
88942.0 1230.0474150242787
95944.0 1230.0474150242787
96024.0 1129.950819672131
101392.0 1129.950819672131
101558.0 880.4597805181581
110397.0 880.4597805181581
110522.0 2117.6412078152753
111085.0 2117.6412078152753
111119.0 2078.1319796954313
112498.0 2078.1319796954313
112621.0 2023.1054958938723
114204.0 2023.1054958938723
114323.0 2807.49246629659
116845.0 2807.49246629659
116911.0 2698.0533467539003
118898.0 2698.0533467539003
119023.0 801.3714732012106
129266.0 801.3714732012106
129367.0 1000.3359385349053
136916.0 1000.3359385349053
137016.0 3153.972958355868
138865.0 3153.972958355868
138907.0 4901.237597911228
140439.0 4901.237597911228
140509.0 4400.3147699757865
142161.0 4400.3147699757865
142211.0 1177.945569620253
148531.0 1177.945569620253
148821.0 1701.1642308645035
152858.0 1701.1642308645035
152926.0 1812.1635359116021
157451.0 1812.1635359116021
157526.0 1519.8370846730975
162191.0 1519.8370846730975
162334.0 1229.3745661091828
168672.0 1229.3745661091828
168745.0 1163.1218920557915
175341.0 1163.1218920557915
175438.0 1329.5050741608118
179281.0 1329.5050741608118
179334.0 906.1416803953872
180548.0 906.1416803953872
180657.0 897.9791469194313
181712.0 897.9791469194313
181849.0 889.8878748370274
184150.0 889.8878748370274
