41.0 1024.952783650458
1460.0 1024.952783650458
1543.0 1034.6134663341645
2746.0 1034.6134663341645
2841.0 1060.5270142180095
3896.0 1060.5270142180095
4045.0 1070.0998278829604
5207.0 1070.0998278829604
5345.0 1059.5915721231768
6579.0 1059.5915721231768
6649.0 1057.9183246073299
7604.0 1057.9183246073299
7742.0 1264.2886597938145
8712.0 1264.2886597938145
8845.0 1373.4654362959366
15022.0 1373.4654362959366
15131.0 1277.6524344569289
20471.0 1277.6524344569289
20553.0 915.9488849912302
28535.0 915.9488849912302
28637.0 1779.5389349112427
32862.0 1779.5389349112427
32923.0 1842.6874215415517
36906.0 1842.6874215415517
37027.0 1542.7307535641548
41937.0 1542.7307535641548
42025.0 1907.8766682006442
46371.0 1907.8766682006442
46436.0 1396.4410452517527
51143.0 1396.4410452517527
51414.0 1330.6954954954956
56964.0 1330.6954954954956
57048.0 1107.3298969072166
64032.0 1107.3298969072166
64150.0 1044.1317157712306
65304.0 1044.1317157712306
65444.0 1041.7889763779528
66714.0 1041.7889763779528
66843.0 1048.4167441860466
67918.0 1048.4167441860466
68058.0 1042.4059339177343
71024.0 1042.4059339177343
71153.0 1445.1301059001512
76441.0 1445.1301059001512
76528.0 1730.5492737430168
81003.0 1730.5492737430168
81124.0 1970.5269089884475
84673.0 1970.5269089884475
84910.0 2281.2981899015563
88059.0 2281.2981899015563
88124.0 2036.9533445756042
91682.0 2036.9533445756042
91820.0 1876.4252723311547
96410.0 1876.4252723311547
96528.0 1551.4649681528663
99040.0 1551.4649681528663
99157.0 1372.0176211453745
102789.0 1372.0176211453745
102927.0 2170.2774534334167
106524.0 2170.2774534334167
106629.0 1860.8340878828228
110384.0 1860.8340878828228
110524.0 2285.4307093684524
113865.0 2285.4307093684524
113920.0 2430.654308273258
116833.0 2430.654308273258
117106.0 2369.1739130434785
120602.0 2369.1739130434785
120726.0 1892.655752824533
125063.0 1892.655752824533
125125.0 1817.8950409244103
129279.0 1817.8950409244103
129325.0 1758.6537997587454
132641.0 1758.6537997587454
132728.0 1625.6107382550335
137347.0 1625.6107382550335
137433.0 1280.7117688513038
143109.0 1280.7117688513038
143242.0 1325.6082621082621
148858.0 1325.6082621082621
148929.0 1989.4553881807649
152381.0 1989.4553881807649
152419.0 2257.7202643171804
156051.0 2257.7202643171804
156306.0 2489.4803370786517
159154.0 2489.4803370786517
159217.0 2508.6207340631036
162323.0 2508.6207340631036
162420.0 2538.7001985440106
165442.0 2538.7001985440106
165515.0 1509.706379707917
170719.0 1509.706379707917
170832.0 1431.9844861021331
175473.0 1431.9844861021331
175521.0 2545.4736842105262
178181.0 2545.4736842105262
178221.0 2117.0128148475474
180484.0 2117.0128148475474
