15.0 2606.4659498207884
573.0 2606.4659498207884
618.0 2625.8227848101264
1092.0 2625.8227848101264
1222.0 2572.4069660861596
2313.0 2572.4069660861596
2415.0 2566.1409395973155
3607.0 2566.1409395973155
3714.0 2576.281690140845
4992.0 2576.281690140845
5121.0 2504.5246690734057
6783.0 2504.5246690734057
6821.0 2626.584481508339
9579.0 2626.584481508339
9613.0 2682.230793550427
12776.0 2682.230793550427
12814.0 2698.8386075949365
15342.0 2698.8386075949365
15412.0 2742.349587396849
18078.0 2742.349587396849
18110.0 2746.00146092038
20848.0 2746.00146092038
20913.0 2702.2916053019144
23629.0 2702.2916053019144
23711.0 2696.6208615165538
26520.0 2696.6208615165538
26613.0 2752.8658698539175
29625.0 2752.8658698539175
29907.0 2711.6534653465346
32331.0 2711.6534653465346
32414.0 2707.2434017595306
35142.0 2707.2434017595306
35215.0 2703.691808118081
41990.0 2703.691808118081
42113.0 2700.5566300606456
48214.0 2700.5566300606456
48316.0 2712.3370992366413
54866.0 2712.3370992366413
54914.0 2694.2273579013117
61318.0 2694.2273579013117
61416.0 2687.447957839262
67488.0 2687.447957839262
67615.0 2689.073667953668
74090.0 2689.073667953668
74220.0 2659.412087912088
77132.0 2659.412087912088
77403.0 2721.1673151750974
79973.0 2721.1673151750974
80019.0 2624.51843575419
81809.0 2624.51843575419
81919.0 2628.7558940877766
84676.0 2628.7558940877766
84714.0 2723.843137254902
87876.0 2723.843137254902
87917.0 2759.588717015469
90115.0 2759.588717015469
90218.0 2679.884297520661
93122.0 2679.884297520661
93216.0 2610.865551839465
96206.0 2610.865551839465
96314.0 2590.8164627363735
99011.0 2590.8164627363735
99116.0 2579.6027027027026
102076.0 2579.6027027027026
102308.0 2587.9005847953217
105044.0 2587.9005847953217
105115.0 2646.2083067092653
108245.0 2646.2083067092653
108314.0 2647.032570138665
111415.0 2647.032570138665
111512.0 2648.7323746054017
114363.0 2648.7323746054017
114419.0 2647.06101344364
120221.0 2647.06101344364
120316.0 2664.7643865363734
126763.0 2664.7643865363734
126816.0 2692.5804416403785
133156.0 2692.5804416403785
133216.0 2411.370786516854
140336.0 2411.370786516854
140419.0 2304.6765951632738
147738.0 2304.6765951632738
148007.0 2311.172491544532
151555.0 2311.172491544532
151624.0 1997.1943661971832
155174.0 1997.1943661971832
155220.0 2580.9128850612788
158239.0 2580.9128850612788
158313.0 2671.2924791086352
161185.0 2671.2924791086352
161219.0 2409.233977307574
164480.0 2409.233977307574
164518.0 2371.8201284796573
167320.0 2371.8201284796573
167419.0 2371.614711033275
170274.0 2371.614711033275
170318.0 2374.033696729435
172336.0 2374.033696729435
