64.0 671.4718374884579
2230.0 671.4718374884579
2373.0 677.5394665215025
4210.0 677.5394665215025
4373.0 675.2299336149669
6030.0 675.2299336149669
6174.0 228.7025933419165
11611.0 228.7025933419165
11972.0 183.28231006447996
19106.0 183.28231006447996
19489.0 244.627602905569
23619.0 244.627602905569
23903.0 245.07593924860112
28907.0 245.07593924860112
29194.0 247.5159281010856
34813.0 247.5159281010856
35096.0 258.00984378343674
39769.0 258.00984378343674
40005.0 259.4637444625787
44294.0 259.4637444625787
44623.0 216.96367112810708
49853.0 216.96367112810708
50242.0 213.93800308271963
56081.0 213.93800308271963
56358.0 252.2495096116124
61456.0 252.2495096116124
61617.0 439.3427000610873
64891.0 439.3427000610873
65105.0 445.1362733412793
67622.0 445.1362733412793
67837.0 410.1200889547813
70535.0 410.1200889547813
70734.0 396.70767104353837
73628.0 396.70767104353837
73859.0 419.10539130434785
76734.0 419.10539130434785
76929.0 428.59475218658895
80016.0 428.59475218658895
80211.0 414.6607799852833
82929.0 414.6607799852833
83322.0 268.4904214559387
88020.0 268.4904214559387
88281.0 268.7877368533106
92978.0 268.7877368533106
93196.0 317.22689888727626
97330.0 317.22689888727626
97543.0 394.8483327357476
100332.0 394.8483327357476
100515.0 391.2135954681773
103516.0 391.2135954681773
103756.0 629.9253196930946
105711.0 629.9253196930946
105855.0 855.5014697236919
107556.0 855.5014697236919
107655.0 862.5024248302619
108686.0 862.5024248302619
108849.0 1022.3294509151415
110051.0 1022.3294509151415
110158.0 854.4170666666666
113908.0 854.4170666666666
114059.0 944.5028386050284
121457.0 944.5028386050284
121556.0 809.6303679355318
130987.0 809.6303679355318
131152.0 1026.8046387154327
132273.0 1026.8046387154327
132344.0 1016.7589424572317
133630.0 1016.7589424572317
133758.0 835.8057224315243
143579.0 835.8057224315243
143662.0 744.2187318208261
145381.0 744.2187318208261
145464.0 740.9429978888107
146885.0 740.9429978888107
147066.0 744.252063015754
148399.0 744.252063015754
148563.0 662.4241628365069
153132.0 662.4241628365069
153281.0 737.8281397544854
157517.0 737.8281397544854
157825.0 887.3643178410795
159159.0 887.3643178410795
159269.0 764.8035803083043
163291.0 764.8035803083043
163461.0 764.5072244985982
172735.0 764.5072244985982
172868.0 694.8064516129032
174852.0 694.8064516129032
174972.0 711.1229377328366
176851.0 711.1229377328366
176969.0 726.3255813953489
178732.0 726.3255813953489
179038.0 749.2005657708628
182573.0 749.2005657708628
182685.0 861.1569568197395
185603.0 861.1569568197395
185757.0 1397.5495915985998
189185.0 1397.5495915985998
