11.0 3962.964577656676
378.0 3962.964577656676
414.0 3900.880195599022
1232.0 3900.880195599022
1315.0 3896.8745837957827
3117.0 3896.8745837957827
3210.0 3864.496894409938
5142.0 3864.496894409938
5210.0 3874.6316812439263
7268.0 3874.6316812439263
7310.0 4185.802743305029
8841.0 4185.802743305029
8908.0 4406.39902676399
10552.0 4406.39902676399
10607.0 4990.52705882353
12307.0 4990.52705882353
12410.0 4857.829246676514
15795.0 4857.829246676514
15913.0 4558.342001576044
19720.0 4558.342001576044
19809.0 3380.2830482115087
24953.0 3380.2830482115087
25011.0 3733.544062153163
29516.0 3733.544062153163
29613.0 4874.711527854385
33239.0 4874.711527854385
33307.0 4680.63975314991
37196.0 4680.63975314991
37311.0 5251.454009819967
40366.0 5251.454009819967
40408.0 5464.888606791495
43559.0 5464.888606791495
43800.0 5552.443770839648
47099.0 5552.443770839648
47208.0 5551.245283018868
50176.0 5551.245283018868
50205.0 4451.4678025557505
54196.0 4451.4678025557505
54310.0 4753.1217630854
57940.0 4753.1217630854
58012.0 4799.465882352941
61412.0 4799.465882352941
61507.0 4987.611572615297
64998.0 4987.611572615297
65108.0 4855.750819672131
68768.0 4855.750819672131
68810.0 4756.428155904596
72248.0 4756.428155904596
72309.0 4960.113410830734
75836.0 4960.113410830734
76102.0 4988.699052132702
79478.0 4988.699052132702
79508.0 5057.984692531011
83297.0 5057.984692531011
83412.0 5451.411195577056
86306.0 5451.411195577056
86409.0 5454.139891408496
89540.0 5454.139891408496
89607.0 5114.658788774003
92992.0 5114.658788774003
93107.0 4954.731535756155
96519.0 4954.731535756155
96608.0 4920.62313860252
100100.0 4920.62313860252
100213.0 4389.830202854996
104206.0 4389.830202854996
104310.0 4347.454372623574
108518.0 4347.454372623574
108801.0 4885.497750727705
112580.0 4885.497750727705
112608.0 5444.947301587302
115758.0 5444.947301587302
115812.0 5388.8589473684215
118662.0 5388.8589473684215
118708.0 5253.741896024465
121978.0 5253.741896024465
122010.0 5254.219759926131
125259.0 5254.219759926131
125308.0 5002.610722610722
128740.0 5002.610722610722
128810.0 4969.925751325869
132204.0 4969.925751325869
132307.0 4850.5600888148765
135910.0 4850.5600888148765
136012.0 4830.797951052931
139526.0 4830.797951052931
139802.0 4842.557555919258
143468.0 4842.557555919258
143513.0 4882.136703044227
146995.0 4882.136703044227
147111.0 4885.036151128024
150790.0 4885.036151128024
150909.0 5137.236411263916
153963.0 5137.236411263916
154012.0 5230.611650485437
157308.0 5230.611650485437
157412.0 5237.106849315069
159602.0 5237.106849315069
