15.0 2796.9384615384615
535.0 2796.9384615384615
614.0 2815.927601809955
1056.0 2815.927601809955
1112.0 2811.1959798994976
1510.0 2811.1959798994976
1620.0 2765.6781193490056
2726.0 2765.6781193490056
2817.0 3052.8300153139357
5429.0 3052.8300153139357
5510.0 4110.624759461193
7069.0 4110.624759461193
7110.0 2603.92523364486
9892.0 2603.92523364486
10011.0 3799.3264666368113
12244.0 3799.3264666368113
12314.0 3713.584462511292
16742.0 3713.584462511292
16813.0 3635.786297925833
21586.0 3635.786297925833
21713.0 3387.526982271576
26846.0 3387.526982271576
26908.0 4107.354334554335
31003.0 4107.354334554335
31110.0 4233.701556886228
35285.0 4233.701556886228
35407.0 4918.402593893542
39108.0 4918.402593893542
39208.0 4919.715424716344
42469.0 4919.715424716344
42506.0 4764.765910348644
46120.0 4764.765910348644
46398.0 4694.390568939006
50300.0 4694.390568939006
50409.0 4620.329781267526
53975.0 4620.329781267526
54007.0 4487.448345541803
57966.0 4487.448345541803
58009.0 4523.81541688516
61823.0 4523.81541688516
61906.0 5144.4464060529635
65078.0 5144.4464060529635
65107.0 5145.316784869977
68491.0 5145.316784869977
68610.0 5140.887474689037
72067.0 5140.887474689037
72107.0 5142.327044025157
75287.0 5142.327044025157
75406.0 5116.794384322901
78825.0 5116.794384322901
79101.0 4814.707833047456
82599.0 4814.707833047456
82708.0 4820.096579476861
86684.0 4820.096579476861
86808.0 5038.768444586394
89939.0 5038.768444586394
90007.0 5108.259647023631
93350.0 5108.259647023631
93408.0 5102.599469496021
96801.0 5102.599469496021
96907.0 5066.090500449505
100244.0 5066.090500449505
100308.0 5062.703594578668
103702.0 5062.703594578668
103807.0 4879.897550111358
107399.0 4879.897550111358
107509.0 4821.847127042699
111303.0 4821.847127042699
111601.0 4413.649533827396
115784.0 4413.649533827396
115911.0 4175.166504381694
120019.0 4175.166504381694
120108.0 4140.805607980587
123817.0 4140.805607980587
123911.0 3422.940027894003
128930.0 3422.940027894003
129013.0 3421.0340681362727
134003.0 3421.0340681362727
134114.0 3842.6499552372425
138582.0 3842.6499552372425
138710.0 4065.54061219571
142859.0 4065.54061219571
142911.0 4221.3932367149755
147051.0 4221.3932367149755
147109.0 4536.457509353287
150851.0 4536.457509353287
151101.0 4437.094726318421
155102.0 4437.094726318421
155213.0 3637.8343676439117
159886.0 3637.8343676439117
160012.0 3637.330095122445
164953.0 3637.330095122445
165014.0 3681.1637728765836
169276.0 3681.1637728765836
169313.0 3708.345020434502
173962.0 3708.345020434502
174012.0 3714.139896373057
177100.0 3714.139896373057
