36.0 1329.4405850091407
1130.0 1329.4405850091407
1238.0 1341.2068965517242
2166.0 1341.2068965517242
2238.0 1338.3444976076555
3074.0 1338.3444976076555
3138.0 1342.8250539956803
4064.0 1342.8250539956803
4137.0 1331.5030549898167
5119.0 1331.5030549898167
5246.0 1320.4725388601037
7176.0 1320.4725388601037
7248.0 858.6794038975927
12482.0 858.6794038975927
12608.0 695.0025395265012
24815.0 695.0025395265012
24949.0 985.0326797385621
26173.0 985.0326797385621
26246.0 929.6908939014202
27443.0 929.6908939014202
27593.0 579.5301327885597
29551.0 579.5301327885597
29848.0 575.3956701980654
32019.0 575.3956701980654
32189.0 704.2541073384447
34015.0 704.2541073384447
34349.0 512.6526036288539
41128.0 512.6526036288539
41329.0 491.8774170010945
46811.0 491.8774170010945
47156.0 587.9595573600828
59717.0 587.9595573600828
59906.0 506.875055187638
62171.0 506.875055187638
62290.0 501.2179700499168
64694.0 501.2179700499168
64908.0 561.5755517826825
67264.0 561.5755517826825
67398.0 575.611848825332
69356.0 575.611848825332
69651.0 575.4416058394161
71843.0 575.4416058394161
71990.0 532.2495784148398
74362.0 532.2495784148398
74500.0 527.7327967806841
76985.0 527.7327967806841
77100.0 531.4826254826255
79172.0 531.4826254826255
79287.0 882.0676183320811
80618.0 882.0676183320811
80754.0 1169.51428110376
86951.0 1169.51428110376
87026.0 560.509696733047
102392.0 560.509696733047
102580.0 581.9633507853404
104108.0 581.9633507853404
104299.0 576.108766994843
106432.0 576.108766994843
106750.0 586.439744220364
108783.0 586.439744220364
108887.0 587.1179487179487
111032.0 587.1179487179487
111177.0 587.09412861137
113323.0 587.09412861137
113496.0 498.51255265374897
119431.0 498.51255265374897
119603.0 544.1911352776405
125672.0 544.1911352776405
125782.0 650.3281958295557
127988.0 650.3281958295557
128173.0 488.1007249141549
130794.0 488.1007249141549
130997.0 482.9724770642202
133177.0 482.9724770642202
133303.0 480.66279069767444
135367.0 480.66279069767444
135671.0 511.0859167404783
137929.0 511.0859167404783
138090.0 533.2605357447535
143951.0 533.2605357447535
144141.0 393.9651216154199
161573.0 393.9651216154199
161668.0 915.0925795053004
163083.0 915.0925795053004
163150.0 1086.6978484565013
164219.0 1086.6978484565013
164343.0 1066.9473684210527
165635.0 1066.9473684210527
165747.0 1084.577922077922
166979.0 1084.577922077922
167046.0 1095.3909324208726
168215.0 1095.3909324208726
168349.0 688.0810600155885
172198.0 688.0810600155885
172409.0 546.9865041358294
177003.0 546.9865041358294
177198.0 638.6874610106051
180404.0 638.6874610106051
