10.0 4646.670926517572
323.0 4646.670926517572
409.0 4661.573033707865
676.0 4661.573033707865
710.0 4585.777777777777
1322.0 4585.777777777777
1407.0 4565.432835820896
2077.0 4565.432835820896
2112.0 4559.17209834191
3861.0 4559.17209834191
3907.0 4567.686386315039
5310.0 4567.686386315039
5411.0 4561.788413098237
6999.0 4561.788413098237
7111.0 4559.824788451966
11129.0 4559.824788451966
11212.0 4659.606687446869
14741.0 4659.606687446869
14808.0 4547.591194968553
18624.0 4547.591194968553
18709.0 4497.717537506466
22575.0 4497.717537506466
22609.0 4531.146551724138
26321.0 4531.146551724138
26409.0 4610.251434533125
30243.0 4610.251434533125
30310.0 4523.610337972167
34334.0 4523.610337972167
34413.0 4521.756482525367
37961.0 4521.756482525367
38200.0 4557.931180518793
41978.0 4557.931180518793
42009.0 4564.543234487915
46022.0 4564.543234487915
46111.0 4542.623655913979
49738.0 4542.623655913979
49813.0 4600.157431382703
53675.0 4600.157431382703
53707.0 4563.29859825443
57488.0 4563.29859825443
57609.0 4545.455153203343
61199.0 4545.455153203343
61312.0 4484.097862477466
65195.0 4484.097862477466
65312.0 4489.0245011366505
69271.0 4489.0245011366505
69307.0 4567.765363128492
72887.0 4567.765363128492
73201.0 4529.860176074572
77063.0 4529.860176074572
77111.0 4558.010284167794
80806.0 4558.010284167794
80908.0 4485.069974256962
85181.0 4485.069974256962
85310.0 4576.844792573252
88757.0 4576.844792573252
88812.0 4577.0335030822835
92543.0 4577.0335030822835
92611.0 4574.140026420079
96396.0 4574.140026420079
96511.0 4480.663662867744
100284.0 4480.663662867744
100411.0 4580.8627032791255
104162.0 4580.8627032791255
104211.0 4479.578839764887
108124.0 4479.578839764887
108401.0 4604.60307072741
112374.0 4604.60307072741
112411.0 4604.063840399002
116421.0 4604.063840399002
116508.0 4572.536390295921
120259.0 4572.536390295921
120309.0 4543.860355029586
123689.0 4543.860355029586
123810.0 4507.933875623196
127621.0 4507.933875623196
127710.0 4529.307508622977
131479.0 4529.307508622977
131509.0 4569.858929997338
135266.0 4569.858929997338
135310.0 4583.676086956521
138990.0 4583.676086956521
139109.0 4520.581479565442
142975.0 4520.581479565442
143202.0 4448.486373165619
147018.0 4448.486373165619
147110.0 4540.3621483375955
151020.0 4540.3621483375955
151110.0 4524.7804099015175
154867.0 4524.7804099015175
154913.0 4520.132796780684
158889.0 4520.132796780684
159012.0 4590.146284376829
162430.0 4590.146284376829
162510.0 4570.54506892895
166282.0 4570.54506892895
166411.0 4556.719904648391
168928.0 4556.719904648391
