8.0 4488.913580246914
332.0 4488.913580246914
415.0 4509.565217391304
691.0 4509.565217391304
810.0 4430.389905362776
2395.0 4430.389905362776
2509.0 4425.730883224659
4196.0 4425.730883224659
4310.0 4415.335640138408
8356.0 4415.335640138408
8411.0 3936.3912823112014
12357.0 3936.3912823112014
12411.0 3822.874861572536
16926.0 3822.874861572536
17020.0 3303.529751172016
22566.0 3303.529751172016
22611.0 4150.038929440389
24255.0 4150.038929440389
24308.0 4116.612612612613
26084.0 4116.612612612613
26109.0 3969.6684266103484
28003.0 3969.6684266103484
28300.0 3866.9251844046366
30198.0 3866.9251844046366
30310.0 3835.34582278481
32285.0 3835.34582278481
32310.0 3726.5761797752807
34535.0 3726.5761797752807
34611.0 3670.371082132235
38982.0 3670.371082132235
39112.0 3462.6712246129096
44085.0 3462.6712246129096
44207.0 4677.607763023493
48123.0 4677.607763023493
48208.0 4687.367283072546
51723.0 4687.367283072546
51807.0 4519.411854489952
55738.0 4519.411854489952
55810.0 4782.10421286031
59418.0 4782.10421286031
59506.0 4767.217061057552
62929.0 4767.217061057552
63009.0 4484.097862477466
66892.0 4484.097862477466
67201.0 4569.824633581898
71090.0 4569.824633581898
71210.0 4773.088149445417
74636.0 4773.088149445417
74707.0 4823.358147229115
78334.0 4823.358147229115
78410.0 4674.395781293367
82013.0 4674.395781293367
82108.0 4653.886352598349
86226.0 4653.886352598349
86309.0 4667.569230769231
89689.0 4667.569230769231
89809.0 4465.719665271967
93633.0 4465.719665271967
93712.0 4002.1081830790567
98038.0 4002.1081830790567
98111.0 3481.372322899506
102967.0 3481.372322899506
103203.0 4066.938698224852
107428.0 4066.938698224852
107509.0 4529.3519379844965
111379.0 4529.3519379844965
111410.0 4654.9842239185755
115340.0 4654.9842239185755
115408.0 4812.9030239833155
119244.0 4812.9030239833155
119310.0 5052.012960235641
122705.0 5052.012960235641
122809.0 4743.127856701668
126047.0 4743.127856701668
126109.0 4669.675455286762
129788.0 4669.675455286762
129908.0 4582.808053691275
133633.0 4582.808053691275
133711.0 4490.965210567617
137534.0 4490.965210567617
137800.0 4842.930806775768
141283.0 4842.930806775768
141409.0 4701.793919827818
145126.0 4701.793919827818
145209.0 4620.420250408274
148883.0 4620.420250408274
149009.0 4690.308058124175
152794.0 4690.308058124175
152907.0 4694.725214029274
156528.0 4694.725214029274
156611.0 4580.0326197757395
160535.0 4580.0326197757395
160607.0 4792.034208918753
163881.0 4792.034208918753
163909.0 4630.699973139941
167632.0 4630.699973139941
167710.0 4558.531001589825
170226.0 4558.531001589825
