17.0 2703.360594795539
555.0 2703.360594795539
619.0 2723.5010940919037
1076.0 2723.5010940919037
1116.0 2715.669902912621
1528.0 2715.669902912621
1620.0 2671.475982532751
2765.0 2671.475982532751
2817.0 2695.9505154639173
3302.0 2695.9505154639173
3420.0 2682.644210526316
4370.0 2682.644210526316
4419.0 2779.785111281658
7025.0 2779.785111281658
7113.0 3338.80204643841
9654.0 3338.80204643841
9717.0 3242.0646687697163
14789.0 3242.0646687697163
14913.0 3013.3023094287205
20672.0 3013.3023094287205
20715.0 2657.117359413203
27259.0 2657.117359413203
27314.0 3009.952755905512
32902.0 3009.952755905512
33017.0 3331.0501319261216
35291.0 3331.0501319261216
35414.0 3328.635889201124
37905.0 3328.635889201124
38202.0 3339.9634146341464
40170.0 3339.9634146341464
40216.0 3292.625947391886
42459.0 3292.625947391886
42516.0 3283.9031847133756
44871.0 3283.9031847133756
44912.0 3286.5083487940633
47068.0 3286.5083487940633
47114.0 3330.0483598875353
52449.0 3330.0483598875353
52515.0 3322.5172347390717
57708.0 3322.5172347390717
57814.0 3228.1273986152323
62869.0 3228.1273986152323
62911.0 3309.5898118228474
68172.0 3309.5898118228474
68212.0 3342.495392138424
73529.0 3342.495392138424
73610.0 3323.0237756553547
78531.0 3323.0237756553547
78614.0 3172.709466811752
84128.0 3172.709466811752
84218.0 3048.8501086169445
89742.0 3048.8501086169445
90007.0 3262.0772765957445
95882.0 3262.0772765957445
96012.0 3261.6051271449246
100849.0 3261.6051271449246
100915.0 3229.981463968224
106202.0 3229.981463968224
106317.0 3239.7305389221556
111661.0 3239.7305389221556
111715.0 3249.9683720930234
113865.0 3249.9683720930234
113915.0 3289.7992244722104
116236.0 3289.7992244722104
116313.0 3405.7219817219816
118392.0 3405.7219817219816
118514.0 3394.5213114754097
120954.0 3394.5213114754097
121019.0 3408.6567901234566
122639.0 3408.6567901234566
122710.0 3326.667841409692
124980.0 3326.667841409692
125010.0 3272.556677890011
126792.0 3272.556677890011
126915.0 3276.04537521815
129207.0 3276.04537521815
129503.0 3286.3110307414104
131715.0 3286.3110307414104
131816.0 3316.3917326637047
136993.0 3316.3917326637047
137114.0 3312.633150039277
142206.0 3312.633150039277
142315.0 3287.5410082769
147631.0 3287.5410082769
147715.0 3318.1047693510554
152831.0 3318.1047693510554
152915.0 3336.9954887218046
158235.0 3336.9954887218046
158317.0 3306.6718537249562
163458.0 3306.6718537249562
163514.0 3258.757570262919
169029.0 3258.757570262919
169115.0 3195.991036871053
174024.0 3195.991036871053
174306.0 3314.1284121491735
179508.0 3314.1284121491735
179616.0 3326.352668213457
183064.0 3326.352668213457
