20.0 2364.891056910569
635.0 2364.891056910569
717.0 2393.5384615384614
1237.0 2393.5384615384614
1329.0 2346.56856187291
2525.0 2346.56856187291
2619.0 2386.671785028791
3140.0 2386.671785028791
3221.0 2343.4078291814944
4626.0 2343.4078291814944
4723.0 2338.0021889821232
7464.0 2338.0021889821232
7525.0 2476.6222222222223
10450.0 2476.6222222222223
10514.0 2626.593188854489
13744.0 2626.593188854489
13811.0 2737.8266452648477
16303.0 2737.8266452648477
16415.0 2734.145100972326
19089.0 2734.145100972326
19214.0 2756.067448680352
21942.0 2756.067448680352
22014.0 2769.593962264151
24664.0 2769.593962264151
24718.0 2793.070796460177
27430.0 2793.070796460177
27707.0 2751.952207102556
30720.0 2751.952207102556
30814.0 2759.4659949622164
33196.0 2759.4659949622164
33325.0 2734.613943147531
39622.0 2734.613943147531
39714.0 2627.6735045187206
46685.0 2627.6735045187206
46825.0 2405.2694890510948
53675.0 2405.2694890510948
53714.0 2690.566106315311
60317.0 2690.566106315311
60419.0 2654.8441298661332
66918.0 2654.8441298661332
67022.0 2647.6733481811434
69716.0 2647.6733481811434
69818.0 2672.9094088842253
72677.0 2672.9094088842253
72904.0 2669.496035849707
75805.0 2669.496035849707
75923.0 2683.335
77523.0 2683.335
77619.0 2686.540014958863
80293.0 2686.540014958863
80420.0 2683.258052573121
83121.0 2683.258052573121
83218.0 2678.1069651741295
86434.0 2678.1069651741295
86518.0 2660.340350877193
88798.0 2660.340350877193
88917.0 2657.9180327868853
91845.0 2657.9180327868853
91920.0 2679.879162375558
94833.0 2679.879162375558
94920.0 2708.306976744186
97500.0 2708.306976744186
97614.0 2710.2233438485805
103954.0 2710.2233438485805
104016.0 2723.945920745921
110451.0 2723.945920745921
110521.0 2700.6330085621494
117295.0 2700.6330085621494
117414.0 2707.081524926686
124234.0 2707.081524926686
124318.0 2678.261086820737
130722.0 2678.261086820737
130822.0 2680.0073529411766
132998.0 2680.0073529411766
133120.0 2649.5045871559632
135954.0 2649.5045871559632
136019.0 2648.2040072859745
138764.0 2648.2040072859745
138816.0 2671.1933979189093
141603.0 2671.1933979189093
141720.0 2709.112426035503
144255.0 2709.112426035503
144318.0 2706.2838283828382
147348.0 2706.2838283828382
147416.0 2686.6388783630164
150055.0 2686.6388783630164
150123.0 2610.310217755444
153108.0 2610.310217755444
153410.0 2609.5074829931973
156350.0 2609.5074829931973
156413.0 2664.127500847745
159362.0 2664.127500847745
159415.0 2709.2702812882185
161868.0 2709.2702812882185
161919.0 2584.334582521361
168590.0 2584.334582521361
168723.0 2441.30779054917
173421.0 2441.30779054917
