22.0 1891.297789336801
791.0 1891.297789336801
927.0 1906.0336906584992
1580.0 1906.0336906584992
1624.0 1902.8163265306123
2212.0 1902.8163265306123
2321.0 1904.220520673813
2974.0 1904.220520673813
3032.0 1872.8600682593856
4790.0 1872.8600682593856
4930.0 1650.389904712851
8813.0 1650.389904712851
8921.0 2481.71291538198
11840.0 2481.71291538198
11922.0 2182.072016460905
15810.0 2182.072016460905
15918.0 2513.8776713338248
18632.0 2513.8776713338248
18709.0 3688.750756811302
20691.0 3688.750756811302
20820.0 2441.0883116883115
23900.0 2441.0883116883115
24018.0 2802.376479572356
26637.0 2802.376479572356
26714.0 3031.1356542617045
29213.0 3031.1356542617045
29503.0 3031.6753199268737
32238.0 3031.6753199268737
32314.0 2734.2129783693845
34718.0 2734.2129783693845
34817.0 2610.590314598798
37646.0 2610.590314598798
37717.0 2610.9358541525994
40679.0 2610.9358541525994
40717.0 2648.8642990654207
43392.0 2648.8642990654207
43515.0 2656.9145931405515
46489.0 2656.9145931405515
46622.0 2505.6392680801628
53508.0 2505.6392680801628
53622.0 2105.3004773577604
61373.0 2105.3004773577604
61526.0 2159.9990075672995
69587.0 2159.9990075672995
69904.0 2494.9123711340208
73008.0 2494.9123711340208
73121.0 2216.608557844691
76276.0 2216.608557844691
76317.0 2605.6612259702574
79074.0 2605.6612259702574
79117.0 2857.839116719243
81653.0 2857.839116719243
81734.0 3129.779775280899
83514.0 3129.779775280899
83616.0 3131.4279814145584
85553.0 3131.4279814145584
85613.0 2753.008544252781
91816.0 2753.008544252781
91917.0 2546.0470588235294
98717.0 2546.0470588235294
98818.0 2570.012769838857
105396.0 2570.012769838857
105527.0 2622.9302396580674
112078.0 2622.9302396580674
112128.0 2152.780784432958
115417.0 2152.780784432958
115522.0 2255.0046283691804
119195.0 2255.0046283691804
119316.0 2693.0603674540685
122364.0 2693.0603674540685
122419.0 2592.3570202540336
125332.0 2592.3570202540336
125418.0 2671.4136509390746
127601.0 2671.4136509390746
127717.0 3116.9348277293484
130126.0 3116.9348277293484
130208.0 3600.455671124319
132227.0 3600.455671124319
132317.0 2573.320428620809
135210.0 2573.320428620809
135319.0 2507.869164436515
142045.0 2507.869164436515
142122.0 2322.158915758703
149648.0 2322.158915758703
149722.0 2414.863760217984
152658.0 2414.863760217984
152714.0 2390.1153374233127
155974.0 2390.1153374233127
156022.0 2838.3100258971513
158725.0 2838.3100258971513
158821.0 2973.6987130961393
161463.0 2973.6987130961393
161511.0 2670.084371233427
164000.0 2670.084371233427
164121.0 2611.245661396066
166714.0 2611.245661396066
166818.0 3317.7285318559557
168262.0 3317.7285318559557
