12.0 3462.8761904761905
432.0 3462.8761904761905
516.0 3406.7567944250873
1951.0 3406.7567944250873
2017.0 2268.1421188630493
5113.0 2268.1421188630493
5219.0 3030.116883116883
7683.0 3030.116883116883
7710.0 4234.727562400425
9593.0 4234.727562400425
9708.0 2942.3617998163454
11886.0 2942.3617998163454
12016.0 3802.6876640419946
13921.0 3802.6876640419946
14008.0 4556.335123523094
15870.0 4556.335123523094
15907.0 4572.8310991957105
17399.0 4572.8310991957105
17508.0 4170.624073017684
19261.0 4170.624073017684
19311.0 4140.171806167401
21127.0 4140.171806167401
21212.0 3674.009611183923
25790.0 3674.009611183923
25914.0 3728.264923012023
30655.0 3728.264923012023
30707.0 4929.057135120498
34400.0 4929.057135120498
34505.0 5494.243835616438
37425.0 5494.243835616438
37507.0 4435.822771767131
41389.0 4435.822771767131
41513.0 3443.141353383459
46833.0 3443.141353383459
46905.0 6189.367392937641
49567.0 6189.367392937641
49607.0 5322.2911923307365
52945.0 5322.2911923307365
53201.0 5642.194898626553
56259.0 5642.194898626553
56306.0 6396.779302234418
58857.0 6396.779302234418
58906.0 4582.04
62706.0 4582.04
62811.0 3612.2048780487803
67731.0 3612.2048780487803
67813.0 3356.4449917898196
72685.0 3356.4449917898196
72812.0 3703.2853513971213
77536.0 3703.2853513971213
77610.0 4377.917338185599
81457.0 4377.917338185599
81509.0 4682.312240410457
85602.0 4682.312240410457
85707.0 5806.545454545455
88424.0 5806.545454545455
88700.0 5828.2976109215015
91630.0 5828.2976109215015
91706.0 4834.716559620218
95287.0 4834.716559620218
95409.0 4527.462238885913
99143.0 4527.462238885913
99209.0 3925.7061914553346
103586.0 3925.7061914553346
103711.0 3678.6132214060863
108476.0 3678.6132214060863
108514.0 4356.772564896404
112713.0 4356.772564896404
112804.0 6825.248059149722
115509.0 6825.248059149722
115605.0 6266.56339057362
118342.0 6266.56339057362
118407.0 4788.976613657624
121614.0 4788.976613657624
121901.0 5228.160681679854
125187.0 5228.160681679854
125309.0 6125.209903121636
128096.0 6125.209903121636
128205.0 7828.983128134975
130398.0 7828.983128134975
130504.0 8514.855123674912
132485.0 8514.855123674912
132604.0 7061.239595959596
135079.0 7061.239595959596
135105.0 6139.393851717902
137870.0 6139.393851717902
137904.0 5775.151594014314
140978.0 5775.151594014314
141005.0 5489.053923151437
144102.0 5489.053923151437
144207.0 4824.7108724832215
147932.0 4824.7108724832215
148200.0 5343.705722070845
151136.0 5343.705722070845
151207.0 3037.3671599718114
156883.0 3037.3671599718114
157013.0 3649.1454024817053
160156.0 3649.1454024817053
