13.0 3729.251282051282
403.0 3729.251282051282
511.0 3737.6576576576576
844.0 3737.6576576576576
912.0 3741.9933110367892
1211.0 3741.9933110367892
1312.0 3667.673860911271
2146.0 3667.673860911271
2214.0 3665.257543859649
3639.0 3665.257543859649
3710.0 3682.8208092485547
4402.0 3682.8208092485547
4530.0 3678.1434159061278
5297.0 3678.1434159061278
5415.0 3652.1291433491174
7738.0 3652.1291433491174
7815.0 3254.2552938848207
12868.0 3254.2552938848207
12914.0 3490.969221484611
17885.0 3490.969221484611
18014.0 3481.1163163163164
23009.0 3481.1163163163164
23114.0 3354.5305145592342
28128.0 3354.5305145592342
28215.0 3536.5554221688676
33213.0 3536.5554221688676
33313.0 3568.5175455792983
38414.0 3568.5175455792983
38512.0 3463.5561312607947
43144.0 3463.5561312607947
43215.0 3490.7488343807013
48148.0 3490.7488343807013
48403.0 3501.7228063467787
53634.0 3501.7228063467787
53714.0 3515.2754427138893
58401.0 3515.2754427138893
58518.0 3554.1179190751445
61978.0 3554.1179190751445
62017.0 3617.2491434165445
64060.0 3617.2491434165445
64111.0 3611.81584772023
68629.0 3611.81584772023
68713.0 3657.9310924369747
73473.0 3657.9310924369747
73613.0 3691.7424179476525
78427.0 3691.7424179476525
78516.0 3760.9475620975163
82864.0 3760.9475620975163
82911.0 3553.589274832419
87834.0 3553.589274832419
87916.0 3433.9553493766307
91365.0 3433.9553493766307
91417.0 3456.1765650080256
93909.0 3456.1765650080256
94204.0 3721.2122699386505
95834.0 3721.2122699386505
95910.0 3718.291447682752
98003.0 3718.291447682752
98110.0 3720.918970448046
100208.0 3720.918970448046
100311.0 3702.9316375198728
102198.0 3702.9316375198728
102313.0 3623.9316563834836
104420.0 3623.9316563834836
104517.0 3611.908510199876
109370.0 3611.908510199876
109414.0 3724.366449511401
114326.0 3724.366449511401
114414.0 3743.36901865369
119346.0 3743.36901865369
119413.0 3767.0951021304636
123966.0 3767.0951021304636
124014.0 3767.970559371933
128090.0 3767.970559371933
128212.0 3766.6599429949574
132773.0 3766.6599429949574
132812.0 3682.260569456428
137448.0 3682.260569456428
137517.0 3660.7590618336885
142207.0 3660.7590618336885
142501.0 3751.7633451957295
146997.0 3751.7633451957295
147113.0 3771.378506689685
151747.0 3771.378506689685
151817.0 3792.543342269884
156293.0 3792.543342269884
156414.0 3747.6917880515093
161151.0 3747.6917880515093
161211.0 3736.1758241758243
165761.0 3736.1758241758243
165812.0 3986.700976042591
170320.0 3986.700976042591
170417.0 3835.032999266683
174508.0 3835.032999266683
174616.0 3626.440050483803
179370.0 3626.440050483803
179414.0 3702.151065203357
182512.0 3702.151065203357
