16.0 2615.8417266187053
572.0 2615.8417266187053
615.0 2631.3742071881607
1088.0 2631.3742071881607
1219.0 2586.632258064516
2304.0 2586.632258064516
2415.0 2581.299578059072
3600.0 2581.299578059072
3712.0 2588.433962264151
4984.0 2588.433962264151
5020.0 2592.42071197411
7492.0 2592.42071197411
7614.0 2553.443778639408
10451.0 2553.443778639408
10515.0 2546.9516661663165
13846.0 2546.9516661663165
13913.0 2538.1934523809523
16601.0 2538.1934523809523
16713.0 2514.999656002752
19620.0 2514.999656002752
19714.0 2599.7759336099584
22606.0 2599.7759336099584
22714.0 2576.1404001404003
25563.0 2576.1404001404003
25614.0 2562.5196211096077
28570.0 2562.5196211096077
28803.0 2559.935782648966
32042.0 2559.935782648966
32114.0 2555.617418351477
34686.0 2555.617418351477
34816.0 2552.837884548911
37709.0 2552.837884548911
37813.0 2598.6532258064517
40789.0 2598.6532258064517
40916.0 2566.357116986599
43677.0 2566.357116986599
43714.0 2532.5846153846155
46834.0 2532.5846153846155
46917.0 2506.003195352215
53802.0 2506.003195352215
53913.0 2534.6666666666665
60351.0 2534.6666666666665
60414.0 2364.1211133740667
67779.0 2364.1211133740667
67812.0 2499.936418624279
74921.0 2499.936418624279
75013.0 2518.1090237141975
81507.0 2518.1090237141975
81615.0 2590.626758023801
84388.0 2590.626758023801
84515.0 2590.2358827734097
87313.0 2590.2358827734097
87412.0 2544.3994091580503
90797.0 2544.3994091580503
90917.0 2445.7967741935486
93397.0 2445.7967741935486
93514.0 2549.9292267365663
96566.0 2549.9292267365663
96619.0 2546.978140293638
99684.0 2546.978140293638
99715.0 2539.960741548528
102466.0 2539.960741548528
102516.0 2526.679020516214
105538.0 2526.679020516214
105807.0 2443.2353347135954
108705.0 2443.2353347135954
108817.0 2453.3862559241707
112193.0 2453.3862559241707
112316.0 2471.6796145739236
115637.0 2471.6796145739236
115718.0 2529.827805695142
118703.0 2529.827805695142
118814.0 2552.1645514223196
121099.0 2552.1645514223196
121215.0 2552.242012236574
124157.0 2552.242012236574
124216.0 2524.9461618617574
127095.0 2524.9461618617574
127214.0 2491.5046854083
130202.0 2491.5046854083
130316.0 2468.583752695902
133098.0 2468.583752695902
133218.0 2538.7228355607203
140102.0 2538.7228355607203
140215.0 2566.201662887377
146830.0 2566.201662887377
146914.0 2524.934717678851
153945.0 2524.934717678851
154018.0 2575.3067717012573
160619.0 2575.3067717012573
160715.0 2388.312026578073
168240.0 2388.312026578073
168315.0 2566.952491309386
170904.0 2566.952491309386
171014.0 2544.5170988350246
173675.0 2544.5170988350246
173716.0 2545.5897980871414
175598.0 2545.5897980871414
