10.0 5157.475177304965
292.0 5157.475177304965
410.0 5073.0047694753575
1039.0 5073.0047694753575
1109.0 5093.459165154265
1660.0 5093.459165154265
1709.0 5081.129568106312
2311.0 5081.129568106312
2412.0 5066.068614993646
3986.0 5066.068614993646
4111.0 5053.0253741054
7185.0 5053.0253741054
7309.0 5670.262812089356
10353.0 5670.262812089356
10405.0 5874.11862776531
13524.0 5874.11862776531
13606.0 5812.566984800283
16435.0 5812.566984800283
16510.0 5813.604020100503
19495.0 5813.604020100503
19608.0 5757.6741721854305
22628.0 5757.6741721854305
22709.0 5781.92368511516
25618.0 5781.92368511516
25708.0 5738.864935064935
28788.0 5738.864935064935
29099.0 5883.325145442793
32193.0 5883.325145442793
32307.0 5952.94693877551
35002.0 5952.94693877551
35109.0 5847.15246179966
38054.0 5847.15246179966
38106.0 5774.75157629256
41278.0 5774.75157629256
41305.0 3798.9614941203595
45642.0 3798.9614941203595
45714.0 4082.216911764706
50066.0 4082.216911764706
50120.0 2907.622514324233
56054.0 2907.622514324233
56110.0 4405.557235421166
59814.0 4405.557235421166
59911.0 4287.552819502585
63972.0 4287.552819502585
64203.0 5133.4627383015595
67665.0 5133.4627383015595
67707.0 1613.4780463739517
77842.0 1613.4780463739517
77909.0 4437.9299847793
81851.0 4437.9299847793
81910.0 3012.314076193883
87501.0 3012.314076193883
87622.0 2063.8276976093043
96908.0 2063.8276976093043
97022.0 2137.2713178294575
99860.0 2137.2713178294575
99907.0 5790.464285714285
101251.0 5790.464285714285
101306.0 5791.163204747774
102654.0 5791.163204747774
102706.0 2033.5948777648427
106142.0 2033.5948777648427
106225.0 1974.0496380558427
110093.0 1974.0496380558427
110225.0 4464.373266078184
111811.0 4464.373266078184
111906.0 5731.925259515571
113351.0 5731.925259515571
113407.0 5801.0233215547705
114822.0 5801.0233215547705
114905.0 5794.454054054054
117865.0 5794.454054054054
117909.0 5417.371428571429
120744.0 5417.371428571429
120808.0 5109.9750148721
124170.0 5109.9750148721
124208.0 5168.319709355132
127511.0 5168.319709355132
127607.0 3693.838209982788
132255.0 3693.838209982788
132313.0 3645.5431164901665
136940.0 3645.5431164901665
137045.0 1448.5344384583507
149110.0 1448.5344384583507
149215.0 4270.546918238993
153190.0 4270.546918238993
153501.0 5350.456901748041
156819.0 5350.456901748041
156908.0 2904.9213943950786
162760.0 2904.9213943950786
162818.0 2379.1432353719883
170372.0 2379.1432353719883
170417.0 2377.4996211547204
177016.0 2377.4996211547204
177122.0 2380.871537622683
181707.0 2380.871537622683
181819.0 2268.371212121212
183931.0 2268.371212121212
