24.0 1683.3425925925926
888.0 1683.3425925925926
1025.0 1698.0081855388812
1758.0 1698.0081855388812
1830.0 1692.6717095310137
2491.0 1692.6717095310137
2627.0 1701.0341997264022
3358.0 1701.0341997264022
3424.0 1687.1432258064517
4199.0 1687.1432258064517
4329.0 1407.525587524709
8882.0 1407.525587524709
8941.0 1235.9870329295343
14802.0 1235.9870329295343
14931.0 1279.2364294330519
21563.0 1279.2364294330519
21640.0 1231.9725532683278
27178.0 1231.9725532683278
27235.0 1223.0016728002677
33213.0 1223.0016728002677
33343.0 1215.4141610087295
39529.0 1215.4141610087295
39818.0 983.6094488188976
41088.0 983.6094488188976
41271.0 734.8388571428571
43021.0 734.8388571428571
43171.0 1426.9920634920634
44179.0 1426.9920634920634
44229.0 1503.888455103179
46022.0 1503.888455103179
46139.0 1218.6821963394343
48543.0 1218.6821963394343
48640.0 1213.4931743292013
55013.0 1213.4931743292013
55137.0 1214.1384509938314
60973.0 1214.1384509938314
61040.0 1214.5195204426684
67546.0 1214.5195204426684
67646.0 1186.132390096008
71604.0 1186.132390096008
71923.0 1211.6887608069164
72964.0 1211.6887608069164
73043.0 1212.7723342939482
74084.0 1212.7723342939482
74313.0 1205.860465116279
76979.0 1205.860465116279
77038.0 1228.9544235924932
79276.0 1228.9544235924932
79334.0 1228.8621425522833
81677.0 1228.8621425522833
81736.0 1187.4902267396403
84294.0 1187.4902267396403
84434.0 1205.5979843225084
91578.0 1205.5979843225084
91634.0 1216.521460088247
96620.0 1216.521460088247
96737.0 1198.2115473441108
103232.0 1198.2115473441108
103336.0 1226.8565142228508
109699.0 1226.8565142228508
109838.0 1213.517193469955
115596.0 1213.517193469955
115739.0 1258.6453546453547
116740.0 1258.6453546453547
116836.0 1256.6026200873362
117752.0 1256.6026200873362
117838.0 1225.9450631031923
120532.0 1225.9450631031923
120640.0 1224.6671102239964
125149.0 1224.6671102239964
125234.0 1178.8894269572236
127712.0 1178.8894269572236
127843.0 1207.4554455445545
131075.0 1207.4554455445545
131141.0 1236.813704496788
137212.0 1236.813704496788
137336.0 946.2796146836761
145018.0 946.2796146836761
145134.0 1244.2948353668728
151117.0 1244.2948353668728
151236.0 1191.05098855359
157002.0 1191.05098855359
157141.0 1209.015873015873
158212.0 1209.015873015873
158341.0 1279.3832599118944
159249.0 1279.3832599118944
159334.0 1281.1301115241636
160410.0 1281.1301115241636
160536.0 1254.1831041257367
163081.0 1254.1831041257367
163323.0 1224.327879071217
169740.0 1224.327879071217
169837.0 1209.2139737991267
175333.0 1209.2139737991267
175442.0 1202.4436156988102
181073.0 1202.4436156988102
181142.0 1230.9352517985612
185034.0 1230.9352517985612
