12.0 3335.798165137615
448.0 3335.798165137615
513.0 3373.008130081301
882.0 3373.008130081301
915.0 3370.0481927710844
1247.0 3370.0481927710844
1320.0 3296.1637931034484
2248.0 3296.1637931034484
2312.0 3299.086172344689
3310.0 3299.086172344689
3418.0 3291.4555726759118
5365.0 3291.4555726759118
5414.0 3389.854936827328
7551.0 3389.854936827328
7610.0 3447.3368549370175
10071.0 3447.3368549370175
10118.0 3366.1723643807572
15003.0 3366.1723643807572
15116.0 3538.663947797716
20020.0 3538.663947797716
20111.0 3697.251966829683
24814.0 3697.251966829683
24913.0 3337.8876761262154
29952.0 3337.8876761262154
30011.0 2922.5701058201057
36059.0 2922.5701058201057
36117.0 2922.300208701236
42346.0 2922.300208701236
42418.0 2927.8610244988863
44663.0 2927.8610244988863
44710.0 3417.5659416936605
46871.0 3417.5659416936605
46908.0 3429.530820399113
49163.0 3429.530820399113
49212.0 2949.533834586466
54798.0 2949.533834586466
54916.0 2949.660966295866
60939.0 2949.660966295866
61013.0 3114.2182890855456
63386.0 3114.2182890855456
63411.0 3113.4142295940637
65702.0 3113.4142295940637
65811.0 3120.3952633728054
68260.0 3120.3952633728054
68505.0 3112.623794212219
70993.0 3112.623794212219
71113.0 3119.2685102586975
73355.0 3119.2685102586975
73411.0 3597.299949924887
75408.0 3597.299949924887
75704.0 3713.7481808158764
80239.0 3713.7481808158764
80312.0 3625.558834657586
85598.0 3625.558834657586
85713.0 3595.3473108477665
90101.0 3595.3473108477665
90210.0 3418.8012012012014
95205.0 3418.8012012012014
95312.0 3639.503889005676
100069.0 3639.503889005676
100114.0 3487.836599958737
104961.0 3487.836599958737
105014.0 3433.13006993007
110019.0 3433.13006993007
110113.0 3549.016400080988
115052.0 3549.016400080988
115114.0 3550.8711180124224
120266.0 3550.8711180124224
120503.0 3642.915548539858
125571.0 3642.915548539858
125615.0 3634.5802076711166
130334.0 3634.5802076711166
130412.0 3571.685581395349
134712.0 3571.685581395349
134814.0 3263.007787274454
140079.0 3263.007787274454
140113.0 3084.7415973979037
145647.0 3084.7415973979037
145712.0 3681.8081107814046
147734.0 3681.8081107814046
147817.0 3663.3537964458806
149055.0 3663.3537964458806
149114.0 3605.9982409850486
151388.0 3605.9982409850486
151508.0 3610.0
153472.0 3610.0
153510.0 3612.320815948076
155667.0 3612.320815948076
155717.0 3669.034911525586
157808.0 3669.034911525586
157914.0 3548.5600722673894
160128.0 3548.5600722673894
160208.0 3479.497382198953
162118.0 3479.497382198953
162213.0 3439.0775982445643
167226.0 3439.0775982445643
167313.0 3103.9956698240867
171008.0 3103.9956698240867
