13.0 3313.002277904328
452.0 3313.002277904328
511.0 3319.04
886.0 3319.04
919.0 3274.7911318553092
1776.0 3274.7911318553092
1813.0 3365.060506050605
2722.0 3365.060506050605
2810.0 4372.494023904383
3563.0 4372.494023904383
3611.0 3921.9485924112605
5245.0 3921.9485924112605
5314.0 3286.8058076225047
7518.0 3286.8058076225047
7610.0 3380.951467060343
13029.0 3380.951467060343
13111.0 3937.6800766283527
17287.0 3937.6800766283527
17410.0 4341.658243682762
21407.0 4341.658243682762
21507.0 4444.830265848671
25419.0 4444.830265848671
25508.0 4802.860079954312
29010.0 4802.860079954312
29110.0 3694.7541806020067
33894.0 3694.7541806020067
34011.0 4204.899052899053
38340.0 4204.899052899053
38409.0 5078.56663501108
41568.0 5078.56663501108
41799.0 6363.586104951959
44505.0 6363.586104951959
44603.0 6687.664110989413
47342.0 6687.664110989413
47405.0 6969.583756345178
49769.0 6969.583756345178
49805.0 7543.867515923567
52160.0 7543.867515923567
52206.0 7789.5404063205415
54421.0 7789.5404063205415
54503.0 7837.744476464937
56585.0 7837.744476464937
56703.0 7790.493064876958
58938.0 7790.493064876958
59004.0 7829.096035242291
61274.0 7829.096035242291
61304.0 7820.468675274988
63395.0 7820.468675274988
63698.0 7676.314172882843
65977.0 7676.314172882843
66004.0 7686.831583751711
68195.0 7686.831583751711
68304.0 7755.849453662485
70775.0 7755.849453662485
70803.0 7825.587301587301
72819.0 7825.587301587301
72903.0 7840.6391184573
75081.0 7840.6391184573
75105.0 7583.495400788436
77388.0 7583.495400788436
77503.0 6224.427098674521
80219.0 6224.427098674521
80305.0 6048.15769095389
83146.0 6048.15769095389
83210.0 6109.652143604043
86079.0 6109.652143604043
86300.0 6800.7762081784385
88990.0 6800.7762081784385
89104.0 7084.534151957022
91710.0 7084.534151957022
91804.0 7221.719578947368
94179.0 7221.719578947368
94205.0 7303.018544935806
96308.0 7303.018544935806
96407.0 6412.7420679357965
99086.0 6412.7420679357965
99208.0 5983.512092534174
102061.0 5983.512092534174
102105.0 5816.043360433604
105057.0 5816.043360433604
105106.0 3852.0045672527976
109485.0 3852.0045672527976
109608.0 4442.442297915608
113542.0 4442.442297915608
113799.0 4991.303734195825
117200.0 4991.303734195825
117307.0 5679.083813179783
120433.0 5679.083813179783
120506.0 6952.80163599182
122951.0 6952.80163599182
123006.0 6152.703868538172
125927.0 6152.703868538172
126006.0 5575.380241648898
128820.0 5575.380241648898
128906.0 5579.3190938511325
131996.0 5579.3190938511325
132106.0 6042.8155953635405
134004.0 6042.8155953635405
