38.0 1218.0971524288107
1232.0 1218.0971524288107
1342.0 1232.3168316831684
2352.0 1232.3168316831684
2441.0 1228.1624588364434
3352.0 1228.1624588364434
3442.0 1231.1445544554456
4452.0 1231.1445544554456
4542.0 1205.1023041474655
5627.0 1205.1023041474655
5740.0 1161.2781609195401
6610.0 1161.2781609195401
6749.0 1119.6476043276662
13219.0 1119.6476043276662
13341.0 1148.8010832769125
20726.0 1148.8010832769125
20839.0 1329.9539961013645
25969.0 1329.9539961013645
26030.0 1839.7342727730247
30004.0 1839.7342727730247
30124.0 2238.997022036927
33482.0 2238.997022036927
33516.0 2430.2728476821194
36536.0 2430.2728476821194
36616.0 2493.353522053983
39654.0 2493.353522053983
39716.0 2441.587750294464
43112.0 2441.587750294464
43409.0 1679.7975977510862
47322.0 1679.7975977510862
47426.0 1589.6168747309514
52072.0 1589.6168747309514
52131.0 1588.985411958085
56998.0 1588.985411958085
57124.0 1768.774837743385
61130.0 1768.774837743385
61225.0 1801.564979480164
65611.0 1801.564979480164
65725.0 1659.937106918239
70177.0 1659.937106918239
70226.0 1966.050716648291
73854.0 1966.050716648291
73917.0 2347.004914004914
77173.0 2347.004914004914
77217.0 2539.9173499508033
80266.0 2539.9173499508033
80508.0 2276.4973958333335
83580.0 2276.4973958333335
83615.0 2276.9597464342314
86770.0 2276.9597464342314
86821.0 2033.8845822566752
89143.0 2033.8845822566752
89221.0 1965.4933820173437
93603.0 1965.4933820173437
93722.0 1967.4265325981187
96805.0 1967.4265325981187
96919.0 2267.5944055944055
100351.0 2267.5944055944055
100418.0 2456.4153555695407
103596.0 2456.4153555695407
103715.0 2441.4507337526206
106577.0 2441.4507337526206
106616.0 2311.0242130750607
109920.0 2311.0242130750607
110208.0 2305.5994789970696
113279.0 2305.5994789970696
113319.0 2421.822222222222
116739.0 2421.822222222222
116810.0 3113.9787556904403
119446.0 3113.9787556904403
119509.0 3120.469421487603
121929.0 3120.469421487603
122016.0 2758.6073793755913
124130.0 2758.6073793755913
124219.0 2238.061400894188
127574.0 2238.061400894188
127620.0 2240.160246533128
130865.0 2240.160246533128
130916.0 2171.708284714119
134344.0 2171.708284714119
134426.0 1854.604374831218
138129.0 1854.604374831218
138413.0 1852.2791958436865
142840.0 1852.2791958436865
142922.0 1547.367961588826
147504.0 1547.367961588826
147629.0 1502.463555726957
152815.0 1502.463555726957
152921.0 2200.1583022655577
156408.0 2200.1583022655577
156520.0 2211.8558558558557
160072.0 2211.8558558558557
160118.0 2217.4974974974975
163115.0 2217.4974974974975
163217.0 1330.2475442043221
168307.0 1330.2475442043221
168431.0 1443.4468213317264
171750.0 1443.4468213317264
