27.0 1621.4136008918617
924.0 1621.4136008918617
1036.0 1605.0905432595573
3024.0 1605.0905432595573
3127.0 1607.386025200458
4873.0 1607.386025200458
4932.0 1604.8873010717766
8011.0 1604.8873010717766
8129.0 1766.3145079472438
11086.0 1766.3145079472438
11223.0 2246.368051807879
13076.0 2246.368051807879
13124.0 2831.9468334636435
15682.0 2831.9468334636435
15711.0 2927.5003450655627
18609.0 2927.5003450655627
18718.0 2438.407433881344
21516.0 2438.407433881344
21612.0 3772.499484004128
23550.0 3772.499484004128
23609.0 5206.753462603878
25053.0 5206.753462603878
25107.0 5774.527143981118
26378.0 5774.527143981118
26409.0 3738.5160744500845
31137.0 3738.5160744500845
31211.0 5271.650159281784
34664.0 5271.650159281784
34705.0 4281.609821190285
38452.0 4281.609821190285
38509.0 5401.462986198243
41697.0 5401.462986198243
41807.0 8904.964511424405
43864.0 8904.964511424405
43905.0 7176.0
46201.0 7176.0
46308.0 6311.121847246892
49123.0 6311.121847246892
49207.0 5491.353278166773
52349.0 5491.353278166773
52600.0 5218.47905340582
55727.0 5218.47905340582
55805.0 5244.503614457832
59125.0 5244.503614457832
59208.0 5779.527804878049
62283.0 5779.527804878049
62406.0 5721.693491952415
65264.0 5721.693491952415
65310.0 5551.989844493812
68461.0 5551.989844493812
68506.0 5999.945849661561
71313.0 5999.945849661561
71408.0 6437.589519650655
74385.0 6437.589519650655
74507.0 3441.6195462478186
79091.0 3441.6195462478186
79213.0 3652.0342172797264
83889.0 3652.0342172797264
84199.0 8516.045253320217
86232.0 8516.045253320217
86303.0 6794.832797427653
88791.0 6794.832797427653
88906.0 5195.892349561536
92213.0 5195.892349561536
92310.0 5355.512373968836
95583.0 5355.512373968836
95707.0 6134.83836351442
98689.0 6134.83836351442
98804.0 5990.362102530824
101886.0 5990.362102530824
102008.0 4570.099653610445
105761.0 4570.099653610445
105810.0 3866.628398791541
109782.0 3866.628398791541
109911.0 6256.276766205389
112657.0 6256.276766205389
112900.0 6296.923644411656
115611.0 6296.923644411656
115707.0 6155.955539619936
118496.0 6155.955539619936
118607.0 5782.628728145355
121524.0 5782.628728145355
121607.0 4156.13983353151
125812.0 4156.13983353151
125920.0 1283.8771744062926
139142.0 1283.8771744062926
139218.0 2850.0266495424626
145447.0 2850.0266495424626
145524.0 3203.8447041085565
150830.0 3203.8447041085565
150907.0 5307.7519196692265
154293.0 5307.7519196692265
154411.0 3700.264150943396
158651.0 3700.264150943396
158900.0 5129.45432906873
162261.0 5129.45432906873
162309.0 4170.6414545454545
165059.0 4170.6414545454545
