7.0 4963.849829351536
300.0 4963.849829351536
410.0 4901.566820276497
1061.0 4901.566820276497
1110.0 4923.677192982456
1680.0 4923.677192982456
1712.0 4901.98717948718
2336.0 4901.98717948718
2409.0 4899.535714285715
3081.0 4899.535714285715
3112.0 4878.454773869346
6296.0 4878.454773869346
6409.0 4497.206878582595
10247.0 4497.206878582595
10311.0 4470.809175207418
14409.0 4470.809175207418
14511.0 3799.388170055453
18839.0 3799.388170055453
18910.0 4558.342001576044
22717.0 4558.342001576044
22811.0 4646.760021378942
26553.0 4646.760021378942
26611.0 4487.624332977588
30359.0 4487.624332977588
30412.0 4371.927776403661
34455.0 4371.927776403661
34702.0 4034.354609929078
39214.0 4034.354609929078
39309.0 3806.2139976275207
43524.0 3806.2139976275207
43612.0 4140.385669632123
47771.0 4140.385669632123
47810.0 4508.371154319469
51873.0 4508.371154319469
51912.0 4370.31724137931
55682.0 4370.31724137931
55711.0 4326.79201169021
59817.0 4326.79201169021
59911.0 4426.32939969215
63809.0 4426.32939969215
63908.0 4702.646685878963
67378.0 4702.646685878963
67409.0 4356.205153865399
71406.0 4356.205153865399
71702.0 4204.411639460611
75929.0 4204.411639460611
76009.0 4565.214963707426
79591.0 4565.214963707426
79710.0 4642.866242038216
83478.0 4642.866242038216
83508.0 4091.7998056365404
87624.0 4091.7998056365404
87711.0 4275.92681838465
92193.0 4275.92681838465
92310.0 4567.569195136074
95764.0 4567.569195136074
95810.0 4744.904695748819
99409.0 4744.904695748819
99507.0 4471.363636363636
103379.0 4471.363636363636
103409.0 4179.368108776267
107454.0 4179.368108776267
107704.0 4138.443159922928
111856.0 4138.443159922928
111911.0 4033.2701334560516
116257.0 4033.2701334560516
116313.0 4317.698371489261
120550.0 4317.698371489261
120612.0 4302.562572826847
124903.0 4302.562572826847
125012.0 4512.387266508814
128813.0 4512.387266508814
128910.0 3793.0965670535934
132959.0 3793.0965670535934
133009.0 3507.5002041649655
137907.0 3507.5002041649655
138014.0 3884.1774744027302
142409.0 3884.1774744027302
142512.0 4061.736456115448
146739.0 4061.736456115448
147002.0 4158.759368836292
151058.0 4158.759368836292
151111.0 4547.636742128546
154954.0 4547.636742128546
155010.0 4552.272459104318
158739.0 4552.272459104318
158810.0 4309.982034474387
162929.0 4309.982034474387
163011.0 3922.381172127365
167345.0 3922.381172127365
167410.0 4425.522777640975
171471.0 4425.522777640975
171510.0 4637.635234998522
174893.0 4637.635234998522
175010.0 4565.703389830508
178786.0 4565.703389830508
178910.0 4628.43583535109
181388.0 4628.43583535109
