24.0 1928.923076923077
778.0 1928.923076923077
822.0 1953.9089481946626
1459.0 1953.9089481946626
1525.0 1945.8365217391304
2100.0 1945.8365217391304
2225.0 1936.8473520249222
2867.0 1936.8473520249222
2922.0 1920.0234948604993
3603.0 1920.0234948604993
3728.0 1873.9058823529413
5088.0 1873.9058823529413
5227.0 2167.600239377618
8569.0 2167.600239377618
8613.0 2865.213103681189
11574.0 2865.213103681189
11615.0 3201.6255279211637
13746.0 3201.6255279211637
13812.0 2968.373528217621
16275.0 2968.373528217621
16317.0 1828.441634241245
20429.0 1828.441634241245
20519.0 2939.2967561073287
23016.0 2939.2967561073287
23109.0 3542.9410664172124
25247.0 3542.9410664172124
25316.0 3536.624829998057
30463.0 3536.624829998057
30516.0 2960.544749953866
35935.0 2960.544749953866
36019.0 2830.8176886404735
42102.0 2830.8176886404735
42218.0 3512.466347075743
47433.0 3512.466347075743
47513.0 4032.32892804699
51599.0 4032.32892804699
51710.0 3822.247848537005
56358.0 3822.247848537005
56415.0 3684.3544736280164
61098.0 3684.3544736280164
61209.0 3413.8460251046026
65989.0 3413.8460251046026
66303.0 3166.9246998908693
71801.0 3166.9246998908693
71913.0 2738.3741140215716
78403.0 2738.3741140215716
78527.0 2460.73187895848
81369.0 2460.73187895848
81415.0 2455.1633629528365
84341.0 2455.1633629528365
84422.0 2454.277006434135
87375.0 2454.277006434135
87423.0 2138.230387288977
91451.0 2138.230387288977
91526.0 2086.541451668387
94433.0 2086.541451668387
94522.0 2204.016992353441
98053.0 2204.016992353441
98117.0 2885.9475046210723
100822.0 2885.9475046210723
100916.0 2888.5622157916496
103335.0 2888.5622157916496
103605.0 2890.092354277063
106247.0 2890.092354277063
106318.0 2481.7721696459867
109171.0 2481.7721696459867
109225.0 1887.9945292910872
113612.0 1887.9945292910872
113724.0 1888.3018173452956
118071.0 1888.3018173452956
118126.0 1889.3009757317989
122123.0 1889.3009757317989
122223.0 1828.117868338558
125413.0 1828.117868338558
125525.0 1803.6742733605572
129688.0 1803.6742733605572
129823.0 1982.3616034905917
133490.0 1982.3616034905917
133617.0 3141.1881856540085
135987.0 3141.1881856540085
136305.0 1568.30326558575
140684.0 1568.30326558575
140739.0 1335.7289460824238
146878.0 1335.7289460824238
146931.0 1536.9694342076739
151544.0 1536.9694342076739
151627.0 2109.877064717032
155320.0 2109.877064717032
155422.0 2065.128398384926
159137.0 2065.128398384926
159223.0 1902.763865342698
163352.0 1902.763865342698
163426.0 1904.2521489971348
166916.0 1904.2521489971348
167022.0 1964.305192921381
170469.0 1964.305192921381
170522.0 2010.4070499370541
172905.0 2010.4070499370541
