56.0 707.7411192214112
2111.0 707.7411192214112
2262.0 713.2607449856733
4007.0 713.2607449856733
4177.0 709.9340101522843
5753.0 709.9340101522843
5871.0 822.9358041032428
7382.0 822.9358041032428
7445.0 967.112426035503
8797.0 967.112426035503
8937.0 1218.7117008443909
9766.0 1218.7117008443909
9843.0 1247.1865605658709
12105.0 1247.1865605658709
12250.0 1031.978591412237
20471.0 1031.978591412237
20548.0 1135.2186356073212
26558.0 1135.2186356073212
26644.0 936.0010241966457
34455.0 936.0010241966457
34554.0 878.9465530596436
35845.0 878.9465530596436
36120.0 1235.5924826904056
37131.0 1235.5924826904056
37239.0 1235.3198847262247
38280.0 1235.3198847262247
38338.0 1470.7033432077867
40701.0 1470.7033432077867
40835.0 1368.2447960033305
45639.0 1368.2447960033305
45917.0 1143.0676365887634
52378.0 1143.0676365887634
52443.0 1177.1068493150685
59013.0 1177.1068493150685
59133.0 1367.8980694980694
64313.0 1367.8980694980694
64435.0 1241.8142385667138
70798.0 1241.8142385667138
70932.0 1324.3799283154121
76512.0 1324.3799283154121
76815.0 1353.3991416309013
77747.0 1353.3991416309013
77833.0 1340.2292993630574
78775.0 1340.2292993630574
78856.0 881.9818930041152
82501.0 881.9818930041152
82651.0 883.8046272493573
85763.0 883.8046272493573
85839.0 1297.2729281767956
86744.0 1297.2729281767956
86841.0 1290.9477263068422
89194.0 1290.9477263068422
89339.0 1324.8411013690202
95840.0 1324.8411013690202
95942.0 1015.1591631799163
101917.0 1015.1591631799163
102036.0 1348.7667244367417
107806.0 1348.7667244367417
107944.0 1373.414496833216
113628.0 1373.414496833216
113730.0 1623.4739776951674
118034.0 1623.4739776951674
118128.0 1463.3238788807973
123346.0 1463.3238788807973
123437.0 1406.8142261076891
128470.0 1406.8142261076891
128536.0 1413.5697297297297
129461.0 1413.5697297297297
129528.0 1419.0148367952522
130539.0 1419.0148367952522
130632.0 1506.8457008244993
131481.0 1506.8457008244993
131529.0 1500.2990654205607
133241.0 1500.2990654205607
133329.0 1396.4470894550864
138706.0 1396.4470894550864
138846.0 1257.2327914216535
144628.0 1257.2327914216535
144734.0 1438.5731400966183
149909.0 1438.5731400966183
150031.0 1554.1072640868974
154450.0 1554.1072640868974
154526.0 1441.3851291966953
160215.0 1441.3851291966953
160343.0 1106.6083970657094
166750.0 1106.6083970657094
166848.0 1231.126404494382
169696.0 1231.126404494382
169834.0 1310.772595250299
175687.0 1310.772595250299
176022.0 940.7869716201652
184373.0 940.7869716201652
184451.0 1061.8301158301158
185487.0 1061.8301158301158
185539.0 1137.296518607443
186372.0 1137.296518607443
186446.0 1142.6972010178117
187232.0 1142.6972010178117
