56.0 819.3847887323943
1831.0 819.3847887323943
1966.0 825.9057730590578
3473.0 825.9057730590578
3562.0 822.0837619397502
4923.0 822.0837619397502
5057.0 824.5729442970822
6565.0 824.5729442970822
6653.0 855.1576193590582
8182.0 855.1576193590582
8241.0 957.6417061611374
9296.0 957.6417061611374
9453.0 842.8591065292096
10908.0 842.8591065292096
11062.0 1042.7239117471674
14416.0 1042.7239117471674
14547.0 1081.4176573149468
20856.0 1081.4176573149468
20941.0 1368.0958083832336
26285.0 1368.0958083832336
26311.0 1745.2534818941504
30619.0 1745.2534818941504
30738.0 1398.5182926829268
35986.0 1398.5182926829268
36039.0 1448.3380497131932
41269.0 1448.3380497131932
41331.0 1859.527248261942
45790.0 1859.527248261942
45928.0 1153.7735650342286
51625.0 1153.7735650342286
51740.0 814.2624035281146
60810.0 814.2624035281146
60925.0 2551.271111111111
61375.0 2551.271111111111
61418.0 2547.4164904862578
61891.0 2547.4164904862578
62038.0 1152.5017421602788
63186.0 1152.5017421602788
63238.0 1130.4206285253827
65720.0 1130.4206285253827
65839.0 1172.9044006069803
68475.0 1172.9044006069803
68532.0 1442.3588818755636
70750.0 1442.3588818755636
70833.0 892.2926604447517
79512.0 892.2926604447517
79639.0 1309.380265867815
84980.0 1309.380265867815
85033.0 1061.5942071819122
91800.0 1061.5942071819122
91949.0 985.9919935948759
93198.0 985.9919935948759
93348.0 979.278600269179
94834.0 979.278600269179
94949.0 990.2449888641426
95847.0 990.2449888641426
95962.0 634.2906930693069
101012.0 634.2906930693069
101143.0 1051.892317793828
104189.0 1051.892317793828
104333.0 1576.3168316831684
106151.0 1576.3168316831684
106226.0 852.4290657439446
109983.0 852.4290657439446
110069.0 1177.531348744387
116082.0 1177.531348744387
116130.0 1322.470381606259
122393.0 1322.470381606259
122573.0 968.0915202264418
131052.0 968.0915202264418
131146.0 1077.7691659646166
132333.0 1077.7691659646166
132624.0 949.1914264597192
135330.0 949.1914264597192
135465.0 766.0275423728814
139241.0 766.0275423728814
139336.0 1383.7314148681055
140170.0 1383.7314148681055
140231.0 1369.005694261936
142514.0 1369.005694261936
142645.0 1433.385587863464
145809.0 1433.385587863464
145927.0 1374.0013404825738
151895.0 1374.0013404825738
152031.0 977.936551724138
159281.0 977.936551724138
159331.0 1284.076466710613
165399.0 1284.076466710613
165535.0 1167.014298752662
172109.0 1167.014298752662
172278.0 727.252800148107
183081.0 727.252800148107
183128.0 1754.4752791068581
183755.0 1754.4752791068581
183826.0 1710.0505415162454
184380.0 1710.0505415162454
184431.0 1670.1729200652528
185657.0 1670.1729200652528
