14.0 2703.360594795539
552.0 2703.360594795539
647.0 4020.9564393939395
4871.0 4020.9564393939395
4910.0 3279.8436810589346
8083.0 3279.8436810589346
8208.0 4526.329735764793
10895.0 4526.329735764793
11018.0 3230.0507111935685
12635.0 3230.0507111935685
12708.0 4622.029259084474
14827.0 4622.029259084474
14909.0 4257.2725182062095
17518.0 4257.2725182062095
17608.0 4102.050062578222
20804.0 4102.050062578222
20904.0 6436.475471698113
21964.0 6436.475471698113
22002.0 5825.580876494024
23257.0 5825.580876494024
23308.0 4349.218609304652
27306.0 4349.218609304652
27599.0 4573.033170201196
31277.0 4573.033170201196
31408.0 4845.313596491228
35056.0 4845.313596491228
35110.0 5169.840386253905
38631.0 5169.840386253905
38709.0 5367.411174305788
41698.0 5367.411174305788
41810.0 5621.894874306236
44873.0 5621.894874306236
44908.0 5357.564200058497
48327.0 5357.564200058497
48408.0 5195.867549668874
51579.0 5195.867549668874
51706.0 5267.064334420397
55079.0 5267.064334420397
55207.0 5181.330930930931
58537.0 5181.330930930931
58799.0 5525.968167964782
61752.0 5525.968167964782
61805.0 5310.079902409271
65084.0 5310.079902409271
65207.0 3074.7487889273357
70987.0 3074.7487889273357
71116.0 3669.7935368043086
75572.0 3669.7935368043086
75605.0 4804.8118648722875
79246.0 4804.8118648722875
79309.0 5072.84578313253
82629.0 5072.84578313253
82710.0 5144.8869798657715
86435.0 5144.8869798657715
86508.0 5757.804379562044
89248.0 5757.804379562044
89308.0 2712.343074968234
95604.0 2712.343074968234
95904.0 3143.267973856209
101412.0 3143.267973856209
101511.0 4709.065181058496
105101.0 4709.065181058496
105207.0 4688.353615279672
108872.0 4688.353615279672
108911.0 4479.578839764887
112824.0 4479.578839764887
112906.0 4792.792245218759
116723.0 4792.792245218759
116809.0 5554.240673886883
120133.0 5554.240673886883
120208.0 6062.772711205373
123037.0 6062.772711205373
123107.0 5386.968782883199
125958.0 5386.968782883199
126007.0 5590.542141230068
129080.0 5590.542141230068
129398.0 4564.427807486631
133138.0 4564.427807486631
133208.0 4684.572987721692
136873.0 4684.572987721692
136912.0 4787.944365597502
140435.0 4787.944365597502
140508.0 5404.0098948670375
143742.0 5404.0098948670375
143807.0 4595.404439631835
147501.0 4595.404439631835
147612.0 4245.0540411286465
151794.0 4245.0540411286465
151910.0 4667.655134541461
155552.0 4667.655134541461
155610.0 5183.746178252091
159077.0 5183.746178252091
159207.0 4383.660240290584
162786.0 4383.660240290584
163098.0 3623.3913408995377
167856.0 3623.3913408995377
167907.0 4118.227648114901
170692.0 4118.227648114901
