56.0 844.6039488966318
1778.0 844.6039488966318
1956.0 851.3269493844049
3418.0 851.3269493844049
3547.0 845.0574018126888
4871.0 845.0574018126888
4957.0 849.9357484620642
6420.0 849.9357484620642
6549.0 840.8591639871382
8104.0 840.8591639871382
8248.0 849.7157275021026
9437.0 849.7157275021026
9552.0 844.0192704748796
11005.0 844.0192704748796
11149.0 843.4154032747119
12798.0 843.4154032747119
12950.0 1072.4086765168186
19312.0 1072.4086765168186
19444.0 1370.9176823551472
24777.0 1370.9176823551472
24929.0 1122.84229390681
31625.0 1122.84229390681
31735.0 1258.906346483705
37565.0 1258.906346483705
37625.0 1196.4631179908388
43956.0 1196.4631179908388
44041.0 1135.286503551697
45308.0 1135.286503551697
45436.0 1144.4412665985699
46415.0 1144.4412665985699
46543.0 1309.661153330353
48780.0 1309.661153330353
48935.0 1339.6462289744982
52621.0 1339.6462289744982
52727.0 1407.2913604766634
57762.0 1407.2913604766634
57828.0 1549.6497352422043
62927.0 1549.6497352422043
63022.0 1472.4128312412831
68041.0 1472.4128312412831
68129.0 1315.0501474926255
73553.0 1315.0501474926255
73633.0 1376.6615024319942
79184.0 1376.6615024319942
79328.0 1223.6068889240007
85657.0 1223.6068889240007
85738.0 1001.4779566130161
90025.0 1001.4779566130161
90143.0 1002.8645071403693
93014.0 1002.8645071403693
93144.0 763.486670799752
94757.0 763.486670799752
94892.0 537.3737075332349
97600.0 537.3737075332349
97781.0 573.7032258064517
99331.0 573.7032258064517
99464.0 635.2971043236811
104506.0 635.2971043236811
104675.0 650.4266230223677
106508.0 650.4266230223677
106677.0 647.1572456320657
108623.0 647.1572456320657
108774.0 635.9939424533064
110755.0 635.9939424533064
110869.0 662.283084004603
112607.0 662.283084004603
112764.0 689.0665553932819
117557.0 689.0665553932819
117661.0 689.7472055030095
122313.0 689.7472055030095
122470.0 654.0957990472066
134015.0 654.0957990472066
134178.0 671.4795918367347
135746.0 671.4795918367347
135873.0 629.4974619289341
137449.0 629.4974619289341
137585.0 616.9213208316347
142491.0 616.9213208316347
142685.0 624.312174817898
144607.0 624.312174817898
144782.0 601.7290699217195
152319.0 601.7290699217195
152481.0 597.8097876269621
154647.0 597.8097876269621
154789.0 592.3868656716418
159814.0 592.3868656716418
159977.0 597.5275249241439
162284.0 597.5275249241439
162630.0 773.7116386797916
164357.0 773.7116386797916
164461.0 809.4260429835651
166043.0 809.4260429835651
166162.0 796.6160103531151
171571.0 796.6160103531151
171661.0 879.8515406162466
174517.0 879.8515406162466
174643.0 940.478994895956
179737.0 940.478994895956
