16.0 2775.587786259542
540.0 2775.587786259542
613.0 2803.2432432432433
1057.0 2803.2432432432433
1114.0 2797.14
1514.0 2797.14
1623.0 2743.3542600896862
2738.0 2743.3542600896862
2816.0 2735.983237297014
4725.0 2735.983237297014
4820.0 3293.146968139774
6766.0 3293.146968139774
6814.0 2754.4182509505704
9444.0 2754.4182509505704
9519.0 1617.5206863679696
14764.0 1617.5206863679696
14832.0 1461.2687941743413
19501.0 1461.2687941743413
19645.0 1355.1629286376274
25040.0 1355.1629286376274
25121.0 1993.7820206841686
28892.0 1993.7820206841686
29020.0 1903.377593360996
32876.0 1903.377593360996
32942.0 1428.9394453876628
38243.0 1428.9394453876628
38507.0 2835.7154582763337
41431.0 2835.7154582763337
41513.0 2403.308226691042
44248.0 2403.308226691042
44320.0 2787.980369950925
46969.0 2787.980369950925
47015.0 2773.8852223816357
49803.0 2773.8852223816357
49912.0 2064.6013986013986
53344.0 2064.6013986013986
53426.0 1876.879809976247
57636.0 1876.879809976247
57724.0 1876.5972574911123
61662.0 1876.5972574911123
61725.0 1835.520329387545
65611.0 1835.520329387545
65720.0 1197.5941075066603
72101.0 1197.5941075066603
72433.0 910.8689720065867
80935.0 910.8689720065867
81096.0 965.272601794341
88341.0 965.272601794341
88439.0 1100.3111527647611
89506.0 1100.3111527647611
89642.0 1270.9623430962342
92032.0 1270.9623430962342
92135.0 1266.2631970260222
94825.0 1266.2631970260222
94938.0 1279.7972350230414
96674.0 1279.7972350230414
96723.0 1667.4482040603853
98644.0 1667.4482040603853
98723.0 1667.914627798022
100644.0 1667.914627798022
100723.0 1877.061291649527
103154.0 1877.061291649527
103411.0 1797.8865081233812
107658.0 1797.8865081233812
107713.0 2742.25251742835
110295.0 2742.25251742835
110415.0 2177.348054679285
114219.0 2177.348054679285
114337.0 2165.817414248021
118127.0 2165.817414248021
118207.0 7528.949152542373
119210.0 7528.949152542373
119310.0 7524.769032258065
120085.0 7524.769032258065
120107.0 2574.1288582559187
126781.0 2574.1288582559187
126820.0 1827.5302430146664
136161.0 1827.5302430146664
136230.0 1668.184998056743
146522.0 1668.184998056743
146814.0 1746.1479786422578
150747.0 1746.1479786422578
150823.0 1684.4782251437962
155691.0 1684.4782251437962
155823.0 1945.6750823271132
159467.0 1945.6750823271132
159518.0 1899.0436266146721
163621.0 1899.0436266146721
163728.0 1766.5097858623071
168071.0 1766.5097858623071
168123.0 2790.945648312611
170938.0 2790.945648312611
171016.0 3037.4040219378426
173204.0 3037.4040219378426
173314.0 3033.5842293906812
175546.0 3033.5842293906812
175616.0 1858.3397982932506
178194.0 1858.3397982932506
