17.0 2639.5789473684213
568.0 2639.5789473684213
619.0 2659.4871794871797
1087.0 2659.4871794871797
1114.0 2651.3175355450235
1536.0 2651.3175355450235
1615.0 2656.957264957265
2083.0 2656.957264957265
2120.0 2613.0857142857144
3380.0 2613.0857142857144
3415.0 2616.5420944558523
4389.0 2616.5420944558523
4513.0 2609.7465309898244
5594.0 2609.7465309898244
5723.0 2799.965676567657
8753.0 2799.965676567657
8813.0 2853.477206189879
11204.0 2853.477206189879
11319.0 2498.000287894055
18266.0 2498.000287894055
18314.0 3133.569291764282
23863.0 3133.569291764282
23921.0 1549.766516170644
34774.0 1549.766516170644
34818.0 1688.5439144003567
39304.0 1688.5439144003567
39449.0 1400.8501436053386
45368.0 1400.8501436053386
45426.0 1332.734793187348
50358.0 1332.734793187348
50607.0 2156.3094890510947
54032.0 2156.3094890510947
54118.0 2044.3682719546741
55530.0 2044.3682719546741
55621.0 1975.9375348577803
59207.0 1975.9375348577803
59321.0 1877.3257305773343
63530.0 1877.3257305773343
63627.0 1694.9633027522937
67987.0 1694.9633027522937
68027.0 1551.965187119234
72623.0 1551.965187119234
72746.0 1025.751409395973
80196.0 1025.751409395973
80366.0 769.6103286384977
82070.0 769.6103286384977
82163.0 782.125
83571.0 782.125
83680.0 773.9169413315755
85197.0 773.9169413315755
85368.0 772.5872020075283
86962.0 772.5872020075283
87071.0 794.7382174521698
91357.0 794.7382174521698
91456.0 1180.9922118380061
96592.0 1180.9922118380061
96730.0 1375.2224774695176
102389.0 1375.2224774695176
102555.0 953.7554062309102
110740.0 953.7554062309102
111022.0 979.2908242612752
112308.0 979.2908242612752
112456.0 1149.5474452554745
113552.0 1149.5474452554745
113646.0 1190.3288521199586
114613.0 1190.3288521199586
114739.0 1185.4505893019038
115842.0 1185.4505893019038
116120.0 1291.7487922705313
118604.0 1291.7487922705313
118918.0 1243.66534914361
124990.0 1243.66534914361
125131.0 1405.227951807229
129281.0 1405.227951807229
129332.0 1194.1310432569974
135620.0 1194.1310432569974
135748.0 1264.0097374369675
141499.0 1264.0097374369675
141644.0 1608.6032843560934
146272.0 1608.6032843560934
146321.0 1957.69669327252
149829.0 1957.69669327252
149916.0 2538.7120743034056
153146.0 2538.7120743034056
153215.0 2660.4277673545967
155880.0 2660.4277673545967
155911.0 3201.2226787181594
158345.0 3201.2226787181594
158605.0 2674.0857441617286
161474.0 2674.0857441617286
161513.0 3165.395648670427
163995.0 3165.395648670427
164111.0 3037.4040219378426
166299.0 3037.4040219378426
166416.0 2743.5008103727714
168884.0 2743.5008103727714
168913.0 2748.59437751004
170656.0 2748.59437751004
