17.0 2565.093474426808
584.0 2565.093474426808
616.0 2603.8493723849374
1094.0 2603.8493723849374
1221.0 2549.042688465032
2322.0 2549.042688465032
2416.0 2546.9109075770193
3617.0 2546.9109075770193
3720.0 2541.6019464720193
5775.0 2541.6019464720193
5820.0 2541.024583663759
8342.0 2541.024583663759
8416.0 2540.0140252454416
11268.0 2540.0140252454416
11313.0 2617.6784942918853
14554.0 2617.6784942918853
14613.0 2796.173770491803
17053.0 2796.173770491803
17116.0 3471.559354226021
19222.0 3471.559354226021
19313.0 3759.276
21313.0 3759.276
21414.0 4108.357596482658
25508.0 4108.357596482658
25611.0 3850.0771073840124
30202.0 3850.0771073840124
30311.0 3753.9715405238194
35160.0 3753.9715405238194
35212.0 3916.794921875
39308.0 3916.794921875
39409.0 3995.3280742459397
43719.0 3995.3280742459397
43813.0 4160.23438564615
48216.0 4160.23438564615
48308.0 3591.128160418483
52896.0 3591.128160418483
53012.0 3672.1389003720546
57850.0 3672.1389003720546
58101.0 3967.3101862497124
62450.0 3967.3101862497124
62510.0 3883.432651118515
66712.0 3883.432651118515
66811.0 3916.2735042735044
71257.0 3916.2735042735044
71310.0 3882.9032117107276
75887.0 3882.9032117107276
76010.0 3846.765466948953
80261.0 3846.765466948953
80311.0 4009.699747879899
84674.0 4009.699747879899
84710.0 4098.770503772207
88819.0 4098.770503772207
88910.0 4040.629137676576
93653.0 4040.629137676576
93709.0 4042.1173456315655
97612.0 4042.1173456315655
97902.0 4030.4253009204626
102139.0 4030.4253009204626
102212.0 4003.0335260115608
106537.0 4003.0335260115608
106610.0 3823.0538218000906
111032.0 3823.0538218000906
111112.0 4093.09575988566
115310.0 4093.09575988566
115412.0 4216.64469569401
119569.0 4216.64469569401
119609.0 3984.771945109998
124200.0 3984.771945109998
124312.0 4026.6730643402398
128897.0 4026.6730643402398
129012.0 4004.572495914079
133295.0 4004.572495914079
133411.0 4034.2127659574467
137218.0 4034.2127659574467
137503.0 4108.019129603061
141685.0 4108.019129603061
141812.0 4135.406976744186
145940.0 4135.406976744186
146010.0 4020.8337236533957
150280.0 4020.8337236533957
150311.0 3910.0435790449696
154625.0 3910.0435790449696
154713.0 3846.075704225352
159257.0 3846.075704225352
159310.0 3997.980216674517
163556.0 3997.980216674517
163611.0 3967.996423781851
168085.0 3967.996423781851
168210.0 3946.970048757836
172517.0 3946.970048757836
172611.0 3939.5107409031125
177173.0 3939.5107409031125
177402.0 3985.0444500889002
181339.0 3985.0444500889002
181412.0 3922.920046349942
183138.0 3922.920046349942
183213.0 3944.080604534005
184007.0 3944.080604534005
