9.0 5888.291497975709
256.0 5888.291497975709
309.0 5812.24043715847
858.0 5812.24043715847
909.0 5822.60580912863
1391.0 5822.60580912863
1508.0 5793.257575757576
2036.0 5793.257575757576
2107.0 5827.412389380531
2672.0 5827.412389380531
2710.0 5789.414834140887
5393.0 5789.414834140887
5509.0 5817.418267610381
8476.0 5817.418267610381
8609.0 4961.109125372326
12302.0 4961.109125372326
12407.0 4503.903588058066
16058.0 4503.903588058066
16108.0 4479.506453278265
19982.0 4479.506453278265
20110.0 3537.0577705451587
25026.0 3537.0577705451587
25111.0 2701.512367491166
31337.0 2701.512367491166
31420.0 3130.6595820049592
37066.0 3130.6595820049592
37305.0 2679.6714264684233
44098.0 2679.6714264684233
44223.0 2612.4992050874403
46739.0 2612.4992050874403
46842.0 2409.3278688524592
48794.0 2409.3278688524592
48919.0 2102.662316476346
52597.0 2102.662316476346
52722.0 1817.7814263724988
56620.0 1817.7814263724988
56723.0 2238.4317280453256
60253.0 2238.4317280453256
60320.0 2049.373266777593
63926.0 2049.373266777593
64019.0 1914.3403113258187
67745.0 1914.3403113258187
67822.0 1854.8174757281554
71942.0 1854.8174757281554
72206.0 1946.7591754650578
76184.0 1946.7591754650578
76318.0 2022.3828802776172
79776.0 2022.3828802776172
79821.0 1941.5697297297297
83521.0 1941.5697297297297
83619.0 1875.6418219461698
87483.0 1875.6418219461698
87626.0 1750.9233584061801
92545.0 1750.9233584061801
92620.0 1842.5200486026731
95912.0 1842.5200486026731
96021.0 2002.1569333676357
99908.0 2002.1569333676357
100019.0 2288.6215186162417
103430.0 2288.6215186162417
103514.0 2899.349377593361
105924.0 2899.349377593361
106203.0 2693.341798941799
109038.0 2693.341798941799
109117.0 2710.7565084226644
111729.0 2710.7565084226644
111816.0 2818.1803334467504
114755.0 2818.1803334467504
114814.0 3088.2046651617757
117472.0 3088.2046651617757
117513.0 3332.540158870256
119779.0 3332.540158870256
119912.0 3489.943746259725
121583.0 3489.943746259725
121611.0 3675.5960633290542
126285.0 3675.5960633290542
126413.0 3149.0426120641946
131834.0 3149.0426120641946
131917.0 3193.0370094848427
137294.0 3193.0370094848427
137415.0 3067.4537188579743
142914.0 3067.4537188579743
143019.0 3210.243938280676
148463.0 3210.243938280676
148512.0 3680.7077189939287
153124.0 3680.7077189939287
153216.0 3733.504942166141
157971.0 3733.504942166141
158008.0 3873.2285258601046
162397.0 3873.2285258601046
162701.0 4911.737633233124
166360.0 4911.737633233124
166410.0 4947.688426363923
169581.0 4947.688426363923
169710.0 7189.364470391994
172108.0 7189.364470391994
172208.0 6436.1750841750845
173990.0 6436.1750841750845
