15.0 3068.3713080168777
489.0 3068.3713080168777
623.0 3030.3133903133903
1676.0 3030.3133903133903
1715.0 3027.5037756202805
2642.0 3027.5037756202805
2716.0 3028.5544554455446
3726.0 3028.5544554455446
3813.0 3034.5511520737327
4898.0 3034.5511520737327
5013.0 3041.183770883055
5851.0 3041.183770883055
5918.0 3022.1610346266166
8315.0 3022.1610346266166
8416.0 3013.817406749556
11231.0 3013.817406749556
11316.0 3900.8942252715838
13065.0 3900.8942252715838
13113.0 3569.2324146441792
17975.0 3569.2324146441792
18012.0 3655.281900357368
22769.0 3655.281900357368
22813.0 3968.762623879188
27051.0 3968.762623879188
27110.0 3901.921412803532
31640.0 3901.921412803532
31711.0 3740.0879391822477
36578.0 3740.0879391822477
36711.0 3707.6940143286342
41038.0 3707.6940143286342
41113.0 3514.9753010818536
46012.0 3514.9753010818536
46116.0 3374.6337509211494
51544.0 3374.6337509211494
51802.0 3226.810810810811
56908.0 3226.810810810811
57018.0 3122.2861159929703
62708.0 3122.2861159929703
62817.0 3039.251717456403
68494.0 3039.251717456403
68621.0 3008.3644032053985
70992.0 3008.3644032053985
71114.0 3009.7865301299726
73653.0 3009.7865301299726
73714.0 3248.4093959731545
76098.0 3248.4093959731545
76214.0 3252.7441860465115
78364.0 3252.7441860465115
78415.0 3249.1216644052465
80626.0 3249.1216644052465
80713.0 3255.831087151842
82939.0 3255.831087151842
83014.0 3321.5549556498263
85607.0 3321.5549556498263
85714.0 3325.4254385964914
87538.0 3325.4254385964914
87616.0 3551.031815346226
92425.0 3551.031815346226
92514.0 3947.359781121751
96900.0 3947.359781121751
97013.0 4052.143815915628
101185.0 4052.143815915628
101312.0 4038.2646298472387
105567.0 4038.2646298472387
105613.0 3947.881081081081
110053.0 3947.881081081081
110111.0 3818.427885618869
114902.0 3818.427885618869
115016.0 3661.7009123363746
120058.0 3661.7009123363746
120116.0 3407.1481922924117
125150.0 3407.1481922924117
125404.0 3976.7602278612117
129266.0 3976.7602278612117
129312.0 4248.203758654798
133356.0 4248.203758654798
133415.0 3540.9583074051025
138236.0 3540.9583074051025
138313.0 3571.6579987518203
143120.0 3571.6579987518203
143213.0 3718.679012345679
147749.0 3718.679012345679
147814.0 3193.8172514619882
153286.0 3193.8172514619882
153419.0 3056.4321209938785
158973.0 3056.4321209938785
159017.0 2928.0580570674583
165080.0 2928.0580570674583
165218.0 2878.781238273921
167883.0 2878.781238273921
168019.0 2251.149570200573
171509.0 2251.149570200573
171619.0 2252.0637072178924
174570.0 2252.0637072178924
174616.0 2249.4883720930234
177626.0 2249.4883720930234
177722.0 2292.248803827751
179812.0 2292.248803827751
