24.0 1693.140861466822
883.0 1693.140861466822
925.0 1707.3251028806585
1654.0 1707.3251028806585
1725.0 1713.4088820826953
2378.0 1713.4088820826953
2431.0 1712.749311294766
3157.0 1712.749311294766
3234.0 2903.4285714285716
4368.0 2903.4285714285716
4413.0 3590.1759103641457
6198.0 3590.1759103641457
6310.0 4090.412196499153
8081.0 4090.412196499153
8116.0 2498.938438880707
11511.0 2498.938438880707
11612.0 4124.9480048367595
13266.0 4124.9480048367595
13308.0 4719.501767745444
16985.0 4719.501767745444
17113.0 3287.611268670826
22402.0 3287.611268670826
22515.0 3964.0857883572944
26758.0 3964.0857883572944
26811.0 4443.364504776269
30789.0 4443.364504776269
30909.0 4139.869911303162
35306.0 4139.869911303162
35410.0 3946.6646986469864
39475.0 3946.6646986469864
39507.0 4324.425916624812
43489.0 4324.425916624812
43608.0 2043.908948895336
52570.0 2043.908948895336
52822.0 1270.4214665741383
65791.0 1270.4214665741383
65912.0 3800.7041847041846
67991.0 3800.7041847041846
68111.0 3795.603492552645
70058.0 3795.603492552645
70112.0 3929.9349862258955
71927.0 3929.9349862258955
72009.0 4281.147338935574
73794.0 4281.147338935574
73910.0 4469.830985915493
77886.0 4469.830985915493
78008.0 4596.008993816751
81566.0 4596.008993816751
81609.0 4781.175184476633
85268.0 4781.175184476633
85305.0 6146.659854014599
88045.0 6146.659854014599
88298.0 6603.964162646451
91200.0 6603.964162646451
91304.0 4490.857956162824
94817.0 4490.857956162824
94911.0 3766.4119982355537
99445.0 3766.4119982355537
99511.0 3886.222222222222
103966.0 3886.222222222222
104008.0 5099.7116138763195
107323.0 5099.7116138763195
107408.0 4622.764595103578
111125.0 4622.764595103578
111211.0 4253.480223246785
115332.0 4253.480223246785
115411.0 3914.0111253744117
120085.0 3914.0111253744117
120213.0 4483.3161728994655
124331.0 4483.3161728994655
124599.0 5386.804020100502
127783.0 5386.804020100502
127907.0 5150.317907444668
130889.0 5150.317907444668
131007.0 5113.016666666666
134367.0 5113.016666666666
134407.0 4808.7211267605635
137957.0 4808.7211267605635
138010.0 4368.692111959287
141940.0 4368.692111959287
142009.0 3443.8399346672113
146907.0 3443.8399346672113
147013.0 3473.085850556439
152045.0 3473.085850556439
152113.0 4590.433747971877
155811.0 4590.433747971877
155906.0 5589.67758186398
159082.0 5589.67758186398
159400.0 5092.750149790294
162738.0 5092.750149790294
162809.0 4628.392480041205
166692.0 4628.392480041205
166810.0 4439.479343520091
170344.0 4439.479343520091
170410.0 4202.851292052657
174512.0 4202.851292052657
174612.0 3683.1290944123316
177726.0 3683.1290944123316
