13.0 2974.2494887525563
502.0 2974.2494887525563
622.0 2984.748201438849
1039.0 2984.748201438849
1116.0 2983.616
1491.0 2983.616
1618.0 2974.775119617225
2036.0 2974.775119617225
2117.0 2971.672727272727
2557.0 2971.672727272727
2623.0 3094.3814582327377
4694.0 3094.3814582327377
4813.0 2280.1762669184764
7990.0 2280.1762669184764
8137.0 1662.205329153605
13241.0 1662.205329153605
13320.0 3308.7604267701263
15382.0 3308.7604267701263
15414.0 1157.5528815706143
21730.0 1157.5528815706143
21844.0 1984.8342133051742
25632.0 1984.8342133051742
25723.0 1616.9693765146508
30262.0 1616.9693765146508
30330.0 1528.411622276029
35286.0 1528.411622276029
35612.0 1601.62874251497
40789.0 1601.62874251497
40927.0 1692.775688900335
44810.0 1692.775688900335
44934.0 1239.3623091122672
50893.0 1239.3623091122672
51035.0 1299.7633613445378
56985.0 1299.7633613445378
57035.0 1361.8512396694214
62238.0 1361.8512396694214
62335.0 1468.164994425864
67717.0 1468.164994425864
67837.0 1747.013698630137
69443.0 1747.013698630137
69520.0 2020.7686274509804
71050.0 2020.7686274509804
71126.0 2018.392429022082
72711.0 2018.392429022082
72823.0 1874.532944606414
74538.0 1874.532944606414
74628.0 1719.9704869650761
78694.0 1719.9704869650761
78823.0 1722.3227043874372
82994.0 1722.3227043874372
83124.0 1765.9551656920078
87228.0 1765.9551656920078
87323.0 1849.8264604810997
91979.0 1849.8264604810997
92028.0 1867.4802955665025
95276.0 1867.4802955665025
95324.0 1913.0737463126843
99392.0 1913.0737463126843
99521.0 2096.8272898200375
103244.0 2096.8272898200375
103321.0 1386.395238095238
108361.0 1386.395238095238
108626.0 1148.7323604633668
115273.0 1148.7323604633668
115329.0 1381.8298204527712
120453.0 1381.8298204527712
120558.0 878.7006153193295
129984.0 878.7006153193295
130060.0 897.7622027534418
131658.0 897.7622027534418
131731.0 1585.268897149938
132538.0 1585.268897149938
132632.0 1580.900900900901
133298.0 1580.900900900901
133430.0 1547.629748528625
135299.0 1547.629748528625
135431.0 1549.726574500768
137384.0 1549.726574500768
137431.0 1500.6280991735537
142392.0 1500.6280991735537
142718.0 1351.6236961228105
147799.0 1351.6236961228105
147938.0 1379.549125168237
153882.0 1379.549125168237
154033.0 1936.6402622234361
157694.0 1936.6402622234361
157831.0 2148.2701957540667
161458.0 2148.2701957540667
161524.0 2281.960737656157
164886.0 2281.960737656157
164920.0 2281.21718931475
168364.0 2281.21718931475
168420.0 2595.0175712612263
170981.0 2595.0175712612263
171015.0 2636.6666666666665
173583.0 2636.6666666666665
173622.0 2639.559228650138
175437.0 2639.559228650138
