16.0 2754.560606060606
544.0 2754.560606060606
618.0 2778.214285714286
1066.0 2778.214285714286
1114.0 2769.4455445544554
1518.0 2769.4455445544554
1622.0 2718.968888888889
2747.0 2718.968888888889
2813.0 2758.5147679324896
3287.0 2758.5147679324896
3318.0 2725.6812834224597
4253.0 2725.6812834224597
4318.0 2707.070254110613
6994.0 2707.070254110613
7111.0 2779.7824377457405
10163.0 2779.7824377457405
10215.0 2798.4601769911505
16091.0 2798.4601769911505
16215.0 3552.427430910952
21100.0 3552.427430910952
21214.0 3576.342245989305
26076.0 3576.342245989305
26111.0 4744.602538787024
29656.0 4744.602538787024
29707.0 5160.789489051095
33132.0 5160.789489051095
33207.0 5118.95613048369
36763.0 5118.95613048369
36809.0 4956.191535372258
40046.0 4956.191535372258
40109.0 4956.782959124928
43583.0 4956.782959124928
43902.0 4754.090838307812
47755.0 4754.090838307812
47810.0 4595.842677824267
51395.0 4595.842677824267
51509.0 4595.397827211588
55375.0 4595.397827211588
55410.0 4412.744757033248
59320.0 4412.744757033248
59408.0 4367.8222698072805
63144.0 4367.8222698072805
63211.0 4369.322961104141
67196.0 4369.322961104141
67309.0 3257.3401759530793
72765.0 3257.3401759530793
72815.0 3194.4911115452237
77934.0 3194.4911115452237
78016.0 3201.7423133235725
83480.0 3201.7423133235725
83704.0 3218.3925090770113
88937.0 3218.3925090770113
89014.0 3646.9465271170316
94269.0 3646.9465271170316
94309.0 5186.188034188034
97351.0 5186.188034188034
97407.0 5074.862407132244
100772.0 5074.862407132244
100808.0 4970.749354005168
104291.0 4970.749354005168
104407.0 4543.279763504434
108128.0 4543.279763504434
108209.0 4773.004444444445
111809.0 4773.004444444445
111908.0 4778.787350054526
115576.0 4778.787350054526
115610.0 4855.118895966029
119378.0 4855.118895966029
119604.0 5016.928260869565
123284.0 5016.928260869565
123408.0 5015.083040935672
126828.0 5015.083040935672
126909.0 2202.530904918973
133882.0 2202.530904918973
133930.0 1602.2883790337623
144652.0 1602.2883790337623
144712.0 4669.626204238921
145750.0 4669.626204238921
145808.0 4664.546365914787
147404.0 4664.546365914787
147507.0 4656.0
148982.0 4656.0
149008.0 4387.394328517924
150877.0 4387.394328517924
150909.0 4240.675493379965
154912.0 4240.675493379965
155201.0 4736.610458911419
158949.0 4736.610458911419
159009.0 5042.895283298724
162380.0 5042.895283298724
162408.0 5051.165823496346
165966.0 5051.165823496346
166008.0 4907.4507350641225
169205.0 4907.4507350641225
169310.0 4609.651336898396
173050.0 4609.651336898396
173110.0 4615.397987927566
175595.0 4615.397987927566
