53.0 780.6806226516371
1916.0 780.6806226516371
2055.0 792.7643312101911
3625.0 792.7643312101911
3764.0 782.4167832167832
5194.0 782.4167832167832
5363.0 826.7659574468086
6867.0 826.7659574468086
6952.0 846.3016181229774
8497.0 846.3016181229774
8655.0 846.1574539363484
9849.0 846.1574539363484
9950.0 968.6887835703002
11216.0 968.6887835703002
11342.0 961.8201936376211
12788.0 961.8201936376211
12969.0 1555.2003647139275
17356.0 1555.2003647139275
17431.0 1623.607372862536
21934.0 1623.607372862536
22020.0 2332.057071960298
25244.0 2332.057071960298
25321.0 2407.94750656168
28369.0 2407.94750656168
28416.0 2430.1597690086624
31533.0 2430.1597690086624
31620.0 2876.043010752688
34503.0 2876.043010752688
34611.0 3374.2546201232035
36559.0 3374.2546201232035
36615.0 2655.337548188126
43100.0 2655.337548188126
43216.0 1997.547655398037
52386.0 1997.547655398037
52529.0 2052.9320388349515
54795.0 2052.9320388349515
54918.0 2491.0668348045397
58090.0 2491.0668348045397
58216.0 2343.812242308912
61369.0 2343.812242308912
61420.0 1907.6844075956137
65159.0 1907.6844075956137
65222.0 2815.714075165807
67936.0 2815.714075165807
68012.0 2540.750656167979
71060.0 2540.750656167979
71121.0 3383.3575229801645
73188.0 3383.3575229801645
73306.0 4281.172824791418
74984.0 4281.172824791418
75111.0 3657.2959826275787
79716.0 3657.2959826275787
79813.0 5241.986870897155
83469.0 5241.986870897155
83506.0 4965.811772112055
86683.0 4965.811772112055
86814.0 4201.996062992126
90878.0 4201.996062992126
91011.0 3649.477234401349
95755.0 3649.477234401349
95809.0 4471.183284845279
99590.0 4471.183284845279
99710.0 3982.112630359212
104025.0 3982.112630359212
104111.0 3420.88056206089
109235.0 3420.88056206089
109503.0 2563.9927119831814
116638.0 2563.9927119831814
116718.0 3316.381534039878
122285.0 3316.381534039878
122410.0 3302.191759722757
127604.0 3302.191759722757
127713.0 2985.0822157434404
132858.0 2985.0822157434404
132913.0 2458.462507155123
139901.0 2458.462507155123
140045.0 1564.7076076993583
150955.0 1564.7076076993583
151019.0 2808.1221922731356
152132.0 2808.1221922731356
152219.0 2019.0854638422206
153588.0 2019.0854638422206
153721.0 2186.240227434257
155128.0 2186.240227434257
155211.0 3581.6400298730396
156550.0 3581.6400298730396
156617.0 3967.2993890020366
158581.0 3967.2993890020366
158610.0 4718.29766297663
160236.0 4718.29766297663
160310.0 4718.625825825826
161975.0 4718.625825825826
162010.0 5456.354679802956
163228.0 5456.354679802956
163308.0 6253.2085600290175
166065.0 6253.2085600290175
166107.0 4485.4376222135315
168664.0 4485.4376222135315
