9.0 4516.795031055901
331.0 4516.795031055901
415.0 4469.075630252101
1129.0 4469.075630252101
1210.0 4447.6957210776545
1841.0 4447.6957210776545
1910.0 4465.459854014599
2595.0 4465.459854014599
2711.0 4455.328822733423
3450.0 4455.328822733423
3511.0 4437.994459833795
4955.0 4437.994459833795
5010.0 4499.453416149068
6620.0 4499.453416149068
6710.0 4524.9138058779945
10759.0 4524.9138058779945
10810.0 4507.607456140351
14458.0 4507.607456140351
14509.0 4246.050403719109
18596.0 4246.050403719109
18708.0 4550.687254645381
22529.0 4550.687254645381
22611.0 4805.604571428571
26111.0 4805.604571428571
26211.0 4805.79227841218
29889.0 4805.79227841218
30012.0 4809.2491413474245
33797.0 4809.2491413474245
33913.0 4813.438943894389
37246.0 4813.438943894389
37501.0 4747.687896333057
41128.0 4747.687896333057
41210.0 4746.69914485618
45069.0 4746.69914485618
45110.0 4540.120143290163
48739.0 4540.120143290163
48809.0 4366.136151388548
52878.0 4366.136151388548
52911.0 4374.703853955375
56855.0 4374.703853955375
56909.0 4832.153982824992
60286.0 4832.153982824992
60409.0 4827.211533130025
64016.0 4827.211533130025
64109.0 4838.564661040022
67782.0 4838.564661040022
67909.0 4838.047337278106
71289.0 4838.047337278106
71601.0 4615.915567282322
75391.0 4615.915567282322
75511.0 3540.434727769603
80268.0 3540.434727769603
80313.0 3540.495843340107
85726.0 3540.495843340107
85814.0 3534.928075285682
90277.0 3534.928075285682
90412.0 3529.746176105829
95250.0 3529.746176105829
95313.0 3686.7802385008517
100009.0 3686.7802385008517
100112.0 3948.9708012146693
104393.0 3948.9708012146693
104513.0 3945.537543053961
108868.0 3945.537543053961
108912.0 3872.010603048376
113439.0 3872.010603048376
113704.0 3853.0092670598146
118452.0 3853.0092670598146
118513.0 4047.8614338960756
123074.0 4047.8614338960756
123112.0 4117.038886221795
127278.0 4117.038886221795
127310.0 4308.063955119214
130875.0 4308.063955119214
130908.0 4726.199724896836
134543.0 4726.199724896836
134609.0 4728.797783933518
138219.0 4728.797783933518
138310.0 4737.571743929359
141934.0 4737.571743929359
142008.0 4743.511811023622
145564.0 4743.511811023622
145611.0 4646.787556500931
149372.0 4646.787556500931
149602.0 4525.5729138896295
153353.0 4525.5729138896295
153409.0 4523.010445859873
157334.0 4523.010445859873
157408.0 4512.768781523759
161175.0 4512.768781523759
161211.0 4512.188802410244
165194.0 4512.188802410244
165311.0 4604.966245964191
168718.0 4604.966245964191
168812.0 4837.288439955107
172376.0 4837.288439955107
172512.0 4841.394681300127
174881.0 4841.394681300127
