60.0 931.1190781049936
1622.0 931.1190781049936
1752.0 931.6167664670659
3088.0 931.6167664670659
3244.0 934.7167919799499
4441.0 934.7167919799499
4545.0 936.3373493975904
5873.0 936.3373493975904
5951.0 925.3616418966737
7364.0 925.3616418966737
7455.0 935.4740740740741
8535.0 935.4740740740741
8665.0 1779.8965299684542
10250.0 1779.8965299684542
10327.0 1848.746132054914
14916.0 1848.746132054914
15035.0 1493.5779334500876
19603.0 1493.5779334500876
19724.0 1940.829307140961
23491.0 1940.829307140961
23621.0 2133.527809307605
27145.0 2133.527809307605
27218.0 2166.2998819362456
30606.0 2166.2998819362456
30724.0 1767.3373775081661
35010.0 1767.3373775081661
35121.0 2486.992201559688
38455.0 2486.992201559688
38518.0 2441.696879643388
41210.0 2441.696879643388
41502.0 2422.2236798950476
44551.0 2422.2236798950476
44632.0 1474.4693994280267
49877.0 1474.4693994280267
49930.0 2173.531288343558
53190.0 2173.531288343558
53314.0 1564.3761631360126
58365.0 1564.3761631360126
58438.0 2306.5043695380773
61642.0 2306.5043695380773
61718.0 2315.8545454545456
64798.0 2315.8545454545456
64919.0 1761.6062701705855
69257.0 1761.6062701705855
69342.0 1291.5623749166111
75338.0 1291.5623749166111
75430.0 657.7071381548011
86063.0 657.7071381548011
86314.0 1184.4695795548228
92379.0 1184.4695795548228
92446.0 1058.9028374892519
93609.0 1058.9028374892519
93746.0 1046.1595974119339
95137.0 1046.1595974119339
95240.0 1073.961352657005
96068.0 1073.961352657005
96120.0 2311.088023088023
97506.0 2311.088023088023
97620.0 1961.429145728643
101600.0 1961.429145728643
101725.0 1248.2015005359058
107323.0 1248.2015005359058
107439.0 964.8248673237301
115353.0 964.8248673237301
115450.0 1259.202560910546
121073.0 1259.202560910546
121117.0 2635.830806065443
122370.0 2635.830806065443
122419.0 1970.3427748439751
126585.0 1970.3427748439751
126725.0 1648.0872981230902
131307.0 1648.0872981230902
131435.0 1860.1901116427432
134570.0 1860.1901116427432
134618.0 2764.615611192931
137334.0 2764.615611192931
137419.0 1922.083553675304
141201.0 1922.083553675304
141337.0 1360.9901279707497
146807.0 1360.9901279707497
146931.0 1594.8908499767765
151237.0 1594.8908499767765
151323.0 1573.6019957781616
156534.0 1573.6019957781616
156806.0 2188.283950617284
160046.0 2188.283950617284
160121.0 1886.1718712176228
164252.0 1886.1718712176228
164314.0 1289.1870273903546
170265.0 1289.1870273903546
170316.0 2908.741947426879
173017.0 2908.741947426879
173116.0 3265.769041769042
175151.0 3265.769041769042
175212.0 1683.4808552958727
179234.0 1683.4808552958727
179346.0 1212.5537838521893
183297.0 1212.5537838521893
