24.0 1739.7224880382776
860.0 1739.7224880382776
922.0 1755.4866008462623
1631.0 1755.4866008462623
1728.0 1764.757097791798
2362.0 1764.757097791798
2436.0 1730.1131221719456
4204.0 1730.1131221719456
4321.0 1743.3813333333333
5071.0 1743.3813333333333
5133.0 1673.349967170059
6656.0 1673.349967170059
6726.0 859.2242913058949
15157.0 859.2242913058949
15288.0 1585.1823617339312
20640.0 1585.1823617339312
20751.0 1112.6327462491845
26883.0 1112.6327462491845
27028.0 1512.1207859358842
31863.0 1512.1207859358842
31934.0 1431.5597867479055
37186.0 1431.5597867479055
37338.0 1947.8301486199575
41106.0 1947.8301486199575
41231.0 1346.5633507853404
42186.0 1346.5633507853404
42331.0 1542.508655126498
44584.0 1542.508655126498
44724.0 2006.4731080437887
46825.0 2006.4731080437887
46928.0 1804.8289345063538
51020.0 1804.8289345063538
51135.0 1663.1380645161291
55785.0 1663.1380645161291
55921.0 1589.7940318599956
60378.0 1589.7940318599956
60454.0 876.9882352941177
69464.0 876.9882352941177
69563.0 712.4197218710493
71145.0 712.4197218710493
71446.0 960.6763137852247
72759.0 960.6763137852247
72823.0 1713.0203527815468
73560.0 1713.0203527815468
73810.0 1128.6842897055662
78463.0 1128.6842897055662
78736.0 372.6831867839062
97501.0 372.6831867839062
97637.0 1233.2268907563025
98589.0 1233.2268907563025
98736.0 1242.6881937436933
99727.0 1242.6881937436933
99836.0 725.7895261845387
101841.0 725.7895261845387
102012.0 505.25
103772.0 505.25
103893.0 503.62295081967216
106333.0 503.62295081967216
106506.0 789.7618930244023
110563.0 789.7618930244023
110641.0 1098.8282208588957
113249.0 1098.8282208588957
113342.0 1204.8818660647103
116000.0 1204.8818660647103
116312.0 2113.580895522388
119662.0 2113.580895522388
119715.0 2231.9137698733493
123426.0 2231.9137698733493
123559.0 958.4829518916395
132123.0 958.4829518916395
132318.0 938.778717056191
140362.0 938.778717056191
140409.0 1474.139534883721
144365.0 1474.139534883721
144436.0 1438.7231270358307
149655.0 1438.7231270358307
149723.0 1730.182908545727
150390.0 1730.182908545727
150540.0 1273.8089171974523
151482.0 1273.8089171974523
151558.0 826.0600139567341
152991.0 826.0600139567341
153155.0 493.50874378309
159388.0 493.50874378309
159656.0 409.11819681143487
166932.0 409.11819681143487
167112.0 527.7549770290965
169724.0 527.7549770290965
169843.0 1225.8715596330276
170933.0 1225.8715596330276
171041.0 1230.0787704130644
172082.0 1230.0787704130644
172320.0 1020.4601113172541
173398.0 1020.4601113172541
173558.0 857.4412451361868
178698.0 857.4412451361868
178898.0 524.9616480385711
188024.0 524.9616480385711
