35.0 1292.807111111111
1160.0 1292.807111111111
1235.0 1292.4610591900312
2198.0 1292.4610591900312
2329.0 1300.9953488372093
3189.0 1300.9953488372093
3330.0 1293.9188345473465
4291.0 1293.9188345473465
4443.0 1273.1972157772623
7029.0 1273.1972157772623
7132.0 1511.5729537366549
8818.0 1511.5729537366549
8929.0 1537.4038147138965
10764.0 1537.4038147138965
10835.0 1083.0966424103153
18668.0 1083.0966424103153
18747.0 502.88671040023587
32314.0 502.88671040023587
32512.0 551.4568880079287
34530.0 551.4568880079287
34645.0 962.4427480916031
35824.0 962.4427480916031
36119.0 955.0336391437309
37427.0 955.0336391437309
37543.0 955.3997028231798
38889.0 955.3997028231798
39043.0 949.4442244224423
40558.0 949.4442244224423
40648.0 723.1086082059534
44377.0 723.1086082059534
44519.0 421.6019571161318
51468.0 421.6019571161318
51611.0 432.09333835152427
54268.0 432.09333835152427
54438.0 430.1777936451267
57239.0 430.1777936451267
57411.0 428.45595854922277
60499.0 428.45595854922277
60728.0 963.2888888888889
61898.0 963.2888888888889
62032.0 1435.4662910042262
67001.0 1435.4662910042262
67130.0 1400.118724807622
72588.0 1400.118724807622
72719.0 1851.3526177384651
76902.0 1851.3526177384651
77029.0 1513.395368967756
81650.0 1513.395368967756
81741.0 1023.7719823286304
88758.0 1023.7719823286304
88849.0 1126.0845245494095
95285.0 1126.0845245494095
95429.0 1714.6709137965358
100452.0 1714.6709137965358
100522.0 1809.2247557003257
101750.0 1809.2247557003257
102010.0 1450.854586129754
107374.0 1450.854586129754
107412.0 3271.788767812238
109798.0 3271.788767812238
109914.0 2580.2924667651405
112622.0 2580.2924667651405
112710.0 5124.579865771812
114200.0 5124.579865771812
114306.0 6135.611785095321
115460.0 6135.611785095321
115508.0 4609.144129104062
117305.0 4609.144129104062
117406.0 4868.593119810202
119092.0 4868.593119810202
119205.0 6506.670713201821
121841.0 6506.670713201821
121908.0 6513.251908396946
124266.0 6513.251908396946
124304.0 5952.784476784477
127190.0 5952.784476784477
127310.0 5954.293686780607
130177.0 5954.293686780607
130309.0 4526.485631426312
134102.0 4526.485631426312
134208.0 4292.093638676844
138138.0 4292.093638676844
138211.0 4427.810488978971
142158.0 4427.810488978971
142211.0 4526.779733333334
145961.0 4526.779733333334
146198.0 3846.764030335861
150813.0 3846.764030335861
150914.0 3262.8790786948175
156124.0 3262.8790786948175
156215.0 3008.8812991796417
162188.0 3008.8812991796417
162323.0 2376.7792758672927
168924.0 2376.7792758672927
169024.0 1120.6510660426418
184408.0 1120.6510660426418
184521.0 2959.9243856332705
185579.0 2959.9243856332705
