7.0 6060.033333333334
247.0 6060.033333333334
306.0 6101.176470588235
510.0 6101.176470588235
607.0 6009.627408993576
1074.0 6009.627408993576
1106.0 6009.50884086444
1615.0 6009.50884086444
1706.0 5989.6697247706425
2578.0 5989.6697247706425
2606.0 5967.345370726085
5209.0 5967.345370726085
5307.0 5972.415224913495
8197.0 5972.415224913495
8306.0 5971.765319426337
11374.0 5971.765319426337
11405.0 5555.3216216216215
14365.0 5555.3216216216215
14406.0 5708.4236842105265
17446.0 5708.4236842105265
17506.0 5829.090177673483
20489.0 5829.090177673483
20609.0 5856.412256267409
23481.0 5856.412256267409
23505.0 5643.583652618136
26637.0 5643.583652618136
26899.0 5667.188044831881
30111.0 5667.188044831881
30206.0 3444.9628516212156
34863.0 3444.9628516212156
34905.0 5845.167684996605
37851.0 5845.167684996605
37907.0 5824.328139904611
41052.0 5824.328139904611
41110.0 3951.1021582733815
45280.0 3951.1021582733815
45306.0 5377.060532687651
48610.0 5377.060532687651
48707.0 6151.098752228164
51512.0 6151.098752228164
51606.0 3190.2608015640276
56721.0 3190.2608015640276
56812.0 1561.3120516499282
67964.0 1561.3120516499282
68203.0 3192.9658641753504
73769.0 3192.9658641753504
73815.0 5211.153601019758
76953.0 5211.153601019758
77006.0 5215.957066189624
80360.0 5215.957066189624
80412.0 3991.905190803508
84631.0 3991.905190803508
84705.0 3897.6416514134635
89622.0 3897.6416514134635
89717.0 4684.199524940617
93085.0 4684.199524940617
93207.0 4358.578866768759
97125.0 4358.578866768759
97215.0 4154.816414686825
101382.0 4154.816414686825
101404.0 6201.593543653705
104130.0 6201.593543653705
104399.0 6239.22149600581
107153.0 6239.22149600581
107205.0 5878.132796780684
110187.0 5878.132796780684
110307.0 5865.369669765951
113426.0 5865.369669765951
113506.0 6269.030899830221
116451.0 6269.030899830221
116505.0 6045.676418752203
119342.0 6045.676418752203
119405.0 5745.69696969697
122078.0 5745.69696969697
122105.0 5782.4759340289465
125076.0 5782.4759340289465
125106.0 5830.245901639344
128034.0 5830.245901639344
128109.0 4773.133166527662
131706.0 4773.133166527662
132002.0 4277.942683236115
135945.0 4277.942683236115
136007.0 5904.245945945946
138967.0 5904.245945945946
139007.0 5748.535049102607
141960.0 5748.535049102607
142007.0 5294.606620936474
145360.0 5294.606620936474
145409.0 6213.304093567252
148145.0 6213.304093567252
148206.0 6391.197724039829
151018.0 6391.197724039829
151107.0 5374.82699554642
154026.0 5374.82699554642
154106.0 4787.585670647042
157707.0 4787.585670647042
157812.0 4265.25251022685
160501.0 4265.25251022685
