14.0 3011.1966873706006
497.0 3011.1966873706006
622.0 3028.3211678832117
1033.0 3028.3211678832117
1113.0 3032.130081300813
1482.0 3032.130081300813
1515.0 2972.633624878523
2544.0 2972.633624878523
2612.0 2971.5595667870034
3720.0 2971.5595667870034
3816.0 2957.2976465159204
5983.0 2957.2976465159204
6010.0 2964.0425531914893
8454.0 2964.0425531914893
8513.0 4003.7262859839548
10632.0 4003.7262859839548
10711.0 3927.335084786243
14898.0 3927.335084786243
15010.0 3680.5107104984095
19725.0 3680.5107104984095
19814.0 3340.026123703419
25020.0 3340.026123703419
25113.0 3868.356945722171
29461.0 3868.356945722171
29513.0 3870.3096124370486
34080.0 3870.3096124370486
34112.0 3899.530419880034
38780.0 3899.530419880034
38808.0 3901.5544747081713
42920.0 3901.5544747081713
43011.0 3629.054583772392
47756.0 3629.054583772392
48004.0 3826.511802799248
52791.0 3826.511802799248
52912.0 3921.012851023322
57114.0 3921.012851023322
57213.0 3753.6040566237057
61946.0 3753.6040566237057
62012.0 3650.0596572879203
66739.0 3650.0596572879203
66811.0 2959.9463087248323
72324.0 2959.9463087248323
72416.0 2485.6177016416846
79421.0 2485.6177016416846
79523.0 2810.964791288566
82278.0 2810.964791288566
82313.0 3591.884951206985
84260.0 3591.884951206985
84312.0 3533.5996064928677
86345.0 3533.5996064928677
86411.0 2017.6726057906458
90003.0 2017.6726057906458
90151.0 1752.3483214649034
95066.0 1752.3483214649034
95111.0 1268.6835390085755
99892.0 1268.6835390085755
100047.0 3001.3050520632473
102640.0 3001.3050520632473
102714.0 3262.218136230673
105107.0 3262.218136230673
105406.0 3269.7388862891903
107543.0 3269.7388862891903
107610.0 2987.3333333333335
110166.0 2987.3333333333335
110209.0 3846.005431830527
112050.0 3846.005431830527
112115.0 3476.674448767834
113657.0 3476.674448767834
113714.0 3789.680517082179
115880.0 3789.680517082179
115911.0 3681.387422193604
120570.0 3681.387422193604
120611.0 3619.667216592034
124854.0 3619.667216592034
124915.0 3220.797900262467
130249.0 3220.797900262467
130312.0 2879.7165991902834
136240.0 2879.7165991902834
136314.0 3938.7382427162192
140673.0 3938.7382427162192
140711.0 3910.0435790449696
145025.0 3910.0435790449696
145111.0 3852.0096980383514
149648.0 3852.0096980383514
149711.0 3843.202173420874
154128.0 3843.202173420874
154403.0 3873.6233907920578
158986.0 3873.6233907920578
159113.0 3875.877792977656
163499.0 3875.877792977656
163613.0 3879.9758203799656
168245.0 3879.9758203799656
168313.0 3806.191169335274
172435.0 3806.191169335274
172513.0 3875.049674084064
176962.0 3875.049674084064
177013.0 3864.3072776280324
179981.0 3864.3072776280324
