37.0 1238.848381601363
1211.0 1238.848381601363
1338.0 1257.2121212121212
2328.0 1257.2121212121212
2436.0 1252.9182530795072
3329.0 1252.9182530795072
3436.0 1254.7487386478306
4427.0 1254.7487386478306
4534.0 1245.272380952381
5584.0 1245.272380952381
5749.0 1277.4496240601504
7744.0 1277.4496240601504
7838.0 1550.539383561644
12510.0 1550.539383561644
12629.0 1488.925236925237
18327.0 1488.925236925237
18432.0 1469.451647641611
23075.0 1469.451647641611
23137.0 1393.9187797902764
28382.0 1393.9187797902764
28528.0 1380.564083731179
33974.0 1380.564083731179
34033.0 1360.9167439273133
39426.0 1360.9167439273133
39527.0 1381.2760472610096
40458.0 1381.2760472610096
40528.0 1377.7854406130268
41572.0 1377.7854406130268
41635.0 1372.2503816793894
43600.0 1372.2503816793894
43732.0 1380.183143337694
49083.0 1380.183143337694
49234.0 1394.948051948052
54778.0 1394.948051948052
54835.0 1396.4745762711864
59909.0 1396.4745762711864
60037.0 1366.5970252507782
65819.0 1366.5970252507782
65931.0 1358.2135636831465
71372.0 1358.2135636831465
71433.0 1359.411473222794
76680.0 1359.411473222794
76740.0 1348.3719912472648
80396.0 1348.3719912472648
80537.0 1377.5378151260504
81489.0 1377.5378151260504
81630.0 1395.7313054499366
82419.0 1395.7313054499366
82533.0 1365.8557874762807
84641.0 1365.8557874762807
84728.0 1356.0714285714287
86968.0 1356.0714285714287
87029.0 1352.222310440651
89548.0 1352.222310440651
89634.0 1361.2154398563735
94090.0 1361.2154398563735
94236.0 1355.8160278745645
99976.0 1355.8160278745645
100033.0 1369.559298245614
105733.0 1369.559298245614
105835.0 1362.3380775979724
110964.0 1362.3380775979724
111032.0 1377.5255276925852
116575.0 1377.5255276925852
116634.0 1372.7212097712293
121792.0 1372.7212097712293
121936.0 1343.274732403503
128102.0 1343.274732403503
128243.0 1322.876390008058
134448.0 1322.876390008058
134532.0 1393.0796375774917
136629.0 1393.0796375774917
136732.0 1391.3932827735644
138578.0 1391.3932827735644
138629.0 1391.9730510105871
140707.0 1391.9730510105871
140837.0 1395.3969571230982
143006.0 1395.3969571230982
143133.0 1400.2867383512544
145365.0 1400.2867383512544
145433.0 1381.5328907664455
150404.0 1381.5328907664455
150533.0 1361.906660023252
156554.0 1361.906660023252
156637.0 1390.4765640321632
161736.0 1390.4765640321632
161828.0 1400.3910855499641
167392.0 1400.3910855499641
167535.0 1347.1381913959613
173230.0 1347.1381913959613
173333.0 1311.3857452845937
179324.0 1311.3857452845937
179443.0 1202.1897412619155
181646.0 1202.1897412619155
181736.0 1140.0336943441637
182567.0 1140.0336943441637
182654.0 974.5987624940504
184755.0 974.5987624940504
