6.0 7614.701570680629
197.0 7614.701570680629
306.0 7635.828220858895
469.0 7635.828220858895
507.0 7501.490968801314
1116.0 7501.490968801314
1206.0 7534.088669950739
1612.0 7534.088669950739
1706.0 7493.532281205165
2403.0 7493.532281205165
2510.0 2749.6902106567536
8159.0 2749.6902106567536
8212.0 3799.3132291437378
12755.0 3799.3132291437378
12809.0 4762.510007798284
16656.0 4762.510007798284
16708.0 1919.8776415645068
25273.0 1919.8776415645068
25323.0 4617.777541245343
29081.0 4617.777541245343
29106.0 5415.19028340081
32317.0 5415.19028340081
32408.0 4364.197197716658
36262.0 4364.197197716658
36304.0 4206.497858162779
40506.0 4206.497858162779
40802.0 3475.1828942344405
46040.0 3475.1828942344405
46115.0 3134.0480562609887
51234.0 3134.0480562609887
51318.0 3837.1437887186175
54385.0 3837.1437887186175
54510.0 4485.84222737819
56234.0 4485.84222737819
56310.0 4448.030131826742
57903.0 4448.030131826742
58013.0 3479.3764861294585
60284.0 3479.3764861294585
60314.0 3269.929203539823
62574.0 3269.929203539823
62612.0 4863.840238450074
65967.0 4863.840238450074
66008.0 3288.959576879486
71302.0 3288.959576879486
71603.0 2435.1942998081668
78901.0 2435.1942998081668
79013.0 4555.960912052117
80548.0 4555.960912052117
80800.0 5337.153046062407
82146.0 5337.153046062407
82211.0 2842.149019607843
84761.0 2842.149019607843
84819.0 2583.3209358128374
88153.0 2583.3209358128374
88213.0 4232.781577110956
89646.0 4232.781577110956
89710.0 3640.356427201023
94401.0 3640.356427201023
94517.0 3685.9953161592507
99214.0 3685.9953161592507
99312.0 4239.103309929789
103300.0 4239.103309929789
103602.0 4602.950977765872
107335.0 4602.950977765872
107409.0 4836.807947019867
111033.0 4836.807947019867
111112.0 3839.2629590766
115877.0 3839.2629590766
115913.0 3674.0887562189055
120938.0 3674.0887562189055
121016.0 3911.421664766249
125401.0 3911.421664766249
125509.0 5705.144130757801
128201.0 5705.144130757801
128306.0 4528.132841328414
132100.0 4528.132841328414
132211.0 3855.230352303523
136639.0 3855.230352303523
136709.0 6140.543633762518
139505.0 6140.543633762518
139802.0 5683.264150943396
142770.0 5683.264150943396
142808.0 5414.054522924412
146036.0 5414.054522924412
146107.0 4553.49356223176
149835.0 4553.49356223176
149909.0 4153.677117454376
154183.0 4153.677117454376
154313.0 3821.8525179856115
158761.0 3821.8525179856115
158812.0 5321.897542197216
162189.0 5321.897542197216
162308.0 4722.793497892836
165630.0 4722.793497892836
165710.0 4035.602996254682
169982.0 4035.602996254682
170117.0 3367.370522607164
173523.0 3367.370522607164
