165.0 308.72596051793676
4876.0 308.72596051793676
5031.0 574.3608675588371
7198.0 574.3608675588371
7384.0 650.1196978500872
9105.0 650.1196978500872
9273.0 591.8400761542123
11374.0 591.8400761542123
11482.0 562.3810752688172
13807.0 562.3810752688172
14010.0 590.1355140186915
15722.0 590.1355140186915
15881.0 653.013844515442
17759.0 653.013844515442
17869.0 654.4903529411765
19994.0 654.4903529411765
20147.0 959.9363057324841
21403.0 959.9363057324841
21569.0 314.38041594454074
30801.0 314.38041594454074
31115.0 285.6797583081571
35087.0 285.6797583081571
35385.0 281.98284424379233
39815.0 281.98284424379233
40091.0 325.2321699544765
44045.0 325.2321699544765
44123.0 1692.244705882353
44973.0 1692.244705882353
45022.0 1690.5780564263323
46617.0 1690.5780564263323
46730.0 698.2936896807721
53465.0 698.2936896807721
53667.0 301.81049016546984
79291.0 301.81049016546984
79557.0 319.35542009011397
83330.0 319.35542009011397
83561.0 318.42888086642597
87716.0 318.42888086642597
87986.0 324.9850057670127
91454.0 324.9850057670127
91780.0 330.0282574568289
95602.0 330.0282574568289
95854.0 330.0643137254902
99679.0 330.0643137254902
99859.0 365.70440602342444
103445.0 365.70440602342444
103586.0 605.0725274725274
105406.0 605.0725274725274
105589.0 598.6904640489546
107550.0 598.6904640489546
107690.0 603.0871694417237
109732.0 603.0871694417237
109894.0 1028.4155477031802
111309.0 1028.4155477031802
111447.0 1059.880810488677
112286.0 1059.880810488677
112343.0 1056.6122098022356
113506.0 1056.6122098022356
113643.0 609.0218589621745
118904.0 609.0218589621745
119087.0 538.4215476699444
121426.0 538.4215476699444
121655.0 317.596168389211
125622.0 317.596168389211
125851.0 317.7934842628382
129473.0 317.7934842628382
129663.0 317.4440398154892
133782.0 317.4440398154892
133973.0 563.0392464678179
136521.0 563.0392464678179
136672.0 724.0022637238256
138439.0 724.0022637238256
138573.0 660.9655172413793
142459.0 660.9655172413793
142572.0 529.863524098511
156743.0 529.863524098511
157041.0 678.4432686654909
158742.0 678.4432686654909
158867.0 671.476217123671
160654.0 671.476217123671
160779.0 553.6688493919551
162917.0 553.6688493919551
163102.0 537.5076795350768
165511.0 537.5076795350768
165691.0 543.6031820308845
167828.0 543.6031820308845
167985.0 350.90552441953565
177977.0 350.90552441953565
178188.0 318.75
182380.0 318.75
182569.0 322.8232400860744
192328.0 322.8232400860744
192496.0 580.1983122362869
194392.0 580.1983122362869
194750.0 576.2579075425791
196394.0 576.2579075425791
196583.0 576.1128928800513
198142.0 576.1128928800513
