19.0 2469.283531409168
608.0 2469.283531409168
721.0 2504.3058350100605
1218.0 2504.3058350100605
1320.0 2475.3451327433627
1772.0 2475.3451327433627
1825.0 2450.99358974359
3073.0 2450.99358974359
3121.0 2457.0805970149254
4461.0 2457.0805970149254
4519.0 2442.25
7143.0 2442.25
7220.0 2444.8599392507595
10183.0 2444.8599392507595
10318.0 3444.537555826228
12781.0 3444.537555826228
12907.0 4421.687621516527
14450.0 4421.687621516527
14510.0 4293.07339988256
16213.0 4293.07339988256
16308.0 3950.062698773285
20710.0 3950.062698773285
20813.0 3877.274319963117
25151.0 3877.274319963117
25213.0 4154.101997649824
29468.0 4154.101997649824
29514.0 3699.79837398374
34434.0 3699.79837398374
34512.0 3325.0138860103625
39337.0 3325.0138860103625
39415.0 3645.187129551228
44139.0 3645.187129551228
44211.0 4442.763036623817
48334.0 4442.763036623817
48416.0 4377.283740701381
52180.0 4377.283740701381
52500.0 4544.8472755180355
56409.0 4544.8472755180355
56512.0 4865.716864072194
60058.0 4865.716864072194
60110.0 4758.875473899096
63539.0 4758.875473899096
63610.0 4198.638051603569
67757.0 4198.638051603569
67812.0 4375.196454948301
71874.0 4375.196454948301
71912.0 4483.8497395119275
75559.0 4483.8497395119275
75612.0 4567.707571801567
79442.0 4567.707571801567
79511.0 4505.5773140716965
83249.0 4505.5773140716965
83312.0 4473.553688141924
87596.0 4473.553688141924
87899.0 4640.1129411764705
91299.0 4640.1129411764705
91407.0 4564.79871692061
95148.0 4564.79871692061
95210.0 4463.294663573086
99089.0 4463.294663573086
99209.0 4509.347559349159
102958.0 4509.347559349159
103014.0 4530.138676509359
106807.0 4530.138676509359
106911.0 4568.306489444879
110748.0 4568.306489444879
110812.0 4602.2862893081765
114787.0 4602.2862893081765
114909.0 4724.231320368475
118817.0 4724.231320368475
118910.0 4811.10350631136
122475.0 4811.10350631136
122700.0 4780.033613445378
125913.0 4780.033613445378
126013.0 4743.162893429045
129635.0 4743.162893429045
129711.0 4744.569205113952
133309.0 4744.569205113952
133414.0 4744.117159436309
137033.0 4744.117159436309
137111.0 4681.634193727449
140714.0 4681.634193727449
140814.0 4517.076247092272
144683.0 4517.076247092272
144812.0 4402.340248962656
148668.0 4402.340248962656
148711.0 4258.291196929719
152880.0 4258.291196929719
153015.0 4374.575398867731
156901.0 4374.575398867731
157200.0 4164.051899907322
161516.0 4164.051899907322
161612.0 4123.290407358739
165417.0 4123.290407358739
165510.0 4353.559595959596
169470.0 4353.559595959596
169511.0 4595.057692307692
172007.0 4595.057692307692
