29.0 1572.332972972973
954.0 1572.332972972973
1030.0 1585.5286624203823
1815.0 1585.5286624203823
1939.0 1573.6371308016878
2650.0 1573.6371308016878
2728.0 1586.0408163265306
3512.0 1586.0408163265306
3628.0 1577.244873341375
4457.0 1577.244873341375
4535.0 1555.5007473841554
7211.0 1555.5007473841554
7333.0 1256.351023239681
13099.0 1256.351023239681
13238.0 1224.580831408776
20166.0 1224.580831408776
20234.0 1207.7649141440963
25883.0 1207.7649141440963
26036.0 1232.2777684139558
31969.0 1232.2777684139558
32036.0 1229.9283494192705
38149.0 1229.9283494192705
38417.0 1212.8
39447.0 1212.8
39538.0 1212.033930254477
40599.0 1212.033930254477
40740.0 1207.7313182199832
41931.0 1207.7313182199832
42051.0 1254.1730232558139
44201.0 1254.1730232558139
44343.0 1214.6973684210527
50423.0 1214.6973684210527
50542.0 1196.965175669401
57003.0 1196.965175669401
57140.0 1189.8760705289671
63095.0 1189.8760705289671
63236.0 1198.129492039424
69831.0 1198.129492039424
69935.0 1272.0632054176072
70821.0 1272.0632054176072
71118.0 1268.9818913480885
72112.0 1268.9818913480885
72237.0 1261.2347652347653
73238.0 1261.2347652347653
73515.0 1245.573033707865
76096.0 1245.573033707865
76240.0 1197.387897257292
78537.0 1197.387897257292
78637.0 1199.0999833082958
84628.0 1199.0999833082958
84736.0 1185.972835869743
90847.0 1185.972835869743
90935.0 1276.9150481838399
97680.0 1276.9150481838399
97841.0 1184.4514743214215
102962.0 1184.4514743214215
103041.0 1208.257102934327
109482.0 1208.257102934327
109723.0 1252.3445378151262
110675.0 1252.3445378151262
110734.0 1244.4347826086957
111746.0 1244.4347826086957
111834.0 1246.1958456973293
112845.0 1246.1958456973293
112932.0 1230.728785357737
115336.0 1230.728785357737
115434.0 1202.7297887836853
118180.0 1202.7297887836853
118240.0 1171.7984296930763
125245.0 1171.7984296930763
125335.0 1236.7402554864068
131441.0 1236.7402554864068
131536.0 1235.0055061414655
136258.0 1235.0055061414655
136337.0 1204.0885182809493
142573.0 1204.0885182809493
142640.0 1229.5872801082544
148552.0 1229.5872801082544
148637.0 1238.3157894736842
149606.0 1238.3157894736842
149745.0 1144.8201160541587
150779.0 1144.8201160541587
150843.0 1124.2836257309941
153579.0 1124.2836257309941
153642.0 1247.064935064935
156029.0 1247.064935064935
156140.0 1291.9115696389094
158854.0 1291.9115696389094
158941.0 1215.4550063371357
165253.0 1215.4550063371357
165341.0 1209.2522702785902
171838.0 1209.2522702785902
171935.0 1229.1178102459774
177342.0 1229.1178102459774
177437.0 1262.296793437733
182801.0 1262.296793437733
182937.0 1303.9738704409363
186611.0 1303.9738704409363
