14.0 3068.3713080168777
488.0 3068.3713080168777
617.0 3088.436724565757
1020.0 3088.436724565757
1116.0 3090.7624309392263
1478.0 3090.7624309392263
1513.0 3077.861386138614
1917.0 3077.861386138614
2021.0 2984.2784431137725
4693.0 2984.2784431137725
4817.0 2941.0114731528224
6996.0 2941.0114731528224
7115.0 1772.9123837493883
11201.0 1772.9123837493883
11321.0 2332.66318394281
14958.0 2332.66318394281
15016.0 2821.6145574855254
17434.0 2821.6145574855254
17517.0 2867.099607843137
20067.0 2867.099607843137
20115.0 2891.750769230769
22715.0 2891.750769230769
22814.0 2826.116288024644
25411.0 2826.116288024644
25702.0 2806.5238977399035
28401.0 2806.5238977399035
28514.0 2830.87470126323
31443.0 2830.87470126323
31516.0 2875.3490813648295
33802.0 2875.3490813648295
33917.0 2877.03934553954
36484.0 2877.03934553954
36621.0 2878.754046833255
42984.0 2878.754046833255
43116.0 2896.6413502109704
48804.0 2896.6413502109704
48914.0 2892.041022301807
55057.0 2892.041022301807
55117.0 2890.5732953593565
61086.0 2890.5732953593565
61218.0 2880.526743159753
66883.0 2880.526743159753
67018.0 2826.1243304658333
73179.0 2826.1243304658333
73320.0 2560.076058772688
80262.0 2560.076058772688
80316.0 2866.1475409836066
82756.0 2866.1475409836066
82814.0 2865.499800558436
85321.0 2865.499800558436
85416.0 2828.8368462138956
87978.0 2828.8368462138956
88018.0 2827.5745239658568
91064.0 2827.5745239658568
91116.0 2830.4134391040598
93259.0 2830.4134391040598
93316.0 2804.4627027027027
96091.0 2804.4627027027027
96217.0 2815.1777857915613
98990.0 2815.1777857915613
99115.0 2922.3889585947304
101506.0 2922.3889585947304
101805.0 2951.53614224971
104392.0 2951.53614224971
104515.0 2956.3657620041754
106910.0 2956.3657620041754
107018.0 2957.0267761513746
109819.0 2957.0267761513746
109914.0 2869.4895865713397
116348.0 2869.4895865713397
116420.0 2751.7381678164606
122653.0 2751.7381678164606
122719.0 2791.901108889293
128220.0 2791.901108889293
128316.0 2881.0558443736372
134279.0 2881.0558443736372
134419.0 2863.0641985033476
136958.0 2863.0641985033476
137018.0 2644.6238010657194
139833.0 2644.6238010657194
140106.0 2645.4545454545455
142702.0 2645.4545454545455
142818.0 2646.8818592640414
145916.0 2646.8818592640414
146018.0 2634.7231512448902
148709.0 2634.7231512448902
148821.0 2620.846283215607
151794.0 2620.846283215607
151920.0 2622.8895726495725
154845.0 2622.8895726495725
154920.0 2639.956989247312
157896.0 2639.956989247312
158018.0 2897.0531822144726
160312.0 2897.0531822144726
160418.0 2884.9424797613974
162765.0 2884.9424797613974
162818.0 2885.3494339622644
166793.0 2885.3494339622644
