43.0 954.962573867367
1566.0 954.962573867367
1654.0 961.854714064915
2948.0 961.854714064915
3059.0 960.3914163090129
4224.0 960.3914163090129
4350.0 960.9397217928903
5644.0 960.9397217928903
5746.0 948.8650217706821
7124.0 948.8650217706821
7251.0 955.8297067171239
8308.0 955.8297067171239
8451.0 895.1532846715329
9821.0 895.1532846715329
9976.0 828.2628136288197
20219.0 828.2628136288197
20348.0 608.1347713699973
31567.0 608.1347713699973
31654.0 1021.8916437098255
32743.0 1021.8916437098255
32850.0 1036.2739726027398
33945.0 1036.2739726027398
34223.0 1010.6666666666666
35459.0 1010.6666666666666
35545.0 980.1585365853658
36857.0 980.1585365853658
36944.0 351.7750061139643
41033.0 351.7750061139643
41184.0 750.061752433936
44779.0 750.061752433936
44861.0 1147.1072826938137
47415.0 1147.1072826938137
47551.0 752.7113428943937
51386.0 752.7113428943937
51648.0 459.51439688715953
67068.0 459.51439688715953
67154.0 1050.057142857143
68414.0 1050.057142857143
68542.0 1237.1547749725576
69453.0 1237.1547749725576
69718.0 1154.0420860018298
70811.0 1154.0420860018298
70941.0 1122.2186666666666
72066.0 1122.2186666666666
72323.0 1068.0478405315614
75333.0 1068.0478405315614
75451.0 1096.3575076608784
79367.0 1096.3575076608784
79443.0 781.3362279511533
83128.0 781.3362279511533
83437.0 681.0901231087304
94078.0 681.0901231087304
94129.0 939.2357688113414
103299.0 939.2357688113414
103434.0 1533.1724137931035
104014.0 1533.1724137931035
104136.0 1524.6153846153845
104942.0 1524.6153846153845
105227.0 1092.788267644363
106318.0 1092.788267644363
106441.0 1085.6620689655172
107601.0 1085.6620689655172
107926.0 875.7385835384194
111583.0 875.7385835384194
111636.0 900.3870967741935
114922.0 900.3870967741935
115069.0 913.8616491422247
118683.0 913.8616491422247
118926.0 1145.4713926876918
126092.0 1145.4713926876918
126237.0 972.8853388301984
133999.0 972.8853388301984
134173.0 842.7306358381503
141093.0 842.7306358381503
141277.0 669.4251012145749
142759.0 669.4251012145749
143037.0 663.2367816091954
144777.0 663.2367816091954
144870.0 1400.149358226371
145727.0 1400.149358226371
146016.0 1622.1408450704225
147720.0 1622.1408450704225
147830.0 805.2460732984293
151650.0 805.2460732984293
151761.0 793.5131505316173
160696.0 793.5131505316173
161028.0 643.2042265147763
173142.0 643.2042265147763
173245.0 916.4609053497942
174703.0 916.4609053497942
174887.0 591.7338262476894
177051.0 591.7338262476894
177190.0 597.5317762085823
179031.0 597.5317762085823
179355.0 594.3337515683814
180949.0 594.3337515683814
181108.0 639.7150997150998
182512.0 639.7150997150998
