27.0 1765.0582524271845
851.0 1765.0582524271845
925.0 1783.1518624641833
1623.0 1783.1518624641833
1726.0 1781.6178343949045
2354.0 1781.6178343949045
2428.0 1781.4555873925501
3126.0 1781.4555873925501
3230.0 1771.728997289973
3968.0 1771.728997289973
4030.0 1745.2244008714597
7702.0 1745.2244008714597
7824.0 1993.9774291219378
11457.0 1993.9774291219378
11520.0 1875.7231925713022
16043.0 1875.7231925713022
16136.0 1641.247053163339
20293.0 1641.247053163339
20422.0 2712.8400742115027
23117.0 2712.8400742115027
23216.0 2882.8803680981596
25824.0 2882.8803680981596
25917.0 2423.8520475561427
28945.0 2423.8520475561427
29015.0 2056.695085528102
32698.0 2056.695085528102
33008.0 2095.433914581754
36965.0 2095.433914581754
37016.0 2136.187195320117
40093.0 2136.187195320117
40222.0 1997.6629699756559
43919.0 1997.6629699756559
44019.0 2004.040424980565
47878.0 2004.040424980565
47924.0 1820.5837615621788
51816.0 1820.5837615621788
51931.0 1759.680660701996
54837.0 1759.680660701996
54924.0 1899.2649704446158
58815.0 1899.2649704446158
58918.0 2407.3007087411406
61881.0 2407.3007087411406
61919.0 2365.164964407304
65150.0 2365.164964407304
65407.0 2347.4410427402245
68706.0 2347.4410427402245
68817.0 2652.028820629503
71454.0 2652.028820629503
71514.0 2348.4171297809744
74573.0 2348.4171297809744
74619.0 2213.646915088577
77893.0 2213.646915088577
78021.0 2214.085347043702
81911.0 2214.085347043702
82017.0 2294.9587589860007
84660.0 2294.9587589860007
84720.0 2337.0522522522524
88050.0 2337.0522522522524
88115.0 2336.572283747381
91456.0 2336.572283747381
91519.0 2102.748119169425
94842.0 2102.748119169425
95109.0 2008.846093133386
98910.0 2008.846093133386
99022.0 1891.6633716270371
102765.0 1891.6633716270371
102822.0 1908.8803871859875
107161.0 1908.8803871859875
107220.0 1958.1221374045801
111412.0 1958.1221374045801
111513.0 3216.1567291311753
113861.0 3216.1567291311753
113918.0 2444.413178417953
120201.0 2444.413178417953
120325.0 2591.6029567053856
126954.0 2591.6029567053856
127016.0 2376.2472160356347
134200.0 2376.2472160356347
134317.0 2664.332712600869
140761.0 2664.332712600869
140817.0 2509.734860883797
147538.0 2509.734860883797
147619.0 2076.485186123069
151568.0 2076.485186123069
151631.0 1684.0950118764845
155841.0 1684.0950118764845
155931.0 1452.3347623485554
161296.0 1452.3347623485554
161440.0 1492.0171139634383
166582.0 1492.0171139634383
166630.0 1701.2802078822
171248.0 1701.2802078822
171321.0 2122.593420632386
174452.0 2122.593420632386
174522.0 2175.0594282043044
177635.0 2175.0594282043044
177719.0 2254.494117647059
179844.0 2254.494117647059
