12.0 3055.4789915966385
488.0 3055.4789915966385
616.0 3065.615763546798
1022.0 3065.615763546798
1113.0 3073.78021978022
1477.0 3073.78021978022
1521.0 3016.6074950690336
2535.0 3016.6074950690336
2614.0 3006.9038572251006
4351.0 3006.9038572251006
4414.0 3007.256687001408
6545.0 3007.256687001408
6615.0 1966.9074124355145
10298.0 1966.9074124355145
10422.0 2063.706154220384
14533.0 2063.706154220384
14623.0 1934.9585933068633
18149.0 1934.9585933068633
18218.0 2437.847282427476
21217.0 2437.847282427476
21314.0 2368.7939508506615
24488.0 2368.7939508506615
24617.0 2911.314557715192
27138.0 2911.314557715192
27211.0 2912.2675893886967
29812.0 2912.2675893886967
30103.0 3186.6379707916985
32705.0 3186.6379707916985
32813.0 3587.9082969432316
34645.0 3587.9082969432316
34716.0 3639.7937011202707
39447.0 3639.7937011202707
39511.0 3840.9544977982805
44280.0 3840.9544977982805
44314.0 3011.5328093584353
49785.0 3011.5328093584353
49915.0 3042.611406062682
55754.0 3042.611406062682
55811.0 2968.145879924308
61624.0 2968.145879924308
61711.0 3016.8578295433535
67120.0 3016.8578295433535
67215.0 3297.055860632456
72496.0 3297.055860632456
72611.0 3809.6565916398713
77276.0 3809.6565916398713
77502.0 2904.5470692717586
83132.0 2904.5470692717586
83213.0 2893.0577145692077
89260.0 2893.0577145692077
89316.0 3094.5687446626816
91658.0 3094.5687446626816
91713.0 3624.9124579124577
94089.0 3624.9124579124577
94212.0 3625.5684399282727
95885.0 3625.5684399282727
95912.0 3050.71893375147
98463.0 3050.71893375147
98511.0 2025.0293125810636
102366.0 2025.0293125810636
102418.0 1996.4091428571428
105918.0 1996.4091428571428
106025.0 1918.9806484041217
110004.0 1918.9806484041217
110113.0 2918.5886232481453
112539.0 2918.5886232481453
112805.0 3438.203403902034
115214.0 3438.203403902034
115315.0 3248.297586070439
117842.0 3248.297586070439
117909.0 3601.1139723414403
120006.0 3601.1139723414403
120111.0 3559.269524913094
124426.0 3559.269524913094
124517.0 3228.0601277715145
129839.0 3228.0601277715145
129915.0 3412.1447131720965
134918.0 3412.1447131720965
135014.0 2864.8356415818453
141007.0 2864.8356415818453
141112.0 3466.4874640361695
145978.0 3466.4874640361695
146011.0 3162.035100416139
151538.0 3162.035100416139
151611.0 3082.5175231523517
157118.0 3082.5175231523517
157220.0 2801.8964646464647
163556.0 2801.8964646464647
163616.0 3108.5705024311183
166084.0 3108.5705024311183
166113.0 3118.9011512504962
168632.0 3118.9011512504962
168716.0 3131.875589066918
170838.0 3131.875589066918
170913.0 3107.370353373107
173092.0 3107.370353373107
173217.0 3011.1879321181646
174808.0 3011.1879321181646
