88.0 500.6567986230637
2993.0 500.6567986230637
3210.0 504.1069258809234
5679.0 504.1069258809234
5800.0 504.2163136547995
8019.0 504.2163136547995
8212.0 503.01618122977345
10684.0 503.01618122977345
10901.0 499.822629969419
13517.0 499.822629969419
13710.0 749.4896142433234
15058.0 749.4896142433234
15152.0 1001.1102040816327
16377.0 1001.1102040816327
16426.0 1945.1636363636364
17141.0 1945.1636363636364
17228.0 1826.217017954723
19790.0 1826.217017954723
19918.0 1802.984956843403
23973.0 1802.984956843403
24028.0 986.039606557377
31653.0 986.039606557377
31727.0 663.0611618032343
42796.0 663.0611618032343
43033.0 404.2653253693807
46214.0 404.2653253693807
46426.0 439.3427000610873
49700.0 439.3427000610873
49916.0 472.7459915611814
52286.0 472.7459915611814
52507.0 516.3341110592627
54650.0 516.3341110592627
54814.0 724.0150489089541
58801.0 724.0150489089541
58920.0 2239.64312267658
59458.0 2239.64312267658
59523.0 940.7851551174253
62972.0 940.7851551174253
63096.0 690.593402485749
73797.0 690.593402485749
74134.0 888.9133192389006
75553.0 888.9133192389006
75647.0 897.2963752665245
77054.0 897.2963752665245
77149.0 1005.6871165644171
78453.0 1005.6871165644171
78548.0 746.5798045602606
82232.0 746.5798045602606
82555.0 461.7841218925421
88790.0 461.7841218925421
89023.0 423.3588850174216
96198.0 423.3588850174216
96427.0 452.6307931570762
99642.0 452.6307931570762
99801.0 503.53340883352206
101567.0 503.53340883352206
101657.0 812.1877065432915
103170.0 812.1877065432915
103432.0 893.7271364317841
104766.0 893.7271364317841
104847.0 1025.6778811739441
107641.0 1025.6778811739441
107749.0 887.8780149708899
111356.0 887.8780149708899
111422.0 2167.2776247321704
114689.0 2167.2776247321704
114818.0 1009.2155477031802
123025.0 1009.2155477031802
123165.0 772.5598117647058
133790.0 772.5598117647058
133921.0 1350.910242872228
134868.0 1350.910242872228
134956.0 976.6975881261595
136034.0 976.6975881261595
136148.0 979.3563672260613
137161.0 979.3563672260613
137249.0 612.4273573452044
142191.0 612.4273573452044
142436.0 650.7266291900895
147239.0 650.7266291900895
147325.0 1797.222366710013
148863.0 1797.222366710013
148920.0 1954.28208386277
150494.0 1954.28208386277
150662.0 1044.496169711255
157450.0 1044.496169711255
157588.0 498.57793703608905
173216.0 498.57793703608905
173357.0 928.5615010423905
174796.0 928.5615010423905
174953.0 530.8922056384743
177365.0 530.8922056384743
177518.0 445.9083907580057
179985.0 445.9083907580057
180121.0 443.10944808231994
182259.0 443.10944808231994
182443.0 393.7571240683911
184724.0 393.7571240683911
