19.0 2190.373493975904
683.0 2190.373493975904
826.0 2218.609625668449
1387.0 2218.609625668449
1522.0 2215.5564356435643
2027.0 2215.5564356435643
2126.0 2170.929737402413
3535.0 2170.929737402413
3618.0 2730.089552238806
4824.0 2730.089552238806
4911.0 3670.652557319224
6045.0 3670.652557319224
6129.0 2632.8810779144696
7836.0 2632.8810779144696
7929.0 2477.049927007299
11354.0 2477.049927007299
11433.0 1319.9195202166763
16602.0 1319.9195202166763
16722.0 1695.9183484110415
21033.0 1695.9183484110415
21111.0 3052.599269183922
23574.0 3052.599269183922
23610.0 3752.2617586912065
25566.0 3752.2617586912065
25609.0 3751.7622585438335
27628.0 3751.7622585438335
27709.0 3944.639391056137
29811.0 3944.639391056137
29912.0 3987.8677603778274
33935.0 3987.8677603778274
34011.0 3396.422879684418
39081.0 3396.422879684418
39213.0 3222.077748460862
44898.0 3222.077748460862
45015.0 3132.3376425855513
50275.0 3132.3376425855513
50315.0 2834.3663050414807
56583.0 2834.3663050414807
56716.0 3043.5406597283472
62385.0 3043.5406597283472
62514.0 3133.2918586789556
67722.0 3133.2918586789556
67815.0 3322.853435114504
73055.0 3322.853435114504
73303.0 3692.509453563266
78116.0 3692.509453563266
78213.0 3050.289125163216
83574.0 3050.289125163216
83613.0 3097.9847706746946
89260.0 3097.9847706746946
89316.0 3076.1799660441425
91672.0 3076.1799660441425
91717.0 2551.1824644549765
95093.0 2551.1824644549765
95217.0 2550.704793944491
97595.0 2550.704793944491
97716.0 3230.5454545454545
100125.0 3230.5454545454545
100209.0 4026.038164002063
102148.0 4026.038164002063
102211.0 3714.74322169059
104092.0 3714.74322169059
104215.0 1987.4086413326393
108057.0 1987.4086413326393
108124.0 1900.8042953020133
111849.0 1900.8042953020133
112106.0 2312.938285395141
115687.0 2312.938285395141
115809.0 4166.724873096447
117779.0 4166.724873096447
117811.0 4235.297812675266
119594.0 4235.297812675266
119710.0 6150.680016019223
122207.0 6150.680016019223
122305.0 5436.6253164556965
125465.0 5436.6253164556965
125511.0 3843.9450574195002
129952.0 3843.9450574195002
130018.0 2701.220893643801
136374.0 2701.220893643801
136418.0 2725.46905800614
142607.0 2725.46905800614
142719.0 3153.4767232046192
148261.0 3153.4767232046192
148312.0 5465.365099806825
151418.0 5465.365099806825
151509.0 3788.4797268459242
156195.0 3788.4797268459242
156511.0 2985.0043898156277
162206.0 2985.0043898156277
162311.0 3277.7763997811417
167794.0 3277.7763997811417
167917.0 3085.9795436664044
173001.0 3085.9795436664044
173108.0 5389.214129415443
176307.0 5389.214129415443
176410.0 4967.199653529667
178719.0 4967.199653529667
