30.0 1306.7457322551663
1143.0 1306.7457322551663
1234.0 1317.079365079365
2179.0 1317.079365079365
2235.0 1313.2112676056338
3087.0 1313.2112676056338
3132.0 1315.826455026455
4077.0 1315.826455026455
4132.0 1306.2297702297703
5133.0 1306.2297702297703
5234.0 1313.7997399219767
6003.0 1313.7997399219767
6142.0 598.1438361819834
18253.0 598.1438361819834
18451.0 539.2756882512601
21030.0 539.2756882512601
21159.0 946.3736263736264
22433.0 946.3736263736264
22550.0 1414.687306501548
27718.0 1414.687306501548
27826.0 754.8746987951807
37786.0 754.8746987951807
38116.0 577.790934320074
40278.0 577.790934320074
40421.0 492.33078101071976
43033.0 492.33078101071976
43204.0 804.4787472035795
44992.0 804.4787472035795
45139.0 1329.0723606168447
45982.0 1329.0723606168447
46037.0 1325.1544910179641
46872.0 1325.1544910179641
46945.0 650.7321911632101
51381.0 650.7321911632101
51480.0 624.0752980548002
56261.0 624.0752980548002
56378.0 929.7765284609978
57801.0 929.7765284609978
57933.0 1489.2271762208068
59817.0 1489.2271762208068
59931.0 830.7514558583741
68517.0 830.7514558583741
68640.0 1574.9892827699919
73492.0 1574.9892827699919
73622.0 1890.2143031486453
77719.0 1890.2143031486453
77826.0 1891.130340724716
81524.0 1891.130340724716
81624.0 1458.9374492282698
86548.0 1458.9374492282698
86666.0 761.449884429502
96184.0 761.449884429502
96254.0 868.2625298329356
97930.0 868.2625298329356
98056.0 975.0438596491229
98968.0 975.0438596491229
99052.0 1007.2459016393443
100272.0 1007.2459016393443
100349.0 1055.357048748353
103385.0 1055.357048748353
103414.0 2836.0074580484775
105023.0 2836.0074580484775
105126.0 943.7182054134223
113217.0 943.7182054134223
113391.0 1346.8700779912497
118648.0 1346.8700779912497
118755.0 1307.4399368587215
125090.0 1307.4399368587215
125223.0 903.9145468560731
134304.0 903.9145468560731
134427.0 1799.3136427566808
135138.0 1799.3136427566808
135226.0 1778.5135135135135
135818.0 1778.5135135135135
136116.0 1742.4819277108434
137776.0 1742.4819277108434
137823.0 1744.4472622478386
139558.0 1744.4472622478386
139625.0 1764.7882552230378
141396.0 1764.7882552230378
141525.0 816.6963967178024
149934.0 816.6963967178024
150041.0 1215.5410613697006
156787.0 1215.5410613697006
156942.0 1214.8800548320767
162778.0 1214.8800548320767
162835.0 1270.2601891098793
168969.0 1270.2601891098793
169029.0 1769.361623616236
173365.0 1769.361623616236
173428.0 1954.8424981338642
177447.0 1954.8424981338642
177521.0 1936.4335664335665
180953.0 1936.4335664335665
181023.0 1818.2749638205498
182405.0 1818.2749638205498
182526.0 1897.7126969416126
183605.0 1897.7126969416126
