19.0 2183.7957957957956
685.0 2183.7957957957956
724.0 2202.902654867257
1289.0 2202.902654867257
1428.0 2066.639175257732
2786.0 2066.639175257732
2826.0 1774.2691415313225
4550.0 1774.2691415313225
4630.0 1932.1521686455053
8757.0 1932.1521686455053
8820.0 2056.6315789473683
11936.0 2056.6315789473683
12023.0 2132.505151604357
15420.0 2132.505151604357
15523.0 2195.6252587991717
19387.0 2195.6252587991717
19523.0 2215.8700876908088
22602.0 2215.8700876908088
22719.0 2217.501971489233
26016.0 2217.501971489233
26116.0 2213.9434628975264
29512.0 2213.9434628975264
29619.0 2215.3407787503775
32932.0 2215.3407787503775
33207.0 2214.2087109032445
36628.0 2214.2087109032445
36718.0 2224.7469814864503
40445.0 2224.7469814864503
40519.0 2232.6929347826085
43463.0 2232.6929347826085
43520.0 2227.8612368024133
46835.0 2227.8612368024133
46918.0 2228.058772687986
50389.0 2228.058772687986
50526.0 2219.8345864661655
53718.0 2219.8345864661655
53819.0 2217.077441077441
57383.0 2217.077441077441
57418.0 2223.906108937707
60741.0 2223.906108937707
60820.0 2227.6177389131794
64022.0 2227.6177389131794
64306.0 2218.8873403019743
67750.0 2218.8873403019743
67818.0 2155.3598664069023
71411.0 2155.3598664069023
71526.0 2108.350919505577
74843.0 2108.350919505577
74921.0 2107.924882629108
78329.0 2107.924882629108
78418.0 2160.846750149076
81772.0 2160.846750149076
81819.0 2201.633946830266
85731.0 2201.633946830266
85825.0 2226.7165932452276
88549.0 2226.7165932452276
88617.0 2218.467502850627
92125.0 2218.467502850627
92219.0 2190.3726150392818
95783.0 2190.3726150392818
96011.0 2139.446417636252
99277.0 2139.446417636252
99321.0 2116.8904907125034
102928.0 2116.8904907125034
103018.0 2210.5825788323446
106221.0 2210.5825788323446
106317.0 2224.122448979592
110041.0 2224.122448979592
110119.0 2208.352972827549
113836.0 2208.352972827549
113920.0 2215.1762980346143
117329.0 2215.1762980346143
117423.0 2167.407281964437
124509.0 2167.407281964437
124622.0 2173.824623560673
132525.0 2173.824623560673
132618.0 2220.468262226847
140306.0 2220.468262226847
140419.0 2173.5612102797822
148318.0 2173.5612102797822
148419.0 2239.191392239974
151486.0 2239.191392239974
151517.0 2157.9052631578948
155317.0 2157.9052631578948
155422.0 2129.1411411411414
158752.0 2129.1411411411414
158823.0 2137.6614540466394
162468.0 2137.6614540466394
162522.0 2203.9505889112324
166003.0 2203.9505889112324
166119.0 2238.322507122507
169629.0 2238.322507122507
169718.0 2236.903399528778
172689.0 2236.903399528778
172820.0 2154.2984409799556
175963.0 2154.2984409799556
176210.0 2197.6146788990827
178390.0 2197.6146788990827
