31.0 1526.1364113326338
984.0 1526.1364113326338
1032.0 1538.4919653893696
1841.0 1538.4919653893696
1928.0 1534.7818930041153
2657.0 1534.7818930041153
2730.0 1538.930693069307
3538.0 1538.930693069307
3627.0 1529.2818713450292
4482.0 1529.2818713450292
4537.0 1516.069006543724
6218.0 1516.069006543724
6328.0 1511.0530262453133
8195.0 1511.0530262453133
8339.0 470.04798049753447
26388.0 470.04798049753447
26693.0 336.12489545581263
30280.0 336.12489545581263
30416.0 506.98861047835993
32611.0 506.98861047835993
32804.0 505.8938921087829
35047.0 505.8938921087829
35371.0 502.4875301689461
37857.0 502.4875301689461
38003.0 501.15666406858924
40569.0 501.15666406858924
40713.0 701.6624390243902
42763.0 701.6624390243902
42869.0 802.5845272206303
44265.0 802.5845272206303
44369.0 780.8400852878465
48121.0 780.8400852878465
48264.0 715.5433012583271
59072.0 715.5433012583271
59169.0 735.6092796092796
60807.0 735.6092796092796
60972.0 644.7719298245614
63024.0 644.7719298245614
63209.0 450.99959983993597
65708.0 450.99959983993597
66052.0 451.2944543828265
68847.0 451.2944543828265
69006.0 569.8525115781973
74620.0 569.8525115781973
74733.0 1370.3406478578893
75690.0 1370.3406478578893
76017.0 1299.8109640831758
78133.0 1299.8109640831758
78428.0 910.1492461674902
86321.0 910.1492461674902
86448.0 849.1482132396017
94983.0 849.1482132396017
95064.0 733.1022670025189
97049.0 733.1022670025189
97166.0 603.6931432450781
98639.0 603.6931432450781
98786.0 577.4624060150376
100914.0 577.4624060150376
101252.0 979.6483155299918
102469.0 979.6483155299918
102552.0 1019.4749199573106
105363.0 1019.4749199573106
105446.0 936.6996197718631
108865.0 936.6996197718631
108979.0 1054.5436498984886
113412.0 1054.5436498984886
113723.0 935.2565492321589
122579.0 935.2565492321589
122668.0 790.1265698103915
126729.0 790.1265698103915
126865.0 795.0975761342448
128474.0 795.0975761342448
128565.0 790.4504504504505
129897.0 790.4504504504505
130069.0 783.0213101815311
131336.0 783.0213101815311
131475.0 917.2643533123029
139400.0 917.2643533123029
139532.0 1378.6325925925926
144932.0 1378.6325925925926
145035.0 1785.1832596828697
148882.0 1785.1832596828697
148926.0 1846.0243133723548
153368.0 1846.0243133723548
153616.0 1902.3450496377784
157343.0 1902.3450496377784
157428.0 2039.731937172775
161248.0 2039.731937172775
161320.0 2152.6240179573515
164884.0 2152.6240179573515
164918.0 2322.3505764114693
168301.0 2322.3505764114693
168427.0 2340.0845070422533
171267.0 2340.0845070422533
171325.0 2384.1408450704225
174165.0 2384.1408450704225
174224.0 2343.8356164383563
176268.0 2343.8356164383563
