50.0 940.7554980595085
1596.0 940.7554980595085
1751.0 947.2146118721461
3065.0 947.2146118721461
3143.0 946.5786802030457
4325.0 946.5786802030457
4454.0 947.7560975609756
5766.0 947.7560975609756
5844.0 939.3218390804598
7236.0 939.3218390804598
7353.0 948.649765258216
8418.0 948.649765258216
8548.0 944.8073959938366
9846.0 944.8073959938366
9962.0 925.4822733718773
19129.0 925.4822733718773
19257.0 641.8310442144873
29887.0 641.8310442144873
30075.0 866.023346303502
31360.0 866.023346303502
31460.0 862.9049429657795
32775.0 862.9049429657795
33032.0 908.4974545454545
34407.0 908.4974545454545
34554.0 833.9610894941634
36096.0 833.9610894941634
36260.0 802.2353597322923
38053.0 802.2353597322923
38173.0 801.8055307760927
41536.0 801.8055307760927
41655.0 710.5777346592287
45778.0 710.5777346592287
45862.0 692.1679047704287
57035.0 692.1679047704287
57154.0 908.6938159879336
58480.0 908.6938159879336
58547.0 906.8348183687457
60006.0 906.8348183687457
60156.0 569.9113133338475
73123.0 569.9113133338475
73427.0 795.3139974779319
75013.0 795.3139974779319
75166.0 769.345521023766
76807.0 769.345521023766
76973.0 733.864577504197
78760.0 733.864577504197
78859.0 662.9067245119306
83008.0 662.9067245119306
83206.0 447.7797822706065
89636.0 447.7797822706065
89822.0 618.5354093420392
91813.0 618.5354093420392
91952.0 879.8113663845223
93606.0 879.8113663845223
93759.0 856.8175858079445
96352.0 856.8175858079445
96468.0 736.2732174955063
98137.0 736.2732174955063
98436.0 737.3110698824985
100053.0 737.3110698824985
100170.0 815.9075198505371
108734.0 815.9075198505371
108847.0 587.7626048803018
121838.0 587.7626048803018
122022.0 451.2144257154057
124573.0 451.2144257154057
124706.0 451.50276243093924
127602.0 451.50276243093924
127814.0 666.9567642956764
129965.0 666.9567642956764
130069.0 699.8424507658643
131897.0 699.8424507658643
132071.0 703.7967914438502
133567.0 703.7967914438502
133671.0 545.4497454271167
138974.0 545.4497454271167
139104.0 614.0426049908704
144033.0 614.0426049908704
144184.0 726.8465116279069
148484.0 726.8465116279069
148680.0 614.9319480519481
150605.0 614.9319480519481
150783.0 611.0693723454459
152902.0 611.0693723454459
153079.0 617.2582359192348
154961.0 617.2582359192348
155079.0 501.8187113214416
157826.0 501.8187113214416
158016.0 433.9173463839043
165372.0 433.9173463839043
165669.0 307.8698328935796
175902.0 307.8698328935796
176190.0 309.52616769836806
179744.0 309.52616769836806
179982.0 330.4387861876526
182849.0 330.4387861876526
183175.0 394.4488361879666
185452.0 394.4488361879666
