28.0 1500.937048503612
997.0 1500.937048503612
1135.0 1514.1605839416059
1957.0 1514.1605839416059
2030.0 1507.8921832884098
2772.0 1507.8921832884098
2836.0 1457.744431418523
3689.0 1457.744431418523
3831.0 1367.7154811715482
4787.0 1367.7154811715482
4841.0 1383.557003257329
6683.0 1383.557003257329
6742.0 1681.9410262363594
11049.0 1681.9410262363594
11130.0 1362.4371286333708
17357.0 1362.4371286333708
17426.0 2032.3693774203157
20783.0 2032.3693774203157
20810.0 3905.5042735042734
22682.0 3905.5042735042734
22744.0 1491.480261852807
27785.0 1491.480261852807
27821.0 2116.327566320646
31289.0 2116.327566320646
31416.0 1437.890660592255
36684.0 1437.890660592255
36745.0 1351.7495924356049
42879.0 1351.7495924356049
43115.0 2471.070676691729
45775.0 2471.070676691729
45810.0 3152.09560392659
48153.0 3152.09560392659
48214.0 2905.1810668670173
50876.0 2905.1810668670173
50914.0 3094.1973799126636
53204.0 3094.1973799126636
53310.0 2860.848660391021
56072.0 2860.848660391021
56112.0 1471.2402946446348
61135.0 1471.2402946446348
61250.0 1531.9656357388317
65906.0 1531.9656357388317
66030.0 1821.7472283813747
68736.0 1821.7472283813747
68827.0 1817.8892018779343
73087.0 1817.8892018779343
73415.0 1397.8412952228664
78418.0 1397.8412952228664
78537.0 1542.2516101331044
83195.0 1542.2516101331044
83322.0 1756.9648484848485
87447.0 1756.9648484848485
87531.0 1529.2599431818182
93163.0 1529.2599431818182
93227.0 1603.3772138514407
97010.0 1603.3772138514407
97135.0 1203.9579207920792
103599.0 1203.9579207920792
103740.0 1332.620006828269
109598.0 1332.620006828269
109731.0 1822.0161668839635
113566.0 1822.0161668839635
113635.0 1363.6339653751031
117274.0 1363.6339653751031
117512.0 1695.521072796935
121688.0 1695.521072796935
121825.0 1772.8236301369864
126497.0 1772.8236301369864
126620.0 2772.1004016064257
128612.0 2772.1004016064257
128729.0 1495.0576123539893
133780.0 1495.0576123539893
133835.0 1493.0097286226319
137741.0 1493.0097286226319
137828.0 2361.9679144385027
141007.0 2361.9679144385027
141110.0 1950.448081566944
144837.0 1950.448081566944
144939.0 1552.255212677231
149735.0 1552.255212677231
149817.0 2276.3009612197548
152834.0 2276.3009612197548
153107.0 2752.614971466935
156086.0 2752.614971466935
156119.0 2841.699398797595
158614.0 2841.699398797595
158713.0 1364.1064425770307
164425.0 1364.1064425770307
164530.0 2274.5188259709457
167903.0 2274.5188259709457
168012.0 1621.5711042311661
172857.0 1621.5711042311661
172929.0 1602.9522431259045
177075.0 1602.9522431259045
177125.0 1345.3129346314327
182158.0 1345.3129346314327
182240.0 1131.7741554453107
186473.0 1131.7741554453107
