7.0 6764.688372093024
222.0 6764.688372093024
307.0 6801.311475409836
490.0 6801.311475409836
606.0 6637.209829867675
1664.0 6637.209829867675
1704.0 6624.851818988465
2831.0 6624.851818988465
2907.0 6626.278931750742
5603.0 6626.278931750742
5706.0 5091.117666338905
8757.0 5091.117666338905
8812.0 5205.150784077201
12128.0 5205.150784077201
12205.0 5166.772701635646
15751.0 5166.772701635646
15807.0 5037.9142156862745
19071.0 5037.9142156862745
19112.0 4060.273280299485
23386.0 4060.273280299485
23506.0 4230.699756690998
27616.0 4230.699756690998
27709.0 4068.6057087566523
31843.0 4068.6057087566523
32103.0 2978.2146588037067
38038.0 2978.2146588037067
38113.0 4877.547695605574
41845.0 4877.547695605574
41904.0 4921.2245398773
45164.0 4921.2245398773
45210.0 4428.977366255144
49098.0 4428.977366255144
49208.0 4721.00824742268
53088.0 4721.00824742268
53214.0 4356.450555261767
56996.0 4356.450555261767
57111.0 3645.016003282725
61985.0 3645.016003282725
62108.0 5217.366797701845
65415.0 5217.366797701845
65511.0 4502.810154525387
69135.0 4502.810154525387
69400.0 3995.3538320330426
73758.0 3995.3538320330426
73813.0 5017.517786561265
77355.0 5017.517786561265
77410.0 4863.9500297442
80772.0 4863.9500297442
80816.0 3612.2899029527152
85659.0 3612.2899029527152
85707.0 5450.436245954693
88797.0 5450.436245954693
88910.0 4842.017180394138
92868.0 4842.017180394138
92912.0 3854.479354996335
97005.0 3854.479354996335
97112.0 4485.661150512215
100919.0 4485.661150512215
101007.0 4566.90055394355
104798.0 4566.90055394355
105102.0 4150.636876994844
109175.0 4150.636876994844
109213.0 4369.993896236012
113145.0 4369.993896236012
113209.0 4139.960321209259
117443.0 4139.960321209259
117511.0 4338.175954470003
121728.0 4338.175954470003
121806.0 5494.730952380953
125166.0 5494.730952380953
125210.0 5420.8546144121365
128374.0 5420.8546144121365
128405.0 4652.604665252954
131706.0 4652.604665252954
131809.0 4504.3880440482435
135623.0 4504.3880440482435
135712.0 4588.967741935484
139432.0 4588.967741935484
139702.0 4236.111522329139
143755.0 4236.111522329139
143813.0 3963.3289473684213
148069.0 3963.3289473684213
148113.0 4854.602222222222
151713.0 4854.602222222222
151807.0 5136.285627836612
155112.0 5136.285627836612
155212.0 3952.0961709706144
159704.0 3952.0961709706144
159812.0 5115.738790249774
163135.0 5115.738790249774
163210.0 4228.717176470588
167460.0 4228.717176470588
167512.0 4643.125184965967
170891.0 4643.125184965967
171012.0 4691.182585034014
174687.0 4691.182585034014
175000.0 4719.861728395062
177430.0 4719.861728395062
