9.0 5659.175097276265
266.0 5659.175097276265
312.0 5530.889425398358
2383.0 5530.889425398358
2506.0 4981.782671134514
4595.0 4981.782671134514
4707.0 5480.958990536277
6926.0 5480.958990536277
7009.0 5144.307423580786
9299.0 5144.307423580786
9409.0 5438.134369794559
11210.0 5438.134369794559
11310.0 5311.919655667145
13401.0 5311.919655667145
13509.0 5210.7122416534185
16025.0 5210.7122416534185
16111.0 4825.044600938967
19519.0 4825.044600938967
19607.0 4626.395094641429
23358.0 4626.395094641429
23409.0 4595.183932346723
27193.0 4595.183932346723
27310.0 4614.43511659808
30955.0 4614.43511659808
31009.0 4617.477533960293
34837.0 4617.477533960293
34910.0 4494.56987654321
38960.0 4494.56987654321
39008.0 4718.585882352942
42408.0 4718.585882352942
42509.0 3963.144764096663
46854.0 3963.144764096663
47102.0 4045.3869257950532
51630.0 4045.3869257950532
51713.0 4346.108150883671
55504.0 4346.108150883671
55607.0 3838.7657735522903
60235.0 3838.7657735522903
60311.0 4319.93790686029
64305.0 4319.93790686029
64407.0 4622.715014164306
67937.0 4622.715014164306
68012.0 5146.837718001773
71395.0 5146.837718001773
71510.0 5028.876061120543
75044.0 5028.876061120543
75113.0 5278.43770174306
78211.0 5278.43770174306
78310.0 5372.948402948403
81566.0 5372.948402948403
81800.0 5228.763737969574
85021.0 5228.763737969574
85110.0 5302.906474820144
88724.0 5302.906474820144
88807.0 5535.573333333334
91657.0 5535.573333333334
91709.0 4664.548484020759
95370.0 4664.548484020759
95411.0 4705.930959499864
99090.0 4705.930959499864
99209.0 5049.445639187575
102557.0 5049.445639187575
102609.0 5135.330543933054
105955.0 5135.330543933054
106010.0 4387.632540675845
110005.0 4387.632540675845
110112.0 4623.221632549911
114069.0 4623.221632549911
114301.0 4118.29043051528
118784.0 4118.29043051528
118910.0 4508.828601472134
122714.0 4508.828601472134
122811.0 4849.462582886012
125978.0 4849.462582886012
126011.0 5194.960991835501
129318.0 5194.960991835501
129412.0 5073.093610698365
132777.0 5073.093610698365
132912.0 5042.279001468429
136317.0 5042.279001468429
136410.0 5036.705882352941
139759.0 5036.705882352941
139811.0 5073.024092888244
143256.0 5073.024092888244
143312.0 4546.176754151044
147046.0 4546.176754151044
147302.0 4729.039957378796
151056.0 4729.039957378796
151113.0 4986.682311528308
154522.0 4986.682311528308
154612.0 4788.71516120437
158365.0 4788.71516120437
158409.0 4158.261330506229
162182.0 4158.261330506229
162312.0 4550.038532594352
166101.0 4550.038532594352
166212.0 4687.071516142215
168659.0 4687.071516142215
