33.0 1402.5149469623916
1070.0 1402.5149469623916
1130.0 1414.3636363636363
2010.0 1414.3636363636363
2131.0 1410.9155107187894
2924.0 1410.9155107187894
3037.0 1416.236902050114
3915.0 1416.236902050114
4036.0 1404.4425349087003
4967.0 1404.4425349087003
5045.0 1384.4165046446317
9674.0 1384.4165046446317
9733.0 1313.7685890460646
15247.0 1313.7685890460646
15356.0 968.7024434802466
24114.0 968.7024434802466
24247.0 1180.881488736533
25268.0 1180.881488736533
25342.0 1188.931623931624
26278.0 1188.931623931624
26342.0 1185.705329153605
27299.0 1185.705329153605
27623.0 1176.256120527307
28685.0 1176.256120527307
28747.0 2314.2984244670993
30905.0 2314.2984244670993
31207.0 2728.4080289568938
34246.0 2728.4080289568938
34319.0 2734.2129783693845
36723.0 2734.2129783693845
36813.0 2730.2624768946393
39518.0 2730.2624768946393
39612.0 2727.898412698413
42447.0 2727.898412698413
42515.0 2617.5515330624307
45222.0 2617.5515330624307
45404.0 1047.3887513264945
62366.0 1047.3887513264945
62425.0 1672.7116342236307
66843.0 1672.7116342236307
66926.0 1161.5098518156651
73067.0 1161.5098518156651
73121.0 1582.8185584092791
77949.0 1582.8185584092791
78220.0 1169.643256305694
84841.0 1169.643256305694
84989.0 726.2740955901769
88776.0 726.2740955901769
88875.0 868.5441930618401
92190.0 868.5441930618401
92356.0 1068.448821667253
95199.0 1068.448821667253
95329.0 1462.5367110347788
97658.0 1462.5367110347788
97731.0 909.4261154318461
100174.0 909.4261154318461
100274.0 730.3164614683083
104660.0 730.3164614683083
104746.0 982.878812860676
105959.0 982.878812860676
106046.0 980.0529182879377
107331.0 980.0529182879377
107448.0 1043.8309859154929
108655.0 1043.8309859154929
108743.0 1362.6820631254811
113939.0 1362.6820631254811
114029.0 1939.7264637002343
118299.0 1939.7264637002343
118437.0 1222.0407920202472
125154.0 1222.0407920202472
125249.0 1104.5101652771684
132086.0 1104.5101652771684
132145.0 1295.3567303420703
136647.0 1295.3567303420703
136731.0 1348.0603231597845
142301.0 1348.0603231597845
142439.0 1302.5120946067013
148020.0 1302.5120946067013
148126.0 1682.1528525296017
149984.0 1682.1528525296017
150026.0 1682.3664029214851
151669.0 1682.3664029214851
151725.0 1873.3495736906211
153367.0 1873.3495736906211
153422.0 1996.4748490945674
154913.0 1996.4748490945674
155021.0 1677.093413689195
159667.0 1677.093413689195
159726.0 1626.4473182107272
164443.0 1626.4473182107272
164525.0 1790.453965360073
168913.0 1790.453965360073
169024.0 1893.4017094017095
172534.0 1893.4017094017095
172631.0 1457.0604691198623
177278.0 1457.0604691198623
177334.0 1458.830694275274
180618.0 1458.830694275274
