53.0 731.961751383996
2040.0 731.961751383996
2171.0 737.345971563981
3859.0 737.345971563981
3974.0 739.4950429610046
5487.0 739.4950429610046
5570.0 737.0812092471843
7257.0 737.0812092471843
7373.0 731.2841163310962
9161.0 731.2841163310962
9259.0 740.6979472140763
10623.0 740.6979472140763
10772.0 733.9078396169958
12443.0 733.9078396169958
12574.0 731.2260778128286
14476.0 731.2260778128286
14590.0 725.0457073760581
18725.0 725.0457073760581
18883.0 688.752143193594
29498.0 688.752143193594
29635.0 1402.620519159456
30444.0 1402.620519159456
30531.0 1382.7098976109214
32875.0 1382.7098976109214
32929.0 1068.228458609505
40020.0 1068.228458609505
40133.0 1475.1168831168832
45754.0 1475.1168831168832
45830.0 1612.2266372332597
49907.0 1612.2266372332597
50027.0 1656.2816775061674
54486.0 1656.2816775061674
54527.0 1177.8239415169053
61093.0 1177.8239415169053
61435.0 776.6014905743095
70559.0 776.6014905743095
70644.0 964.3381924198251
72016.0 964.3381924198251
72154.0 966.5934819897084
73320.0 966.5934819897084
73446.0 968.0491174213354
74749.0 968.0491174213354
74828.0 1808.4522328999435
76597.0 1808.4522328999435
76723.0 1804.053872053872
78505.0 1804.053872053872
78624.0 1266.461427019196
84146.0 1266.461427019196
84262.0 757.9455581346275
93740.0 757.9455581346275
93854.0 1010.2575881870386
95073.0 1010.2575881870386
95326.0 1004.2843340234645
96775.0 1004.2843340234645
96903.0 498.59245960502693
101359.0 498.59245960502693
101502.0 501.15823817292005
103954.0 501.15823817292005
104097.0 504.9690808979246
106458.0 504.9690808979246
106600.0 645.7287066246057
111038.0 645.7287066246057
111173.0 707.4138124649073
112954.0 707.4138124649073
113072.0 907.0116492949111
116334.0 907.0116492949111
116424.0 1733.1307804980122
121203.0 1733.1307804980122
121330.0 1149.481585212155
128471.0 1149.481585212155
128555.0 763.166851945427
138450.0 763.166851945427
138521.0 2028.670520231214
139040.0 2028.670520231214
139125.0 1983.8957475994514
140583.0 1983.8957475994514
140808.0 2103.277275886032
142247.0 2103.277275886032
142321.0 2284.904229460379
144378.0 2284.904229460379
144420.0 1264.2857142857142
149852.0 1264.2857142857142
150145.0 1034.5748170577845
158071.0 1034.5748170577845
158130.0 720.5325203252032
167970.0 720.5325203252032
168098.0 549.913425345044
174474.0 549.913425345044
174755.0 548.5221674876848
177191.0 548.5221674876848
177387.0 834.2097719869707
178922.0 834.2097719869707
179051.0 952.4294372294372
180206.0 952.4294372294372
180348.0 947.368
181348.0 947.368
181451.0 938.4197983501375
183633.0 938.4197983501375
