9.0 3941.4850948509484
378.0 3941.4850948509484
412.0 3963.8216560509554
726.0 3963.8216560509554
812.0 3967.574468085106
1094.0 3967.574468085106
1212.0 3896.611464968153
1997.0 3896.611464968153
2111.0 3901.0521327014217
2955.0 3901.0521327014217
3013.0 3879.2154963680387
4665.0 3879.2154963680387
4710.0 3777.6931494856644
9279.0 3777.6931494856644
9309.0 3749.7699549733934
14195.0 3749.7699549733934
14313.0 3518.132648694908
18987.0 3518.132648694908
19112.0 3536.5005094762582
24019.0 3536.5005094762582
24108.0 3566.0738310090237
28984.0 3566.0738310090237
29112.0 3558.9538721963604
33838.0 3558.9538721963604
33914.0 3471.951286584168
39005.0 3471.951286584168
39113.0 3628.9888357256777
44129.0 3628.9888357256777
44403.0 3484.6203301476976
49007.0 3484.6203301476976
49109.0 3583.7386056191467
53914.0 3583.7386056191467
54013.0 3475.8087286527516
59283.0 3475.8087286527516
59413.0 3421.396426846934
61484.0 3421.396426846934
61513.0 3423.5979202772965
63821.0 3423.5979202772965
63909.0 3580.4457364341083
65973.0 3580.4457364341083
66011.0 3580.738955823293
68003.0 3580.738955823293
68113.0 3575.970051474029
70250.0 3575.970051474029
70313.0 3575.3499538319484
72479.0 3575.3499538319484
72514.0 3546.348884381339
74486.0 3546.348884381339
74512.0 3540.5657959586
76541.0 3540.5657959586
76613.0 3562.9041675481276
81340.0 3562.9041675481276
81414.0 3538.5347119645494
86830.0 3538.5347119645494
86908.0 3599.4487793748576
91291.0 3599.4487793748576
91415.0 3460.36717325228
96350.0 3460.36717325228
96411.0 3531.8482252141985
101313.0 3531.8482252141985
101414.0 3326.5533254624165
106496.0 3326.5533254624165
106614.0 3437.93837535014
111612.0 3437.93837535014
111714.0 3380.6349083895852
116899.0 3380.6349083895852
117202.0 3713.781567194478
122128.0 3713.781567194478
122212.0 3584.911844660194
127362.0 3584.911844660194
127416.0 2859.0738456409404
133415.0 2859.0738456409404
133513.0 3746.8280068309346
137612.0 3746.8280068309346
137712.0 3798.305549414106
142235.0 3798.305549414106
142310.0 3713.500108766587
146907.0 3713.500108766587
147015.0 3613.8912621359223
149075.0 3613.8912621359223
149112.0 3595.6020942408377
151022.0 3595.6020942408377
151114.0 3612.352422907489
153384.0 3612.352422907489
153412.0 3641.5202876219823
155359.0 3641.5202876219823
155414.0 3646.128217126813
157551.0 3646.128217126813
157612.0 3586.700327255727
159751.0 3586.700327255727
159809.0 3778.986050986051
161888.0 3778.986050986051
162010.0 3850.0907975460123
166085.0 3850.0907975460123
166210.0 3466.042621632489
171184.0 3466.042621632489
171314.0 3665.4726749760307
174443.0 3665.4726749760307
