9.0 4896.996632996633
306.0 4896.996632996633
410.0 4820.12084592145
1072.0 4820.12084592145
1113.0 4830.457831325301
1694.0 4830.457831325301
1816.0 4810.701030927835
3368.0 4810.701030927835
3408.0 2745.8650137741047
6312.0 2745.8650137741047
6417.0 2631.81273100616
8852.0 2631.81273100616
8917.0 2722.3299511461855
11578.0 2722.3299511461855
11616.0 2416.3759612645968
15127.0 2416.3759612645968
15214.0 2559.138784696174
17880.0 2559.138784696174
17921.0 2548.310909724643
20790.0 2548.310909724643
20919.0 2648.3099682986967
23758.0 2648.3099682986967
24005.0 2598.0261946902656
26830.0 2598.0261946902656
26920.0 2499.1118442758166
29951.0 2499.1118442758166
30020.0 2548.1352181929933
33274.0 2548.1352181929933
33318.0 2554.6241741158183
35891.0 2554.6241741158183
36017.0 2547.554329078993
38916.0 2547.554329078993
39019.0 2514.989268292683
42094.0 2514.989268292683
42221.0 2514.4471256210077
45039.0 2514.4471256210077
45119.0 2540.727974276527
48229.0 2540.727974276527
48317.0 2782.394578313253
50973.0 2782.394578313253
51021.0 2706.1665008291875
57051.0 2706.1665008291875
57121.0 2388.7710248319386
64410.0 2388.7710248319386
64523.0 2479.013530478449
71692.0 2479.013530478449
71817.0 2512.306037793824
78326.0 2512.306037793824
78421.0 2526.840661273303
81264.0 2526.840661273303
81318.0 2490.5429553264603
84228.0 2490.5429553264603
84319.0 2332.8255687973997
88011.0 2332.8255687973997
88121.0 2334.7097767513474
90719.0 2334.7097767513474
90819.0 2393.8431251922484
94070.0 2393.8431251922484
94118.0 2849.083211678832
96858.0 2849.083211678832
96916.0 2853.177623519804
99365.0 2853.177623519804
99417.0 2668.865431667249
102278.0 2668.865431667249
102509.0 2369.6439089692103
105497.0 2369.6439089692103
105623.0 2367.1426121749073
109122.0 2367.1426121749073
109220.0 2316.8072255151
112763.0 2316.8072255151
112825.0 2251.5014907573045
116179.0 2251.5014907573045
116321.0 2249.882716049383
118913.0 2249.882716049383
119023.0 2226.7781731909845
122395.0 2226.7781731909845
122523.0 2130.5158264947245
125935.0 2130.5158264947245
126023.0 2205.812148148148
129398.0 2205.812148148148
129522.0 2496.401308615049
132273.0 2496.401308615049
132505.0 3223.2861635220124
135049.0 3223.2861635220124
135115.0 2466.641092705609
141997.0 2466.641092705609
142122.0 2498.28539262595
149228.0 2498.28539262595
149323.0 2511.7612293144207
156091.0 2511.7612293144207
156220.0 2523.809577306558
163341.0 2523.809577306558
163423.0 2534.181876918107
169614.0 2534.181876918107
169723.0 2410.865053838624
176874.0 2410.865053838624
176924.0 2449.650576676634
181606.0 2449.650576676634
