20.0 2141.9852724594994
699.0 2141.9852724594994
828.0 2172.1465968586385
1401.0 2172.1465968586385
1523.0 2172.535922330097
2038.0 2172.535922330097
2124.0 1949.910681640115
5953.0 1949.910681640115
6030.0 1607.9838677152652
10989.0 1607.9838677152652
11126.0 1686.8818110028956
14925.0 1686.8818110028956
15024.0 1734.7030651340997
19200.0 1734.7030651340997
19327.0 1749.256907216495
24177.0 1749.256907216495
24229.0 1781.3808674985146
25912.0 1781.3808674985146
26028.0 1800.7119741100323
26646.0 1800.7119741100323
26722.0 1781.3500784929356
27359.0 1781.3500784929356
27428.0 1739.7058507783145
29291.0 1739.7058507783145
29428.0 1712.9823609226594
33850.0 1712.9823609226594
33928.0 1685.291056910569
38848.0 1685.291056910569
38928.0 1780.831211053915
42619.0 1780.831211053915
42733.0 1537.3355537052457
47537.0 1537.3355537052457
47626.0 1626.0706476030277
52382.0 1626.0706476030277
52427.0 1425.983497685651
57396.0 1425.983497685651
57529.0 1726.3849683198603
62106.0 1726.3849683198603
62227.0 1633.1580110497237
66752.0 1633.1580110497237
67012.0 1668.4987134502924
71287.0 1668.4987134502924
71428.0 1590.3950052029136
76233.0 1590.3950052029136
76329.0 1311.2441584828987
82235.0 1311.2441584828987
82413.0 622.5209186398433
93647.0 622.5209186398433
93726.0 1655.8984485190408
94435.0 1655.8984485190408
94530.0 1673.2391304347825
95266.0 1673.2391304347825
95331.0 1670.7324913892078
96202.0 1670.7324913892078
96324.0 1660.4843049327353
97662.0 1660.4843049327353
97735.0 1392.6817391304348
100035.0 1392.6817391304348
100134.0 1469.754128440367
102314.0 1469.754128440367
102423.0 1833.0094438614901
106235.0 1833.0094438614901
106328.0 1646.6732801380203
110965.0 1646.6732801380203
111029.0 1613.2367281840966
115418.0 1613.2367281840966
115528.0 1654.2105052925904
120535.0 1654.2105052925904
120630.0 1707.2479201331114
125438.0 1707.2479201331114
125526.0 1748.0407407407408
129846.0 1748.0407407407408
129926.0 1804.9198390591148
133157.0 1804.9198390591148
133228.0 1661.2159292035399
137748.0 1661.2159292035399
138017.0 1525.5655823714585
142782.0 1525.5655823714585
142832.0 1578.9217391304348
147547.0 1578.9217391304348
147637.0 1729.0030211480362
151609.0 1729.0030211480362
151727.0 1627.6379515680826
156765.0 1627.6379515680826
156828.0 1523.7567160971416
161481.0 1523.7567160971416
161533.0 1540.4855674179519
166591.0 1540.4855674179519
166731.0 1628.8645435244161
171441.0 1628.8645435244161
171529.0 1669.1123858083706
176236.0 1669.1123858083706
176329.0 1555.3100865902177
180602.0 1555.3100865902177
180913.0 1673.4948096885814
184959.0 1673.4948096885814
185028.0 1700.6744763933261
187845.0 1700.6744763933261
