8.0 4880.563758389262
306.0 4880.563758389262
409.0 4919.525691699605
662.0 4919.525691699605
709.0 4805.643835616438
1293.0 4805.643835616438
1407.0 4809.496855345912
2043.0 4809.496855345912
2110.0 4797.829121540313
3772.0 4797.829121540313
3810.0 4789.700894233734
7053.0 4789.700894233734
7108.0 4790.5301137940605
10711.0 4790.5301137940605
10807.0 4786.1483803552765
14635.0 4786.1483803552765
14708.0 4763.543453070683
18160.0 4763.543453070683
18208.0 4623.92965627498
21961.0 4623.92965627498
22008.0 4810.007192254495
25623.0 4810.007192254495
25707.0 4844.359447004608
29179.0 4844.359447004608
29207.0 4817.580812210412
32876.0 4817.580812210412
33100.0 4806.709268550304
36887.0 4806.709268550304
37008.0 4811.995200959808
40342.0 4811.995200959808
40410.0 4801.969882877858
43996.0 4801.969882877858
44108.0 4800.186582809224
47924.0 4800.186582809224
48011.0 4784.0
51455.0 4784.0
51509.0 4778.323830016137
55227.0 4778.323830016137
55308.0 4703.880043620502
58976.0 4703.880043620502
59009.0 4654.359383913292
62515.0 4654.359383913292
62608.0 4671.787496646096
66335.0 4671.787496646096
66601.0 4763.347091932458
70332.0 4763.347091932458
70407.0 4767.521865889213
73837.0 4767.521865889213
73909.0 4702.774193548387
77629.0 4702.774193548387
77708.0 4701.800111669459
81290.0 4701.800111669459
81408.0 4781.612774451098
85416.0 4781.612774451098
85508.0 4787.97693474962
88803.0 4787.97693474962
88908.0 4776.758601398601
92483.0 4776.758601398601
92608.0 4776.033103448276
96233.0 4776.033103448276
96308.0 4785.039343334277
99841.0 4785.039343334277
100100.0 4787.633324045695
103689.0 4787.633324045695
103808.0 4807.622600109709
107454.0 4807.622600109709
107509.0 4821.847127042699
111303.0 4821.847127042699
111408.0 4802.886576482831
115252.0 4802.886576482831
115307.0 4772.282693377852
118901.0 4772.282693377852
119009.0 4777.060031104199
122224.0 4777.060031104199
122309.0 4789.444103707834
125896.0 4789.444103707834
126008.0 4792.521055586749
129570.0 4792.521055586749
129608.0 4754.627527000831
133219.0 4754.627527000831
133499.0 4751.529014084507
137049.0 4751.529014084507
137107.0 4347.404975124378
141127.0 4347.404975124378
141211.0 4271.6215400100655
145185.0 4271.6215400100655
145309.0 4614.716922277099
149156.0 4614.716922277099
149208.0 4825.319330116378
152731.0 4825.319330116378
152808.0 4823.415995705851
156534.0 4823.415995705851
156608.0 4822.96956655395
159861.0 4822.96956655395
159909.0 4817.014808605756
163488.0 4817.014808605756
163608.0 4778.86
166008.0 4778.86
