37.0 1119.6366435719785
1336.0 1119.6366435719785
1445.0 1133.551912568306
2543.0 1133.551912568306
2640.0 1130.1575757575758
3630.0 1130.1575757575758
3738.0 1133.5059252506837
4835.0 1133.5059252506837
4943.0 1124.2785898538264
6106.0 1124.2785898538264
6251.0 1136.4589426321709
7140.0 1136.4589426321709
7263.0 874.6824438541415
15545.0 874.6824438541415
15668.0 761.0240401865806
26816.0 761.0240401865806
26945.0 1107.1441689623507
28034.0 1107.1441689623507
28143.0 1111.7282717282717
29144.0 1111.7282717282717
29243.0 1071.5014164305949
30302.0 1071.5014164305949
30645.0 673.051724137931
32501.0 673.051724137931
32700.0 665.6920094766315
37343.0 665.6920094766315
37469.0 712.5839655525938
42346.0 712.5839655525938
42456.0 873.4927113702624
45543.0 873.4927113702624
45653.0 891.7362955807776
53935.0 891.7362955807776
54052.0 921.3686562400255
57185.0 921.3686562400255
57255.0 936.2299922299923
58542.0 936.2299922299923
58659.0 933.0550070521862
60077.0 933.0550070521862
60155.0 922.6254521538967
63196.0 922.6254521538967
63533.0 919.3505798394291
66896.0 919.3505798394291
67052.0 906.5321620855766
70581.0 906.5321620855766
70660.0 888.097247706422
79380.0 888.097247706422
79635.0 892.5845564773452
87470.0 892.5845564773452
87562.0 871.9271756281103
95801.0 871.9271756281103
95957.0 846.9766162310866
97411.0 846.9766162310866
97555.0 843.1100811123986
99281.0 843.1100811123986
99354.0 853.3973128598849
100396.0 853.3973128598849
100555.0 923.9398496240601
101885.0 923.9398496240601
102129.0 987.0807147258164
105375.0 987.0807147258164
105448.0 995.3956234803751
108327.0 995.3956234803751
108448.0 744.6241134751773
110140.0 744.6241134751773
110326.0 502.8606378331149
112615.0 502.8606378331149
112949.0 499.44690603514135
115567.0 499.44690603514135
115710.0 471.4789201608271
133120.0 471.4789201608271
133346.0 456.7340235630132
136147.0 456.7340235630132
136322.0 458.7712418300654
138617.0 458.7712418300654
138803.0 458.6629680998613
140966.0 458.6629680998613
141125.0 463.46666666666664
143615.0 463.46666666666664
143796.0 538.5673249551166
146024.0 538.5673249551166
146204.0 532.3821263482281
151396.0 532.3821263482281
151600.0 537.5076795350768
154009.0 537.5076795350768
154355.0 543.8576779026217
156491.0 543.8576779026217
156694.0 573.4176372712146
159098.0 573.4176372712146
159286.0 648.6407766990292
161346.0 648.6407766990292
161477.0 682.1665364244161
172994.0 682.1665364244161
173157.0 943.4442538593482
174323.0 943.4442538593482
174451.0 947.368
175451.0 947.368
175734.0 938.8500687757909
177915.0 938.8500687757909
