8.0 4896.996632996633
305.0 4896.996632996633
409.0 4849.422492401216
1067.0 4849.422492401216
1116.0 4137.949900596422
3631.0 4137.949900596422
3746.0 2066.8359636537543
12110.0 2066.8359636537543
12214.0 3818.9616858237546
14302.0 3818.9616858237546
14408.0 5820.584922797457
15509.0 5820.584922797457
15607.0 2935.2188006482984
18075.0 2935.2188006482984
18126.0 1517.963141885847
23715.0 1517.963141885847
23835.0 2253.1915455746366
26863.0 2253.1915455746366
26915.0 2647.9913074972837
29676.0 2647.9913074972837
29718.0 4592.884544899206
31355.0 4592.884544899206
31409.0 5444.676557863501
32757.0 5444.676557863501
33001.0 5445.584471603163
34392.0 5445.584471603163
34509.0 2743.756452680344
37531.0 2743.756452680344
37614.0 2544.734030197445
40197.0 2544.734030197445
40313.0 2540.5435156518747
43220.0 2540.5435156518747
43313.0 2543.108188096021
46354.0 2543.108188096021
46414.0 2547.900755124056
49195.0 2547.900755124056
49316.0 2811.9800711743774
52126.0 2811.9800711743774
52209.0 4441.129807692308
53873.0 4441.129807692308
53908.0 4439.114254624592
57584.0 4439.114254624592
57709.0 4122.100378787879
61933.0 4122.100378787879
62012.0 3840.944024205749
66639.0 3840.944024205749
66712.0 3793.226629552308
71023.0 3793.226629552308
71113.0 3570.269387755102
76013.0 3570.269387755102
76109.0 3251.3220077220076
81289.0 3251.3220077220076
81417.0 3445.6497662711254
86979.0 3445.6497662711254
87010.0 4128.862601413242
90831.0 4128.862601413242
91103.0 2262.741751689413
98650.0 2262.741751689413
98727.0 3825.2585064074237
103253.0 3825.2585064074237
103311.0 4776.9268154846
106850.0 4776.9268154846
106910.0 3586.4779795449804
111701.0 3586.4779795449804
111823.0 3051.1039164490862
117568.0 3051.1039164490862
117613.0 4084.413485152936
122092.0 4084.413485152936
122208.0 4709.769387755102
126128.0 4709.769387755102
126214.0 3624.595097210482
130946.0 3624.595097210482
131015.0 3080.274368231047
136001.0 3080.274368231047
136301.0 5338.63766314481
139519.0 5338.63766314481
139610.0 5334.675
142810.0 5334.675
142909.0 3369.766437684004
148004.0 3369.766437684004
148128.0 2228.8488372093025
155696.0 2228.8488372093025
155829.0 2238.9249563699827
158121.0 2238.9249563699827
158221.0 2249.9954648526077
159544.0 2249.9954648526077
159619.0 2240.4140575079873
161184.0 2240.4140575079873
161221.0 2239.9270175438596
162646.0 2239.9270175438596
162726.0 2870.4830105955425
165463.0 2870.4830105955425
165508.0 4733.504273504273
166912.0 4733.504273504273
167009.0 4738.250524842547
168438.0 4738.250524842547
168512.0 4721.804857966241
170941.0 4721.804857966241
