12.0 3161.75652173913
472.0 3161.75652173913
520.0 3134.4990176817287
1538.0 3134.4990176817287
1615.0 3128.758082497213
2512.0 3128.758082497213
2619.0 3107.03620474407
5022.0 3107.03620474407
5117.0 3407.688888888889
7457.0 3407.688888888889
7510.0 4040.645649432535
9096.0 4040.645649432535
9210.0 3611.226321036889
11216.0 3611.226321036889
11314.0 3222.140524116977
13947.0 3222.140524116977
14016.0 3233.490047393365
16126.0 3233.490047393365
16213.0 3358.3389986219568
18390.0 3358.3389986219568
18513.0 3392.8483754512636
20729.0 3392.8483754512636
21004.0 3394.7382053654023
23166.0 3394.7382053654023
23217.0 3174.515804597701
28785.0 3174.515804597701
28915.0 3205.319246346188
34594.0 3205.319246346188
34713.0 3576.279982166741
39199.0 3576.279982166741
39314.0 3838.5786892554615
43800.0 3838.5786892554615
43910.0 4607.020120724346
47886.0 4607.020120724346
48008.0 5377.31592689295
51072.0 5377.31592689295
51110.0 5479.891425046268
54352.0 5479.891425046268
54407.0 4615.7924023542
58145.0 4615.7924023542
58402.0 4388.968262506724
62120.0 4388.968262506724
62210.0 4486.408657562484
66091.0 4486.408657562484
66211.0 4546.443591711435
70120.0 4546.443591711435
70210.0 3770.4865114134195
74547.0 3770.4865114134195
74620.0 2735.1969981238276
81016.0 2735.1969981238276
81116.0 4515.240750670241
84846.0 4515.240750670241
84909.0 5725.934867045115
88256.0 5725.934867045115
88309.0 4814.276472383277
91586.0 4814.276472383277
91709.0 4305.827534039335
95675.0 4305.827534039335
95905.0 4556.0842105263155
99705.0 4556.0842105263155
99808.0 5462.211308562197
102903.0 5462.211308562197
103007.0 5290.275862068966
106255.0 5290.275862068966
106310.0 4957.180995475113
109846.0 4957.180995475113
109909.0 4931.02102425876
113619.0 4931.02102425876
113711.0 4848.292016806723
117519.0 4848.292016806723
117611.0 4918.722110696875
121098.0 4918.722110696875
121211.0 5483.130310603356
124012.0 5483.130310603356
124109.0 5479.979585326953
127244.0 5479.979585326953
127501.0 5267.189139154582
130742.0 5267.189139154582
130808.0 5255.267829813284
134075.0 5255.267829813284
134109.0 5510.593923554394
137170.0 5510.593923554394
137209.0 5572.885204081633
140345.0 5572.885204081633
140410.0 4455.491863517061
144220.0 4455.491863517061
144315.0 3884.6424507658644
148885.0 3884.6424507658644
149012.0 3867.9408418657567
153407.0 3867.9408418657567
153512.0 3831.9931769722816
158202.0 3831.9931769722816
158313.0 3769.6107640557425
162475.0 3769.6107640557425
162704.0 3491.311462130417
167642.0 3491.311462130417
167717.0 3489.280194706419
171004.0 3489.280194706419
