13.0 2846.1996086105673
524.0 2846.1996086105673
623.0 2867.8341013824884
1057.0 2867.8341013824884
1116.0 2812.120240480962
2114.0 2812.120240480962
2216.0 2814.020239190432
3303.0 2814.020239190432
3414.0 2816.4995722840035
4583.0 2816.4995722840035
4616.0 2830.593639575972
6880.0 2830.593639575972
6916.0 2846.41257367387
9461.0 2846.41257367387
9514.0 2786.1727422003282
12559.0 2786.1727422003282
12615.0 2465.726057101554
15382.0 2465.726057101554
15426.0 1775.8328880252611
19543.0 1775.8328880252611
19632.0 1365.519796585543
25138.0 1365.519796585543
25231.0 1669.9485779294653
29626.0 1669.9485779294653
29724.0 2325.7009517961314
32981.0 2325.7009517961314
33206.0 2802.1737073335585
36165.0 2802.1737073335585
36214.0 2806.596071733561
38556.0 2806.596071733561
38616.0 2805.987841945289
41248.0 2805.987841945289
41315.0 2785.8760806916425
44091.0 2785.8760806916425
44214.0 2697.263799010278
46841.0 2697.263799010278
46919.0 2694.974079126876
49851.0 2694.974079126876
49912.0 2657.331895001798
52693.0 2657.331895001798
52820.0 2509.3316930647393
59323.0 2509.3316930647393
59414.0 2589.1081040892195
66139.0 2589.1081040892195
66218.0 2690.0580616346583
70696.0 2690.0580616346583
70817.0 2698.070987654321
73409.0 2698.070987654321
73514.0 2688.5508982035926
76186.0 2688.5508982035926
76215.0 2679.290203327172
78920.0 2679.290203327172
79016.0 2683.11277258567
82226.0 2683.11277258567
82313.0 2705.43086529884
84555.0 2705.43086529884
84619.0 2705.9749652294854
87495.0 2705.9749652294854
87614.0 2623.995150045468
94212.0 2623.995150045468
94320.0 2534.1843801529008
100991.0 2534.1843801529008
101114.0 2268.957612570976
108687.0 2268.957612570976
108815.0 2632.7113247221387
115473.0 2632.7113247221387
115521.0 2712.7417218543046
120202.0 2712.7417218543046
120313.0 2726.153437396214
123324.0 2726.153437396214
123414.0 2730.12870571222
126180.0 2730.12870571222
126213.0 2731.473536299766
128348.0 2731.473536299766
128412.0 2734.4122359796065
131158.0 2734.4122359796065
131212.0 2768.210205635948
133838.0 2768.210205635948
133913.0 2767.5152416356877
136603.0 2767.5152416356877
136713.0 2766.96212731668
139195.0 2766.96212731668
139315.0 2140.443748368572
143146.0 2140.443748368572
143410.0 1804.5405955713923
147339.0 1804.5405955713923
147423.0 1683.9801167062892
152050.0 1683.9801167062892
152130.0 1595.0004158004158
156940.0 1595.0004158004158
157030.0 1577.9297047599919
162009.0 1577.9297047599919
162128.0 2378.6113099498925
164922.0 2378.6113099498925
165014.0 2640.780031201248
167578.0 2640.780031201248
167615.0 2699.042253521127
169390.0 2699.042253521127
