34.0 1157.0469371519491
1291.0 1157.0469371519491
1447.0 1145.6986172955237
5714.0 1145.6986172955237
5838.0 1563.4524298425736
8760.0 1563.4524298425736
8821.0 2593.935958005249
10726.0 2593.935958005249
10815.0 3085.0513880685176
12508.0 3085.0513880685176
12616.0 2934.2783882783883
14800.0 2934.2783882783883
14916.0 2663.279411764706
17636.0 2663.279411764706
17716.0 2754.5116883116884
20796.0 2754.5116883116884
20914.0 2604.0702290076338
23534.0 2604.0702290076338
23619.0 2926.783026421137
26117.0 2926.783026421137
26213.0 2803.337807606264
28895.0 2803.337807606264
29021.0 3137.846943138093
31360.0 3137.846943138093
31413.0 3224.6947637292465
33762.0 3224.6947637292465
34006.0 3230.086482275029
36573.0 3230.086482275029
36615.0 3273.430278884462
38623.0 3273.430278884462
38717.0 3273.6524822695037
40973.0 3273.6524822695037
41015.0 3272.7854422344476
43378.0 3272.7854422344476
43413.0 3272.313008937438
48448.0 3272.313008937438
48516.0 3252.619553277188
53978.0 3252.619553277188
54025.0 3229.2405015908666
59368.0 3229.2405015908666
59414.0 3227.4889240506327
64470.0 3227.4889240506327
64513.0 3252.70913506445
69866.0 3252.70913506445
69916.0 3256.14657383657
75374.0 3256.14657383657
75416.0 3238.138613861386
80466.0 3238.138613861386
80514.0 3180.7854545454547
86014.0 3180.7854545454547
86304.0 3215.934313538285
91541.0 3215.934313538285
91617.0 3190.926406926407
97623.0 3190.926406926407
97716.0 3152.754596322942
102720.0 3152.754596322942
102815.0 3160.0503330866027
108219.0 3160.0503330866027
108314.0 3159.2424119789557
110785.0 3159.2424119789557
110918.0 3209.6610013780432
113095.0 3209.6610013780432
113216.0 3208.2453781512604
115596.0 3208.2453781512604
115709.0 3209.6536718041702
117915.0 3209.6536718041702
118014.0 3209.078651685393
120595.0 3209.078651685393
120716.0 3197.681340085703
123283.0 3197.681340085703
123319.0 3188.9932432432433
125687.0 3188.9932432432433
125817.0 3190.205689277899
127645.0 3190.205689277899
127904.0 3192.4727891156463
130256.0 3192.4727891156463
130316.0 3184.108628996934
132599.0 3184.108628996934
132714.0 3154.319309204483
138157.0 3154.319309204483
138217.0 3165.9024024024025
143545.0 3165.9024024024025
143615.0 3192.65034709536
149089.0 3192.65034709536
149215.0 3052.0359582883857
154777.0 3052.0359582883857
154824.0 2618.023300398171
161605.0 2618.023300398171
161721.0 1991.2849947288275
170258.0 1991.2849947288275
170319.0 2845.0289694475227
176636.0 2845.0289694475227
176905.0 2798.248421052632
179280.0 2798.248421052632
179318.0 2574.509505703422
181948.0 2574.509505703422
182017.0 2858.472553699284
183693.0 2858.472553699284
