11.0 4120.1359773371105
364.0 4120.1359773371105
413.0 4121.324503311258
715.0 4121.324503311258
814.0 4079.2093023255816
1502.0 4079.2093023255816
1611.0 4078.4533333333334
2361.0 4078.4533333333334
2410.0 4058.0111959287533
4375.0 4058.0111959287533
4408.0 4048.3032217308905
5991.0 4048.3032217308905
6110.0 4040.223089793642
7903.0 4040.223089793642
8014.0 4039.9947078280043
12549.0 4039.9947078280043
12610.0 4043.214162773543
16677.0 4043.214162773543
16710.0 4003.1391003460208
21045.0 4003.1391003460208
21111.0 4021.31729879741
25435.0 4021.31729879741
25510.0 4049.9918131471227
29663.0 4049.9918131471227
29714.0 3941.071125975474
34199.0 3941.071125975474
34310.0 4054.1220489977727
38800.0 4054.1220489977727
38911.0 4069.810248604769
42853.0 4069.810248604769
43100.0 3996.25527964725
47409.0 3996.25527964725
47510.0 3964.829437229437
52130.0 3964.829437229437
52210.0 3966.3206547905634
56364.0 3966.3206547905634
56412.0 3997.7065706570656
60856.0 3997.7065706570656
60910.0 4042.6035613870667
65178.0 4042.6035613870667
65212.0 4055.214711729622
69236.0 4055.214711729622
69311.0 3979.8290285714284
73686.0 3979.8290285714284
73812.0 3970.5201072386058
78288.0 3970.5201072386058
78410.0 4033.695115934879
82464.0 4033.695115934879
82704.0 3984.131177408335
87095.0 3984.131177408335
87213.0 4013.786463298379
91409.0 4013.786463298379
91511.0 4011.0305567182922
96289.0 4011.0305567182922
96411.0 3961.9246609743846
100393.0 3961.9246609743846
100512.0 3999.2768149882904
104782.0 3999.2768149882904
104806.0 4005.812124016659
109128.0 4005.812124016659
109212.0 3982.4603062426386
113457.0 3982.4603062426386
113511.0 3738.645778938207
118107.0 3738.645778938207
118213.0 3864.328042328042
122749.0 3864.328042328042
123004.0 4033.977508269019
127539.0 4033.977508269019
127612.0 3966.973785990546
132266.0 3966.973785990546
132312.0 4008.2462845010614
134196.0 4008.2462845010614
134310.0 4021.8593103448275
135760.0 4021.8593103448275
135809.0 4006.7748132337247
137683.0 4006.7748132337247
137711.0 3985.372807017544
139535.0 3985.372807017544
139612.0 3983.208132691279
141481.0 3983.208132691279
141512.0 3977.34685215751
145753.0 3977.34685215751
145812.0 3983.7173467061775
150199.0 3983.7173467061775
150504.0 3958.820895522388
154792.0 3958.820895522388
154911.0 4002.8897406989854
159346.0 4002.8897406989854
159412.0 4018.8179669030733
163642.0 4018.8179669030733
163713.0 4028.703878054248
168174.0 4028.703878054248
168214.0 4052.9888917592352
172085.0 4052.9888917592352
172211.0 3976.954094579008
176546.0 3976.954094579008
176611.0 3981.0010413051023
179492.0 3981.0010413051023
