8.0 7458.502564102564
203.0 7458.502564102564
305.0 7408.571428571428
473.0 7408.571428571428
506.0 7289.6
891.0 7289.6
1005.0 7352.9807692307695
1421.0 7352.9807692307695
1508.0 7308.883593033914
2599.0 7308.883593033914
2703.0 7289.0661661191925
4834.0 7289.0661661191925
4905.0 7295.131022823331
7271.0 7295.131022823331
7306.0 7290.639076800637
9819.0 7290.639076800637
9902.0 7288.897163120568
12158.0 7288.897163120568
12205.0 6695.064814814815
14797.0 6695.064814814815
14906.0 6039.658214657868
17785.0 6039.658214657868
17906.0 5830.02287694974
20791.0 5830.02287694974
20908.0 5304.833133253302
24240.0 5304.833133253302
24500.0 5120.3960618846695
28055.0 5120.3960618846695
28108.0 5294.782838283829
31138.0 5294.782838283829
31206.0 5503.312240332374
34335.0 5503.312240332374
34407.0 5139.5937149270485
37971.0 5139.5937149270485
38009.0 4394.79754601227
41758.0 4394.79754601227
41809.0 4410.577954319761
45837.0 4410.577954319761
45906.0 6219.83850036049
48680.0 6219.83850036049
48707.0 6204.632699619772
51337.0 6204.632699619772
51405.0 4749.5231860338245
55071.0 4749.5231860338245
55301.0 4576.885912953901
59184.0 4576.885912953901
59308.0 4579.277513301597
62879.0 4579.277513301597
62909.0 4027.2375690607737
67253.0 4027.2375690607737
67317.0 3184.9183055975795
72605.0 3184.9183055975795
72714.0 4732.025679012346
76764.0 4732.025679012346
76818.0 3073.5211377362166
81951.0 3073.5211377362166
82011.0 5126.662263584509
85342.0 5126.662263584509
85407.0 5565.130183220829
88518.0 5565.130183220829
88610.0 4007.0026072529035
92829.0 4007.0026072529035
93103.0 3268.5592543275634
98360.0 3268.5592543275634
98416.0 3388.4770925961725
103589.0 3388.4770925961725
103712.0 4467.420757020757
107807.0 4467.420757020757
107908.0 6475.726411785338
110759.0 6475.726411785338
110806.0 6343.041420118343
113510.0 6343.041420118343
113607.0 4683.820677035682
116886.0 4683.820677035682
117013.0 3681.1090636383115
121680.0 3681.1090636383115
121713.0 3493.8518215309045
126599.0 3493.8518215309045
126714.0 3563.503528435035
131532.0 3563.503528435035
131803.0 3618.950439819781
136464.0 3618.950439819781
136512.0 3635.649677553568
141319.0 3635.649677553568
141413.0 6137.174258857556
144179.0 6137.174258857556
144207.0 5425.677261613692
147479.0 5425.677261613692
147510.0 4296.082891079101
151467.0 4296.082891079101
151512.0 4584.70612244898
155432.0 4584.70612244898
155508.0 5006.100829610721
158642.0 5006.100829610721
158710.0 4576.611627289621
162477.0 4576.611627289621
162511.0 4396.038328861633
165120.0 4396.038328861633
