23.0 2036.9859943977592
737.0 2036.9859943977592
820.0 2060.662251655629
1424.0 2060.662251655629
1523.0 2060.508287292818
2066.0 2060.508287292818
2119.0 2051.907590759076
2725.0 2051.907590759076
2821.0 2049.4294670846393
3459.0 2049.4294670846393
3530.0 1771.0298818624044
4969.0 1771.0298818624044
5030.0 2260.2558502340094
8235.0 2260.2558502340094
8311.0 3524.6763606148734
10718.0 3524.6763606148734
10809.0 4037.0792899408284
12499.0 4037.0792899408284
12616.0 3554.6104055714873
17498.0 3554.6104055714873
17645.0 3979.898374914168
22014.0 3979.898374914168
22110.0 3995.1581947743466
26320.0 3995.1581947743466
26411.0 4535.720810880164
30308.0 4535.720810880164
30411.0 4158.786383367604
34788.0 4158.786383367604
34915.0 3409.093072673183
39621.0 3409.093072673183
39715.0 3584.4845961698584
44519.0 3584.4845961698584
44606.0 4255.9275092936805
48910.0 4255.9275092936805
49205.0 2939.535414808207
54810.0 2939.535414808207
54915.0 3534.7807401512136
59941.0 3534.7807401512136
60014.0 4908.629302987198
63529.0 4908.629302987198
63610.0 3837.766698024459
67862.0 3837.766698024459
67914.0 4334.516305700772
71931.0 4334.516305700772
72009.0 4356.962000490316
76088.0 4356.962000490316
76208.0 4136.756893498608
80161.0 4136.756893498608
80211.0 4132.841956059532
84444.0 4132.841956059532
84508.0 4551.850810810811
88208.0 4551.850810810811
88501.0 4289.324977618621
92969.0 4289.324977618621
93009.0 3913.7643264698586
97040.0 3913.7643264698586
97118.0 3115.0879241152866
102600.0 3115.0879241152866
102712.0 3071.8807665010645
108348.0 3071.8807665010645
108417.0 3368.9804703068953
113435.0 3368.9804703068953
113513.0 3464.439201451906
115717.0 3464.439201451906
115809.0 4187.164991129509
117500.0 4187.164991129509
117611.0 4194.860719874804
118889.0 4194.860719874804
119011.0 3669.707016497714
124042.0 3669.707016497714
124300.0 4567.6655126498
128055.0 4567.6655126498
128112.0 4233.254685777288
131740.0 4233.254685777288
131812.0 3786.5849680405554
136349.0 3786.5849680405554
136415.0 3522.690879075526
141261.0 3522.690879075526
141314.0 3333.131430790138
146465.0 3333.131430790138
146514.0 3492.3246376811594
151344.0 3492.3246376811594
151409.0 4322.67326242889
155452.0 4322.67326242889
155514.0 3376.849811020489
160541.0 3376.849811020489
160615.0 3728.126834997064
164021.0 3728.126834997064
164123.0 2562.442217768871
167117.0 2562.442217768871
167222.0 2773.21284857042
170055.0 2773.21284857042
170114.0 3793.2876712328766
171866.0 3793.2876712328766
171915.0 3786.8903803131993
173703.0 3786.8903803131993
173811.0 3185.021938350458
177412.0 3185.021938350458
