16.0 3004.9752066115702
500.0 3004.9752066115702
617.0 3020.970873786408
1029.0 3020.970873786408
1115.0 3023.935135135135
1485.0 3023.935135135135
1517.0 2972.633624878523
2546.0 2972.633624878523
2614.0 2960.8705035971225
3726.0 2960.8705035971225
3814.0 2957.2976465159204
5981.0 2957.2976465159204
6010.0 2960.4086636698
8457.0 2960.4086636698
8516.0 2519.7196317196317
11883.0 2519.7196317196317
12027.0 1749.4010256410256
15927.0 1749.4010256410256
16016.0 5344.374269005848
17384.0 5344.374269005848
17407.0 7821.941520467836
19630.0 7821.941520467836
19703.0 2686.410477559495
25964.0 2686.410477559495
26019.0 1866.4946145723336
35489.0 1866.4946145723336
35808.0 1975.6092446985942
40005.0 1975.6092446985942
40123.0 1849.9994370954123
43676.0 1849.9994370954123
43727.0 1886.42656449553
47642.0 1886.42656449553
47722.0 2014.4808543891638
51561.0 2014.4808543891638
51622.0 1942.3552631578948
55270.0 1942.3552631578948
55323.0 1943.8287822878228
59388.0 1943.8287822878228
59526.0 1935.5788370874805
63344.0 1935.5788370874805
63421.0 1889.4919205298013
67196.0 1889.4919205298013
67325.0 1903.3245330012453
71340.0 1903.3245330012453
71607.0 2051.9894011658716
75381.0 2051.9894011658716
75421.0 2114.726338070759
78728.0 2114.726338070759
78816.0 2391.4141145139815
81820.0 2391.4141145139815
81925.0 1915.8022733280466
85708.0 1915.8022733280466
85823.0 1982.6869244935542
90167.0 1982.6869244935542
90224.0 1896.677923702314
93422.0 1896.677923702314
93519.0 1994.460276781138
97421.0 1994.460276781138
97521.0 1937.5745842640854
101550.0 1937.5745842640854
101623.0 2022.411577424023
105078.0 2022.411577424023
105309.0 2067.03410936654
109003.0 2067.03410936654
109110.0 3069.135674035544
111417.0 3069.135674035544
111517.0 2008.3976721629485
115641.0 2008.3976721629485
115714.0 2850.1555555555556
118594.0 2850.1555555555556
118714.0 1840.0428849902535
122818.0 1840.0428849902535
122926.0 1701.6912751677853
126353.0 1701.6912751677853
126427.0 1758.0650901428237
130698.0 1758.0650901428237
130821.0 1852.5280326197758
134745.0 1852.5280326197758
134829.0 1728.4922219642442
139136.0 1728.4922219642442
139409.0 2274.7929778072207
142428.0 2274.7929778072207
142516.0 1854.3735866123925
146938.0 1854.3735866123925
147025.0 2014.7882921284456
150544.0 2014.7882921284456
150624.0 1775.701002734731
155012.0 1775.701002734731
155125.0 1775.0930124942156
159447.0 1775.0930124942156
159527.0 1917.625579692458
163624.0 1917.625579692458
163717.0 1893.9412938159019
167226.0 1893.9412938159019
167329.0 1783.2393995259415
171126.0 1783.2393995259415
171218.0 2062.333189840723
173541.0 2062.333189840723
