8.0 5288.756363636364
283.0 5288.756363636364
306.0 5341.802575107296
539.0 5341.802575107296
607.0 5216.53531598513
1145.0 5216.53531598513
1210.0 5228.786324786325
1795.0 5228.786324786325
1910.0 5242.8152866242035
2538.0 5242.8152866242035
2608.0 4444.349070100143
6103.0 4444.349070100143
6206.0 5213.01117487164
9517.0 5213.01117487164
9607.0 5104.869322931178
13196.0 5104.869322931178
13306.0 4930.660269865068
16641.0 4930.660269865068
16707.0 4503.921100441215
20560.0 4503.921100441215
20613.0 3884.75781948168
25089.0 3884.75781948168
25212.0 4117.4090575275395
29297.0 4117.4090575275395
29408.0 4572.091050181066
33274.0 4572.091050181066
33500.0 3859.02225991096
38217.0 3859.02225991096
38310.0 3777.535201318578
42557.0 3777.535201318578
42611.0 3952.229515721827
46968.0 3952.229515721827
47009.0 4399.0182516810755
51173.0 4399.0182516810755
51211.0 4558.964028776978
54825.0 4558.964028776978
54908.0 4649.5179272441765
58729.0 4649.5179272441765
58809.0 4226.808427241548
62891.0 4226.808427241548
63007.0 4747.798661623508
66444.0 4747.798661623508
66509.0 4515.495850622407
70365.0 4515.495850622407
70601.0 4317.7959183673465
74717.0 4317.7959183673465
74811.0 4354.886817576565
78566.0 4354.886817576565
78607.0 4462.836734693878
82527.0 4462.836734693878
82611.0 4462.5988341282455
86385.0 4462.5988341282455
86509.0 4461.057728119181
90805.0 4461.057728119181
90908.0 4640.1129411764705
94308.0 4640.1129411764705
94407.0 4620.376623376624
98103.0 4620.376623376624
98208.0 4583.828435266084
101985.0 4583.828435266084
102108.0 4583.932754880694
105796.0 4583.932754880694
106104.0 4188.887372013652
110206.0 4188.887372013652
110310.0 4228.852110977081
114455.0 4228.852110977081
114509.0 4428.488985717744
118640.0 4428.488985717744
118711.0 4231.559935823974
123074.0 4231.559935823974
123110.0 4056.666035950804
127338.0 4056.666035950804
127410.0 3649.7737642585553
131618.0 3649.7737642585553
131713.0 3584.338827456708
136506.0 3584.338827456708
136616.0 3272.179413456009
141833.0 3272.179413456009
141913.0 3312.5525757283426
147096.0 3312.5525757283426
147404.0 3371.5626624025585
152407.0 3371.5626624025585
152516.0 3835.945566286216
157072.0 3835.945566286216
157111.0 4172.916420845624
161179.0 4172.916420845624
161309.0 4252.171497005988
165484.0 4252.171497005988
165612.0 4130.126336248785
169728.0 4130.126336248785
169809.0 4114.479853479854
174177.0 4114.479853479854
174211.0 3937.04391468005
178196.0 3937.04391468005
178311.0 3928.023695602643
182700.0 3928.023695602643
182815.0 4240.023659889094
185520.0 4240.023659889094
