13.0 3868.1063829787236
389.0 3868.1063829787236
514.0 3803.2419547079858
1353.0 3803.2419547079858
1409.0 3813.1739130434785
2145.0 3813.1739130434785
2210.0 3809.2652552926525
3013.0 3809.2652552926525
3110.0 3815.1657010428735
3973.0 3815.1657010428735
4013.0 3804.8628884826326
5107.0 3804.8628884826326
5214.0 3800.692549842602
7120.0 3800.692549842602
7212.0 3797.9635157545604
12036.0 3797.9635157545604
12111.0 3871.851189074641
16358.0 3871.851189074641
16412.0 3860.646941045606
20907.0 3860.646941045606
21011.0 3856.3264581947215
25520.0 3856.3264581947215
25611.0 3845.3625971650663
29985.0 3845.3625971650663
30115.0 3825.0820168794635
34736.0 3825.0820168794635
34812.0 3833.019161928827
39561.0 3833.019161928827
39612.0 3834.414913957935
43796.0 3834.414913957935
44100.0 3840.290811775201
48584.0 3840.290811775201
48710.0 3837.7355960611776
53483.0 3837.7355960611776
53611.0 3834.3253432627416
57908.0 3834.3253432627416
58012.0 3832.1415012942193
62648.0 3832.1415012942193
62712.0 3830.7797513321493
67216.0 3830.7797513321493
67311.0 3850.444549315715
71549.0 3850.444549315715
71613.0 3845.3515901060073
76141.0 3845.3515901060073
76216.0 3805.5777301927196
80886.0 3805.5777301927196
81016.0 3809.1311437223385
85309.0 3809.1311437223385
85415.0 3823.20808940926
87294.0 3823.20808940926
87411.0 3816.4718272775144
89310.0 3816.4718272775144
89412.0 3822.8104749223257
91665.0 3822.8104749223257
91710.0 3838.972151898734
93290.0 3838.972151898734
93411.0 3837.4674556213017
95439.0 3837.4674556213017
95512.0 3837.998033431662
97546.0 3837.998033431662
97612.0 3820.4619209039547
102037.0 3820.4619209039547
102110.0 3812.473041934768
106617.0 3812.473041934768
106716.0 3828.875491480996
111294.0 3828.875491480996
111413.0 3828.0159029085585
116192.0 3828.0159029085585
116314.0 3838.3151767151767
121124.0 3838.3151767151767
121215.0 3830.18847699866
125693.0 3830.18847699866
125812.0 3815.713788819876
129837.0 3815.713788819876
129910.0 3804.193091231178
134426.0 3804.193091231178
134703.0 3794.389864414314
139202.0 3794.389864414314
139316.0 3800.965242417534
143833.0 3800.965242417534
143912.0 3809.3785004516712
148340.0 3809.3785004516712
148413.0 3829.221735319895
152977.0 3829.221735319895
153013.0 3824.1549898625817
157452.0 3824.1549898625817
157515.0 3821.096857511838
162161.0 3821.096857511838
162213.0 3824.431946006749
166658.0 3824.431946006749
166713.0 3823.84
171413.0 3823.84
171511.0 3830.3515625
175607.0 3830.3515625
175904.0 3836.2474410324876
180398.0 3836.2474410324876
180511.0 3844.8756285618506
183494.0 3844.8756285618506
