26.0 1743.89448441247
860.0 1743.89448441247
923.0 1757.9661016949153
1631.0 1757.9661016949153
1728.0 1761.9779527559056
2363.0 1761.9779527559056
2421.0 1763.7673758865249
3126.0 1763.7673758865249
3231.0 1730.1565948502364
5134.0 1730.1565948502364
5231.0 2165.7532950321056
8190.0 2165.7532950321056
8310.0 3438.1205505457997
10417.0 3438.1205505457997
10512.0 3281.9713733075437
13097.0 3281.9713733075437
13213.0 2749.9653365578397
15694.0 2749.9653365578397
15821.0 2581.6045197740114
18653.0 2581.6045197740114
18716.0 2853.3404174573056
21351.0 2853.3404174573056
21416.0 2661.1399564902104
24174.0 2661.1399564902104
24216.0 2769.5824497257768
26951.0 2769.5824497257768
27201.0 2566.274218508202
30432.0 2566.274218508202
30517.0 2760.62494750105
32898.0 2760.62494750105
33015.0 2738.3611420096404
35712.0 2738.3611420096404
35818.0 2710.687697160883
38671.0 2710.687697160883
38719.0 2692.1725490196077
44839.0 2692.1725490196077
44918.0 2375.4255916566385
52397.0 2375.4255916566385
52520.0 2632.16353928299
59075.0 2632.16353928299
59119.0 2741.630376344086
65071.0 2741.630376344086
65115.0 2680.380541871921
71611.0 2680.380541871921
71905.0 2538.2523762700753
74956.0 2538.2523762700753
75016.0 2503.90261367705
77809.0 2503.90261367705
77917.0 2590.626758023801
80690.0 2590.626758023801
80816.0 2607.0071942446043
83596.0 2607.0071942446043
83718.0 2574.8257100149476
87063.0 2574.8257100149476
87117.0 2541.0875576036865
89504.0 2541.0875576036865
89620.0 2564.2121911037893
92655.0 2564.2121911037893
92718.0 2570.460322686862
95755.0 2570.460322686862
95818.0 2563.2545854732207
98544.0 2563.2545854732207
98804.0 2523.3390614672835
101830.0 2523.3390614672835
101919.0 2549.613381818182
108794.0 2549.613381818182
108923.0 2486.285403642294
116281.0 2486.285403642294
116425.0 2408.963465553236
124089.0 2408.963465553236
124220.0 2503.515399211794
131071.0 2503.515399211794
131141.0 2457.354543003505
134850.0 2457.354543003505
134918.0 2220.8506359065364
138299.0 2220.8506359065364
138430.0 2236.0258382036295
141681.0 2236.0258382036295
141820.0 2587.6315606534586
144697.0 2587.6315606534586
145004.0 2524.8529411764707
147724.0 2524.8529411764707
147818.0 2514.5783501993255
151079.0 2514.5783501993255
151120.0 2577.2591784805527
153871.0 2577.2591784805527
153920.0 2628.804318488529
156884.0 2628.804318488529
157020.0 2598.89972899729
159972.0 2598.89972899729
160021.0 2604.0808750414317
163038.0 2604.0808750414317
163118.0 2611.3320235756387
165663.0 2611.3320235756387
165721.0 2619.3268858800775
168306.0 2619.3268858800775
168419.0 2558.3903635958063
172902.0 2558.3903635958063
