27.0 1634.1662921348316
917.0 1634.1662921348316
1028.0 1646.3492063492063
1784.0 1646.3492063492063
1829.0 1645.3764705882354
2509.0 1645.3764705882354
2627.0 1646.9615894039734
3382.0 1646.9615894039734
3434.0 1607.659677419355
8394.0 1607.659677419355
8526.0 1606.936810431294
12514.0 1606.936810431294
12632.0 1492.4021425628348
17486.0 1492.4021425628348
17539.0 900.5303046385734
26960.0 900.5303046385734
27038.0 1362.3502824858756
27923.0 1362.3502824858756
28030.0 1450.8996088657107
28797.0 1450.8996088657107
28932.0 1535.4803788903923
29671.0 1535.4803788903923
29917.0 1527.119804400978
30735.0 1527.119804400978
30839.0 1262.7701643489254
34794.0 1262.7701643489254
34940.0 1158.372729812797
42098.0 1158.372729812797
42227.0 995.9163636363636
48827.0 995.9163636363636
48947.0 1025.4595945570675
56149.0 1025.4595945570675
56247.0 1111.3959341723137
57280.0 1111.3959341723137
57345.0 1100.3908675799087
58440.0 1100.3908675799087
58539.0 1102.56
59739.0 1102.56
59861.0 1093.8417153996102
62426.0 1093.8417153996102
62541.0 1092.5003533568904
65371.0 1092.5003533568904
65451.0 1087.5023163467902
69984.0 1087.5023163467902
70049.0 782.0852353059988
79951.0 782.0852353059988
80041.0 1152.3150436645246
86110.0 1152.3150436645246
86235.0 1528.4697872340425
90935.0 1528.4697872340425
91030.0 1500.8241872023193
95859.0 1500.8241872023193
95926.0 1761.3071574642127
100816.0 1761.3071574642127
101111.0 1734.3700234192038
102392.0 1734.3700234192038
102522.0 1778.3502170767003
103213.0 1778.3502170767003
103323.0 1814.3057757644394
105089.0 1814.3057757644394
105127.0 1573.7199341021417
106948.0 1573.7199341021417
107055.0 1043.5242750081459
110124.0 1043.5242750081459
110230.0 1575.1937708565072
114725.0 1575.1937708565072
114829.0 1081.0013051422604
122491.0 1081.0013051422604
122646.0 1194.8250363901018
129516.0 1194.8250363901018
129634.0 1287.559420289855
135499.0 1287.559420289855
135637.0 1319.9855138071525
140055.0 1319.9855138071525
140132.0 1443.98
145332.0 1443.98
145433.0 1247.5746084089035
147859.0 1247.5746084089035
147936.0 1259.105981112277
148889.0 1259.105981112277
148937.0 1335.327536231884
151007.0 1335.327536231884
151128.0 1583.9546858908343
153070.0 1583.9546858908343
153130.0 1381.9610027855153
155284.0 1381.9610027855153
155336.0 1268.7704221833624
159339.0 1268.7704221833624
159434.0 1510.821583300512
164512.0 1510.821583300512
164632.0 1212.7990120407533
171110.0 1212.7990120407533
171238.0 1545.9036985345429
175537.0 1545.9036985345429
175626.0 1481.934777850733
180195.0 1481.934777850733
180342.0 925.7584541062802
185517.0 925.7584541062802
