13.0 4028.831024930748
374.0 4028.831024930748
410.0 4002.057877813505
721.0 4002.057877813505
812.0 4024.661870503597
1090.0 4024.661870503597
1210.0 3957.1021992238034
1983.0 3957.1021992238034
2111.0 3943.616221562809
4133.0 3943.616221562809
4210.0 3943.670153846154
5835.0 3943.670153846154
5910.0 3831.3607103218646
10415.0 3831.3607103218646
10511.0 3499.7852913085003
15746.0 3499.7852913085003
15813.0 3243.9834286841588
20882.0 3243.9834286841588
21011.0 3485.360112472384
25990.0 3485.360112472384
26112.0 3457.581228872539
31141.0 3457.581228872539
31211.0 3433.976316864026
36109.0 3433.976316864026
36215.0 3442.198971877835
39522.0 3442.198971877835
39614.0 3434.8102734051367
42028.0 3434.8102734051367
42109.0 3455.8611987381705
44011.0 3455.8611987381705
44110.0 3462.428504453821
46243.0 3462.428504453821
46310.0 3464.8709677419356
48542.0 3464.8709677419356
48610.0 3436.329776915616
50672.0 3436.329776915616
50709.0 3419.1536131544785
53020.0 3419.1536131544785
53110.0 3411.837488457987
55276.0 3411.837488457987
55311.0 3449.145067698259
57379.0 3449.145067698259
57411.0 3444.461325420376
62466.0 3444.461325420376
62513.0 3415.730924466654
67716.0 3415.730924466654
67813.0 3421.7618748692194
72592.0 3421.7618748692194
72713.0 3419.5308835027363
77829.0 3419.5308835027363
77911.0 3422.444218654745
82832.0 3422.444218654745
82911.0 3418.605779521941
88517.0 3418.605779521941
88614.0 3424.437594964185
93221.0 3424.437594964185
93311.0 3308.8378221274947
98472.0 3308.8378221274947
98703.0 3218.0520446096652
104083.0 3218.0520446096652
104216.0 3404.257752718486
109182.0 3404.257752718486
109314.0 3415.3877956668653
114345.0 3415.3877956668653
114412.0 3382.5920494017755
119594.0 3382.5920494017755
119712.0 3393.4498237803746
125103.0 3393.4498237803746
125218.0 3414.495840266223
127622.0 3414.495840266223
127711.0 3410.8112014453477
129925.0 3410.8112014453477
130011.0 3390.520930232558
131731.0 3390.520930232558
131811.0 3383.8197386210004
134030.0 3383.8197386210004
134113.0 3381.079069767442
136263.0 3381.079069767442
136310.0 3382.37891867333
138511.0 3382.37891867333
138612.0 3398.1197427016327
140633.0 3398.1197427016327
140712.0 3419.5329441201
143110.0 3419.5329441201
143213.0 3417.6412321320718
148180.0 3417.6412321320718
148312.0 3432.4856921887085
153484.0 3432.4856921887085
153614.0 3434.2626262626263
158564.0 3434.2626262626263
158614.0 3433.055969436485
163849.0 3433.055969436485
163914.0 3375.456110154905
168562.0 3375.456110154905
168615.0 3335.286515767073
173784.0 3335.286515767073
173915.0 3401.32384341637
177287.0 3401.32384341637
