33.0 1389.1193887297038
1080.0 1389.1193887297038
1140.0 1404.7855530474042
2026.0 1404.7855530474042
2131.0 1400.3204005006257
2930.0 1400.3204005006257
3035.0 1403.44920993228
3921.0 1403.44920993228
4035.0 1390.995744680851
4975.0 1390.995744680851
5045.0 1351.4675324675325
8125.0 1351.4675324675325
8245.0 1321.9197080291972
13725.0 1321.9197080291972
13826.0 1722.6184771573603
18751.0 1722.6184771573603
18830.0 1626.767763471626
23024.0 1626.767763471626
23124.0 2078.198976691302
26642.0 2078.198976691302
26727.0 1746.0640966093822
31033.0 1746.0640966093822
31127.0 2300.038859291758
34318.0 2300.038859291758
34417.0 1855.2064658339457
38500.0 1855.2064658339457
38625.0 1632.2110236220472
43705.0 1632.2110236220472
44010.0 1723.8520849724625
47823.0 1723.8520849724625
47926.0 2052.058905251459
51525.0 2052.058905251459
51618.0 2102.662316476346
55296.0 2102.662316476346
55414.0 2696.2374429223746
58042.0 2696.2374429223746
58116.0 2690.3861082737485
61053.0 2690.3861082737485
61117.0 3081.7514595496245
63515.0 3081.7514595496245
63612.0 2098.50897322742
67011.0 2098.50897322742
67136.0 1432.1304347826087
72472.0 1432.1304347826087
72533.0 1512.8361008009376
77652.0 1512.8361008009376
77913.0 1457.8695017719408
82710.0 1457.8695017719408
82832.0 1704.747982914096
87046.0 1704.747982914096
87123.0 1839.46192893401
91063.0 1839.46192893401
91127.0 1526.5494505494505
96769.0 1526.5494505494505
96830.0 1525.163691224541
100807.0 1525.163691224541
100929.0 1540.1511973085296
105982.0 1540.1511973085296
106025.0 1388.0378685420612
109722.0 1388.0378685420612
109835.0 1374.9374262101535
114917.0 1374.9374262101535
115035.0 1395.3991228070176
120507.0 1395.3991228070176
120642.0 1481.5583375062595
122639.0 1481.5583375062595
122729.0 1602.4725861232412
124790.0 1602.4725861232412
124925.0 1597.9601593625498
126933.0 1597.9601593625498
127030.0 1610.412348401323
128844.0 1610.412348401323
128926.0 1796.1622377622377
130356.0 1796.1622377622377
130434.0 1372.7049360146252
135904.0 1372.7049360146252
136033.0 1373.3837143396938
141326.0 1373.3837143396938
141438.0 1510.0640973630832
146368.0 1510.0640973630832
146426.0 1708.783279422742
150445.0 1708.783279422742
150532.0 1535.5880149812733
155872.0 1535.5880149812733
155976.0 1197.0352861725478
161899.0 1197.0352861725478
162015.0 2236.4454649827785
165499.0 2236.4454649827785
165640.0 1252.1547249877592
171767.0 1252.1547249877592
171840.0 1295.9407651172357
174271.0 1295.9407651172357
174332.0 1360.2588597842835
176279.0 1360.2588597842835
176332.0 1358.3005405405406
178182.0 1358.3005405405406
178234.0 1349.9013806706114
181783.0 1349.9013806706114
