13.0 3827.3894736842103
393.0 3827.3894736842103
513.0 3865.341614906832
835.0 3865.341614906832
914.0 3787.4439946018892
1655.0 3787.4439946018892
1711.0 3790.384138785626
2518.0 3790.384138785626
2613.0 4494.829604130809
3775.0 4494.829604130809
3809.0 5815.303085299455
4911.0 5815.303085299455
5008.0 4966.987050359712
8483.0 4966.987050359712
8605.0 5140.677890011223
12169.0 5140.677890011223
12208.0 5326.774214447684
15295.0 5326.774214447684
15409.0 4389.9843157095875
19362.0 4389.9843157095875
19409.0 4238.950755728913
23511.0 4238.950755728913
23604.0 5358.272061165976
26743.0 5358.272061165976
26807.0 5041.558471192242
30313.0 5041.558471192242
30406.0 4768.930573749018
34223.0 4768.930573749018
34499.0 5057.752837326608
37671.0 5057.752837326608
37713.0 5245.16113310996
40996.0 5245.16113310996
41111.0 4926.711135018827
44829.0 4926.711135018827
44910.0 4058.151724137931
48970.0 4058.151724137931
49007.0 5165.980808374527
52446.0 5165.980808374527
52512.0 5220.524054462935
55817.0 5220.524054462935
55909.0 5064.6132836747365
59131.0 5064.6132836747365
59210.0 5029.391103408434
62672.0 5029.391103408434
62709.0 4662.132214060861
66521.0 4662.132214060861
66802.0 5342.241097680497
69863.0 5342.241097680497
69905.0 5610.750481077614
73023.0 5610.750481077614
73109.0 5223.898263027295
76333.0 5223.898263027295
76408.0 5244.856048166393
80062.0 5244.856048166393
80106.0 5436.383184011027
83008.0 5436.383184011027
83107.0 5419.521421770866
86258.0 5419.521421770866
86308.0 5348.507877664504
89545.0 5348.507877664504
89606.0 5311.198240653472
92789.0 5311.198240653472
92906.0 5290.275862068966
96154.0 5290.275862068966
96401.0 5355.512373968836
99674.0 5355.512373968836
99710.0 5377.450911228689
103112.0 5377.450911228689
103208.0 5436.482921083628
106604.0 5436.482921083628
106706.0 5364.899593368783
109903.0 5364.899593368783
110009.0 5075.428949107733
113035.0 5075.428949107733
113107.0 4390.425760286225
117020.0 4390.425760286225
117112.0 4819.582156973462
120654.0 4819.582156973462
120712.0 3764.2973032229775
125273.0 3764.2973032229775
125318.0 2987.0600318753322
130965.0 2987.0600318753322
131198.0 5155.329793510325
134588.0 5155.329793510325
134710.0 5387.313233894002
137861.0 5387.313233894002
137907.0 5321.587529976019
141243.0 5321.587529976019
141309.0 5271.193798449613
144534.0 5271.193798449613
144611.0 5264.220269478617
148025.0 5264.220269478617
148111.0 4596.870788162906
151524.0 4596.870788162906
151606.0 4893.583877377236
155129.0 4893.583877377236
155208.0 4737.407682775713
157629.0 4737.407682775713
