16.0 3011.1966873706006
499.0 3011.1966873706006
612.0 3013.6561743341404
1025.0 3013.6561743341404
1110.0 3032.130081300813
1479.0 3032.130081300813
1519.0 2966.0552220888353
3185.0 2966.0552220888353
3321.0 2974.243902439024
4428.0 2974.243902439024
4516.0 2958.66297322253
6682.0 2958.66297322253
6714.0 2894.1749900119858
9217.0 2894.1749900119858
9313.0 2887.643294758339
12251.0 2887.643294758339
12312.0 3573.9465688842324
14221.0 3573.9465688842324
14311.0 3653.7251374312846
16312.0 3653.7251374312846
16415.0 3612.0016618196923
21229.0 3612.0016618196923
21314.0 3481.6013247774786
26145.0 3481.6013247774786
26212.0 3199.8015930485158
31736.0 3199.8015930485158
31810.0 3747.78834671608
36667.0 3747.78834671608
36713.0 4109.424180327869
40617.0 4109.424180327869
40714.0 3500.683878837162
45633.0 3500.683878837162
45708.0 3906.4858178716145
50397.0 3906.4858178716145
50508.0 4159.57990406463
54469.0 4159.57990406463
54701.0 4057.9735038830518
59079.0 4057.9735038830518
59124.0 3724.9205526770293
63756.0 3724.9205526770293
63809.0 4310.138404648706
67595.0 4310.138404648706
67711.0 3828.441512752858
72259.0 3828.441512752858
72314.0 3601.9554114308876
77248.0 3601.9554114308876
77314.0 3556.4593301435407
81912.0 3556.4593301435407
82013.0 3512.210399518169
86994.0 3512.210399518169
87112.0 3627.3633426663796
91755.0 3627.3633426663796
91809.0 4433.195466111497
96132.0 4433.195466111497
96399.0 4426.594837261504
99963.0 4426.594837261504
100010.0 4251.160567587752
104027.0 4251.160567587752
104108.0 4249.661266568483
108182.0 4249.661266568483
108310.0 4032.81106870229
112502.0 4032.81106870229
112613.0 3971.06910099376
116940.0 3971.06910099376
117011.0 4161.584045584045
121223.0 4161.584045584045
121311.0 4282.323970037453
125583.0 4282.323970037453
125709.0 4279.623551228558
130023.0 4279.623551228558
130108.0 4283.6123876123875
134112.0 4283.6123876123875
134400.0 3962.3962848297215
138276.0 3962.3962848297215
138315.0 3494.6574450772987
143231.0 3494.6574450772987
143314.0 3506.6666666666665
145387.0 3506.6666666666665
145511.0 3500.054536906441
147638.0 3500.054536906441
147710.0 4442.173350582148
149256.0 4442.173350582148
149308.0 4434.851270957274
151157.0 4434.851270957274
151211.0 4429.912317327766
155043.0 4429.912317327766
155111.0 3920.6749116607775
159639.0 3920.6749116607775
159714.0 3650.332832295469
164371.0 3650.332832295469
164605.0 3619.747834843907
169570.0 3619.747834843907
169613.0 3600.8997016295616
173970.0 3600.8997016295616
174013.0 3621.1081705524048
178774.0 3621.1081705524048
178814.0 3692.615582743078
181920.0 3692.615582743078
