52.0 720.3605745418524
2071.0 720.3605745418524
2170.0 731.2808460634548
3872.0 731.2808460634548
3971.0 728.8964169381107
5506.0 728.8964169381107
5672.0 606.5639024390244
7722.0 606.5639024390244
7914.0 402.07134071340715
11166.0 402.07134071340715
11345.0 361.60057265569077
14139.0 361.60057265569077
14284.0 684.7347850362926
16075.0 684.7347850362926
16133.0 1242.8882931188562
17252.0 1242.8882931188562
17339.0 1253.3056133056134
18301.0 1253.3056133056134
18447.0 2083.5292106013108
21956.0 2083.5292106013108
22017.0 1824.4484348459112
26138.0 1824.4484348459112
26238.0 519.5684553305961
40364.0 519.5684553305961
40541.0 472.6085997794928
43262.0 472.6085997794928
43349.0 912.1166772352568
44926.0 912.1166772352568
45016.0 2037.1054545454544
45566.0 2037.1054545454544
45620.0 1379.6807980049875
46422.0 1379.6807980049875
46548.0 1419.895720609936
48581.0 1419.895720609936
48809.0 1790.677786201668
52766.0 1790.677786201668
52823.0 1439.020943361865
58314.0 1439.020943361865
58484.0 806.5087853323147
67647.0 806.5087853323147
67734.0 812.5805422647528
76512.0 812.5805422647528
76681.0 1034.6395884105063
84067.0 1034.6395884105063
84169.0 685.5284892838473
86082.0 685.5284892838473
86170.0 693.0346129641284
87759.0 693.0346129641284
87857.0 1768.120481927711
88521.0 1768.120481927711
88624.0 1549.0056093829678
90585.0 1549.0056093829678
90733.0 939.6546206896552
94358.0 939.6546206896552
94483.0 569.8199538343165
98382.0 569.8199538343165
98485.0 393.41292065831493
106627.0 393.41292065831493
106849.0 379.5708373129577
109990.0 379.5708373129577
110373.0 399.6724849254205
113524.0 399.6724849254205
113725.0 415.53562005277047
116757.0 415.53562005277047
116954.0 675.4976525821596
118658.0 675.4976525821596
118746.0 959.3191489361702
120109.0 959.3191489361702
120248.0 693.7253384912959
122316.0 693.7253384912959
122485.0 785.2924731182795
126205.0 785.2924731182795
126337.0 623.7775163119051
135686.0 623.7775163119051
135865.0 1158.0345465761875
142349.0 1158.0345465761875
142441.0 841.8436595251882
151076.0 841.8436595251882
151315.0 1612.8064516129032
152059.0 1612.8064516129032
152126.0 1630.5013774104684
152852.0 1630.5013774104684
152930.0 1121.0058309037902
155674.0 1121.0058309037902
155757.0 551.7597775718258
161152.0 551.7597775718258
161304.0 1163.2877637130803
162489.0 1163.2877637130803
162620.0 1845.5801104972375
163344.0 1845.5801104972375
163422.0 1197.8828897338403
166052.0 1197.8828897338403
166238.0 505.00303951367783
179398.0 505.00303951367783
179643.0 392.2848861283644
182058.0 392.2848861283644
182366.0 394.2756804214223
184644.0 394.2756804214223
