28.0 1636.0044994375703
917.0 1636.0044994375703
1029.0 1650.7161803713527
1783.0 1650.7161803713527
1828.0 1571.426966292135
2540.0 1571.426966292135
2637.0 1233.5873015873017
3645.0 1233.5873015873017
3742.0 1217.4450651769087
4816.0 1217.4450651769087
4940.0 986.2662538699691
7524.0 986.2662538699691
7617.0 2369.6826954530584
10674.0 2369.6826954530584
10720.0 1040.8411237884923
18871.0 1040.8411237884923
18914.0 1748.0563668972586
22817.0 1748.0563668972586
22917.0 1939.2848806366048
26687.0 1939.2848806366048
26823.0 1841.8794708476237
30905.0 1841.8794708476237
31026.0 1744.5742809603043
35233.0 1744.5742809603043
35328.0 1800.096958174905
39536.0 1800.096958174905
39622.0 1911.3951129552788
43960.0 1911.3951129552788
44209.0 1999.7103742013994
47496.0 1999.7103742013994
47623.0 2047.5076240643193
51230.0 2047.5076240643193
51321.0 1859.9307359307359
55479.0 1859.9307359307359
55527.0 1674.3175803402646
59759.0 1674.3175803402646
59830.0 1350.9427252521798
65679.0 1350.9427252521798
65735.0 1322.010733452594
71325.0 1322.010733452594
71441.0 1783.208
75441.0 1783.208
75521.0 2073.7715061058343
79206.0 2073.7715061058343
79321.0 2082.3361118580265
83040.0 2082.3361118580265
83306.0 1975.5367231638418
86846.0 1975.5367231638418
86926.0 1946.3039826605257
90617.0 1946.3039826605257
90724.0 1985.0671049027665
94375.0 1985.0671049027665
94422.0 2003.4408001860897
98721.0 2003.4408001860897
98824.0 2047.797434166104
101786.0 2047.797434166104
101819.0 1590.5137952176578
106712.0 1590.5137952176578
106832.0 1452.0997023809523
112208.0 1452.0997023809523
112324.0 1951.7966480446928
115904.0 1951.7966480446928
116024.0 2083.9585152838426
119688.0 2083.9585152838426
120009.0 1875.6280794701986
123784.0 1875.6280794701986
123922.0 1806.0689053641518
128508.0 1806.0689053641518
128626.0 1802.8658027674062
133179.0 1802.8658027674062
133223.0 1831.5634246907591
137346.0 1831.5634246907591
137424.0 1999.8957475994514
140340.0 1999.8957475994514
140422.0 2143.504424778761
143925.0 2143.504424778761
144018.0 1966.2753583987017
147715.0 1966.2753583987017
147822.0 1688.8874773139746
152230.0 1688.8874773139746
152331.0 1897.1270718232045
155951.0 1897.1270718232045
156021.0 2155.5991590749823
157448.0 2155.5991590749823
157523.0 2208.5171102661598
158049.0 2208.5171102661598
158127.0 2068.793482688391
160582.0 2068.793482688391
160626.0 1852.6809949287613
164767.0 1852.6809949287613
164822.0 1529.9925998052581
169957.0 1529.9925998052581
170020.0 2049.2876965772434
173263.0 2049.2876965772434
173319.0 1639.8546863647373
177448.0 1639.8546863647373
177531.0 1627.8627251104315
180474.0 1627.8627251104315
