15.0 3168.6448801742918
474.0 3168.6448801742918
514.0 3183.2225063938617
905.0 3183.2225063938617
1016.0 3135.749720670391
1911.0 3135.749720670391
2013.0 3133.448319594166
3590.0 3133.448319594166
3718.0 3128.2824637112594
6267.0 3128.2824637112594
6315.0 3123.0331384015594
8367.0 3123.0331384015594
8415.0 3778.883672404799
10332.0 3778.883672404799
10410.0 3467.0600735594608
12857.0 3467.0600735594608
12912.0 3786.1620421753605
14714.0 3786.1620421753605
14814.0 2883.617148554337
20832.0 2883.617148554337
20912.0 3187.5666361136573
26367.0 3187.5666361136573
26418.0 1177.761781387858
40699.0 1177.761781387858
41008.0 2018.8720682302771
44760.0 2018.8720682302771
44821.0 2051.36862939139
48863.0 2051.36862939139
48922.0 2717.25837122778
51341.0 2717.25837122778
51416.0 3153.6189451022606
52345.0 3153.6189451022606
52408.0 3144.496732026144
53326.0 3144.496732026144
53408.0 3141.0830519918973
54889.0 3141.0830519918973
55014.0 3057.9195046439627
57598.0 3057.9195046439627
57716.0 2713.9331619537274
60439.0 2713.9331619537274
60517.0 2709.0132928218763
63150.0 2709.0132928218763
63405.0 2707.954642097803
66227.0 2707.954642097803
66318.0 2956.9331806032837
68937.0 2956.9331806032837
69012.0 3564.4240570846077
70974.0 3564.4240570846077
71013.0 3500.964578747248
76010.0 3500.964578747248
76117.0 2786.0790736145573
82162.0 2786.0790736145573
82213.0 1388.24367982615
96018.0 1388.24367982615
96114.0 3741.8729179518814
97735.0 3741.8729179518814
97813.0 2817.662563359884
100575.0 2817.662563359884
100618.0 2370.631035529912
103911.0 2370.631035529912
104208.0 2082.6921013412816
107563.0 2082.6921013412816
107619.0 2391.3636078922646
110812.0 2391.3636078922646
110912.0 2696.3046458492004
113538.0 2696.3046458492004
113617.0 2933.9822883457314
116440.0 2933.9822883457314
116508.0 4439.398593834505
118357.0 4439.398593834505
118411.0 4452.556603773585
120107.0 4452.556603773585
120209.0 4627.372100030129
123528.0 4627.372100030129
123608.0 4713.233470507545
127253.0 4713.233470507545
127313.0 4540.148936170212
131073.0 4540.148936170212
131117.0 3077.4260620182827
136696.0 3077.4260620182827
136818.0 2615.5881532020467
143267.0 2615.5881532020467
143323.0 1921.3465259454706
152419.0 1921.3465259454706
152531.0 1848.273868914502
158344.0 1848.273868914502
158424.0 1814.5728924080113
162718.0 1814.5728924080113
162820.0 2203.9505889112324
166301.0 2203.9505889112324
166418.0 2268.0461893764436
169882.0 2268.0461893764436
170018.0 2371.8201284796573
172820.0 2371.8201284796573
172914.0 3767.9243183082917
174711.0 3767.9243183082917
174811.0 3769.315499606609
176082.0 3769.315499606609
