10.0 3513.062801932367
424.0 3513.062801932367
517.0 3525.8923512747874
870.0 3525.8923512747874
918.0 3477.6902106567536
1725.0 3477.6902106567536
1812.0 3475.9545454545455
2692.0 3475.9545454545455
2813.0 3484.114285714286
3758.0 3484.114285714286
3812.0 3471.6597164303585
5011.0 3471.6597164303585
5114.0 3469.4061302681994
7202.0 3469.4061302681994
7315.0 3324.41065830721
9867.0 3324.41065830721
9919.0 3395.3648564939085
14762.0 3395.3648564939085
14815.0 3597.3482587064677
19639.0 3597.3482587064677
19713.0 3605.2614555256064
24536.0 3605.2614555256064
24617.0 3426.281523731921
29526.0 3426.281523731921
29616.0 3395.908549471662
34821.0 3395.908549471662
34914.0 3316.874635568513
40402.0 3316.874635568513
40517.0 3539.19964703287
45050.0 3539.19964703287
45116.0 3407.8495943004154
50169.0 3407.8495943004154
50405.0 3508.4298027197856
55626.0 3508.4298027197856
55718.0 3735.2291997279526
60129.0 3735.2291997279526
60213.0 3449.67145631068
65363.0 3449.67145631068
65418.0 3846.1317020510974
68197.0 3846.1317020510974
68313.0 3486.2326490713585
70359.0 3486.2326490713585
70414.0 3402.425645592164
72660.0 3402.425645592164
72714.0 3345.2302375809936
75029.0 3345.2302375809936
75118.0 3355.7581573896355
77202.0 3355.7581573896355
77316.0 3480.5271317829456
79380.0 3480.5271317829456
79416.0 3476.009592326139
81501.0 3476.009592326139
81614.0 3513.880454712138
87068.0 3513.880454712138
87117.0 3324.143278550358
91863.0 3324.143278550358
91915.0 3566.6065162907266
96703.0 3566.6065162907266
96810.0 3293.3460148373597
102067.0 3293.3460148373597
102119.0 2973.18747801618
107805.0 2973.18747801618
107917.0 2522.0631146337882
114730.0 2522.0631146337882
114826.0 3059.8513396715643
117140.0 3059.8513396715643
117216.0 3505.1341515023278
119579.0 3505.1341515023278
119614.0 3338.1244408296056
122073.0 3338.1244408296056
122118.0 3335.4840989399295
124382.0 3335.4840989399295
124417.0 3498.3179364127172
126084.0 3498.3179364127172
126116.0 3530.18147625764
128243.0 3530.18147625764
128315.0 3418.293952743292
133309.0 3418.293952743292
133416.0 3534.889849701462
138273.0 3534.889849701462
138310.0 3705.6080843585237
142862.0 3705.6080843585237
142909.0 3880.2326820603907
147413.0 3880.2326820603907
147514.0 3704.806634657355
152096.0 3704.806634657355
152216.0 3496.713807366555
157293.0 3496.713807366555
157418.0 3451.695431472081
162343.0 3451.695431472081
162418.0 3275.9839591687933
167904.0 3275.9839591687933
168205.0 3537.5693348365276
172640.0 3537.5693348365276
172715.0 3096.837794144063
178282.0 3096.837794144063
178317.0 3450.4404332129966
181641.0 3450.4404332129966
