134.0 305.22728226652674
4899.0 305.22728226652674
5177.0 313.6693548387097
9145.0 313.6693548387097
9364.0 356.5506692160612
12502.0 356.5506692160612
12740.0 369.85603807257587
16102.0 369.85603807257587
16328.0 378.5570353213665
19782.0 378.5570353213665
19943.0 369.80673499267937
22675.0 369.80673499267937
22844.0 354.54177507950277
26303.0 354.54177507950277
26532.0 365.3249277646441
30339.0 365.3249277646441
30535.0 340.20316027088035
34079.0 340.20316027088035
34260.0 346.6791277258567
37470.0 346.6791277258567
37631.0 369.97717639387025
40698.0 369.97717639387025
41086.0 359.89167386920195
44557.0 359.89167386920195
44763.0 354.945625172509
48386.0 354.945625172509
48558.0 353.8519065190652
52623.0 353.8519065190652
52857.0 357.1590691743704
55994.0 357.1590691743704
56229.0 345.6744767260231
59430.0 345.6744767260231
59637.0 350.235509456986
62915.0 350.235509456986
63157.0 353.0407266334603
66570.0 353.0407266334603
66741.0 351.6937799043062
70503.0 351.6937799043062
70745.0 343.82184258694326
74023.0 343.82184258694326
74401.0 330.9808449225925
78212.0 330.9808449225925
78491.0 319.9432336543335
82437.0 319.9432336543335
82634.0 368.1684446939921
86196.0 368.1684446939921
86471.0 361.2965879265092
89519.0 361.2965879265092
89765.0 342.88317757009344
93189.0 342.88317757009344
93442.0 369.5990396158463
96774.0 369.5990396158463
96938.0 364.0750562922192
100935.0 364.0750562922192
101140.0 357.411575562701
103628.0 357.411575562701
103834.0 355.15606936416185
107294.0 355.15606936416185
107674.0 344.67533969355304
111133.0 344.67533969355304
111358.0 343.3391494002181
115026.0 343.3391494002181
115236.0 344.5184577522559
118893.0 344.5184577522559
119159.0 367.0433673469388
122295.0 367.0433673469388
122533.0 363.3098082800778
126132.0 363.3098082800778
126370.0 343.29361091170136
130549.0 343.29361091170136
130756.0 353.20596355604636
134378.0 353.20596355604636
134544.0 358.61035422343326
137480.0 358.61035422343326
137648.0 358.28385698808233
140417.0 358.28385698808233
140785.0 356.95391277451284
144018.0 356.95391277451284
144252.0 356.2731591448931
147620.0 356.2731591448931
147853.0 356.9794933655006
151169.0 356.9794933655006
151389.0 345.9932489451477
175089.0 345.9932489451477
175362.0 358.653905526397
178601.0 358.653905526397
178832.0 365.4549310710498
182604.0 365.4549310710498
182834.0 352.55936675461743
186624.0 352.55936675461743
186871.0 344.1311475409836
190592.0 344.1311475409836
190839.0 355.77490297542045
193931.0 355.77490297542045
194274.0 356.2873260624295
196933.0 356.2873260624295
197140.0 357.12127236580517
199655.0 357.12127236580517
