129.0 354.30158343483555
4234.0 354.30158343483555
4439.0 550.7256637168142
6699.0 550.7256637168142
6861.0 750.4064386317907
8352.0 750.4064386317907
8466.0 749.9734620024126
10124.0 749.9734620024126
10271.0 896.1864290610007
11730.0 896.1864290610007
11840.0 1107.798245614035
12752.0 1107.798245614035
12841.0 1103.8343834383438
13952.0 1103.8343834383438
14039.0 1632.3849765258217
14891.0 1632.3849765258217
15022.0 2185.3504163997436
18144.0 2185.3504163997436
18216.0 2159.2155936207914
21602.0 2159.2155936207914
21715.0 3225.4620334620336
24046.0 3225.4620334620336
24114.0 3189.6671012603215
26415.0 3189.6671012603215
26511.0 1072.0079252759695
33577.0 1072.0079252759695
33651.0 761.7484611851171
44536.0 761.7484611851171
44694.0 604.0294063591251
55576.0 604.0294063591251
55642.0 1266.0228832951946
56516.0 1266.0228832951946
56642.0 1271.3975636766334
57545.0 1271.3975636766334
57654.0 994.8996332110704
60653.0 994.8996332110704
60750.0 1235.361344537815
61821.0 1235.361344537815
61924.0 2112.7289156626507
63252.0 2112.7289156626507
63320.0 1493.6115942028985
65390.0 1493.6115942028985
65528.0 999.1956066945606
73176.0 999.1956066945606
73220.0 1181.6002441257247
79774.0 1181.6002441257247
79820.0 2123.0722525804495
83114.0 2123.0722525804495
83224.0 2001.6182780718864
86813.0 2001.6182780718864
86912.0 2982.5020576131687
89342.0 2982.5020576131687
89416.0 2984.3354123354125
92302.0 2984.3354123354125
92416.0 2432.0673616680033
94910.0 2432.0673616680033
95020.0 2384.3088235294117
98284.0 2384.3088235294117
98604.0 2385.1170180262757
101877.0 2385.1170180262757
101919.0 2441.4507337526206
104781.0 2441.4507337526206
104916.0 3206.8979420411592
107297.0 3206.8979420411592
107413.0 5153.19941775837
108787.0 5153.19941775837
108930.0 5383.781047675103
112328.0 5383.781047675103
112426.0 5426.894767783657
115828.0 5426.894767783657
115931.0 4530.265187533017
119717.0 4530.265187533017
119813.0 4541.173270254288
123195.0 4541.173270254288
123311.0 4769.499167129373
126913.0 4769.499167129373
127012.0 3662.5101909461487
131673.0 3662.5101909461487
131713.0 3532.707818930041
136573.0 3532.707818930041
136615.0 4180.403469640644
140650.0 4180.403469640644
140903.0 3340.322629969419
146135.0 3340.322629969419
146217.0 887.2327392463284
165350.0 887.2327392463284
165454.0 1275.2497545008184
171564.0 1275.2497545008184
171633.0 2253.7246153846154
176833.0 2253.7246153846154
176920.0 2524.586118251928
180032.0 2524.586118251928
180121.0 2105.2655007949124
181379.0 2105.2655007949124
181425.0 1765.8861560084329
182848.0 1765.8861560084329
182929.0 1779.002606429192
184080.0 1779.002606429192
