23.0 1838.6953223767382
814.0 1838.6953223767382
926.0 1854.903129657228
1597.0 1854.903129657228
1729.0 1861.657237936772
2330.0 1861.657237936772
2429.0 1855.9044776119404
3099.0 1855.9044776119404
3231.0 1826.116472545757
5034.0 1826.116472545757
5133.0 2019.686101481248
8306.0 2019.686101481248
8415.0 3849.160467587673
10297.0 3849.160467587673
10409.0 3645.851310700473
12736.0 3645.851310700473
12816.0 4887.295128939828
14212.0 4887.295128939828
14309.0 5099.502791654422
17712.0 5099.502791654422
17812.0 5335.43295489414
21071.0 5335.43295489414
21108.0 6325.5419330575405
23767.0 6325.5419330575405
23809.0 6411.209285455205
26566.0 6411.209285455205
26609.0 4898.5489773950485
30325.0 4898.5489773950485
30409.0 6575.07868852459
32849.0 6575.07868852459
32908.0 6855.041401273886
35420.0 6855.041401273886
35510.0 5678.088034717917
38736.0 5678.088034717917
39000.0 6520.02216066482
41527.0 6520.02216066482
41608.0 6402.092972972973
44383.0 6402.092972972973
44506.0 5832.938471940501
47464.0 5832.938471940501
47509.0 4007.41257367387
51581.0 4007.41257367387
51613.0 3840.262902514336
56147.0 3840.262902514336
56213.0 3751.751741608613
60950.0 3751.751741608613
61015.0 3760.0827776500346
65364.0 3760.0827776500346
65412.0 4545.159781761497
69261.0 4545.159781761497
69311.0 4195.77678126557
73325.0 4195.77678126557
73603.0 4941.904074265085
77481.0 4941.904074265085
77609.0 4707.962996120561
80960.0 4707.962996120561
81014.0 4520.093170989941
84792.0 4520.093170989941
84913.0 4693.174301978856
88602.0 4693.174301978856
88710.0 5041.915896212347
92063.0 5041.915896212347
92114.0 4036.367394879023
96371.0 4036.367394879023
96416.0 3457.9980272243047
101485.0 3457.9980272243047
101609.0 5792.934768841039
104767.0 5792.934768841039
104811.0 4001.364542696142
109425.0 4001.364542696142
109706.0 3268.2134146341464
114954.0 3268.2134146341464
115017.0 3197.636477201749
119820.0 3197.636477201749
119916.0 3504.638106895145
124818.0 3504.638106895145
124912.0 4355.947945904568
128831.0 4355.947945904568
128912.0 4537.251585623679
132696.0 4537.251585623679
132812.0 4703.828220858895
136398.0 4703.828220858895
136511.0 4899.514437903
140078.0 4899.514437903
140110.0 4616.650530323634
143787.0 4616.650530323634
143913.0 4375.848163667735
147970.0 4375.848163667735
148203.0 4342.171136653896
152118.0 4342.171136653896
152213.0 4046.8471065075432
156654.0 4046.8471065075432
156717.0 4175.970188980569
160474.0 4175.970188980569
160512.0 4215.182396088019
164602.0 4215.182396088019
164713.0 4252.600667408231
167410.0 4252.600667408231
