115.0 440.5961829748561
3416.0 440.5961829748561
3631.0 442.46000710984714
6444.0 442.46000710984714
6607.0 439.9748328745576
9150.0 439.9748328745576
9312.0 442.1963015647226
12124.0 442.1963015647226
12314.0 439.36021505376345
15290.0 439.36021505376345
15506.0 444.67957746478874
17778.0 444.67957746478874
17913.0 541.2003530450132
20179.0 541.2003530450132
20288.0 579.4966666666667
22688.0 579.4966666666667
22778.0 662.0977484898408
24599.0 662.0977484898408
24781.0 664.778972520908
26455.0 664.778972520908
26582.0 630.7504168982769
28381.0 630.7504168982769
28655.0 489.4921630094044
31207.0 489.4921630094044
31432.0 435.0837449741528
48842.0 435.0837449741528
49025.0 500.66411416637663
51898.0 500.66411416637663
52091.0 639.5022831050228
53843.0 639.5022831050228
53977.0 623.0315315315315
55753.0 623.0315315315315
55897.0 556.5060591371789
57960.0 556.5060591371789
58097.0 553.22681359045
60275.0 553.22681359045
60407.0 282.71917748540557
71884.0 282.71917748540557
72126.0 315.434648754548
75699.0 315.434648754548
76120.0 332.1137440758294
79918.0 332.1137440758294
80196.0 340.11206896551727
83908.0 340.11206896551727
84155.0 368.4787861758921
87714.0 368.4787861758921
87943.0 370.6603837091888
90914.0 370.6603837091888
91162.0 346.62887511071744
94549.0 346.62887511071744
94774.0 319.5391800726518
98628.0 319.5391800726518
98853.0 316.831700413673
103446.0 316.831700413673
103670.0 328.1328413284133
106380.0 328.1328413284133
106528.0 405.02307185234014
109562.0 405.02307185234014
109860.0 405.107713217805
112803.0 405.107713217805
113041.0 401.4561683136755
116178.0 401.4561683136755
116327.0 260.0421052631579
121172.0 260.0421052631579
121426.0 232.44103392568658
126378.0 232.44103392568658
126632.0 236.1907514450867
132168.0 236.1907514450867
132258.0 946.9465346534654
133773.0 946.9465346534654
133850.0 940.6705882352941
135210.0 940.6705882352941
135350.0 939.2328278322926
136471.0 939.2328278322926
136553.0 905.1897810218978
137649.0 905.1897810218978
137935.0 891.1444015444015
139230.0 891.1444015444015
139353.0 894.8008948545861
140694.0 894.8008948545861
140855.0 842.9605989934945
149002.0 842.9605989934945
149198.0 712.4893561560518
160707.0 712.4893561560518
160899.0 568.3365949119374
162943.0 568.3365949119374
163095.0 560.1365298659082
165556.0 560.1365298659082
165685.0 563.7974683544304
168055.0 563.7974683544304
168192.0 836.9359477124183
169722.0 836.9359477124183
169868.0 839.7374045801527
171178.0 839.7374045801527
171261.0 875.5595818815331
174131.0 875.5595818815331
174261.0 883.7427708243418
176578.0 883.7427708243418
