17.0 2436.1943048576213
614.0 2436.1943048576213
724.0 2459.7628458498025
1230.0 2459.7628458498025
1319.0 2459.024175824176
1774.0 2459.024175824176
1819.0 2462.289108910891
2324.0 2462.289108910891
2419.0 2401.522975929978
3790.0 2401.522975929978
3924.0 2408.291619691845
6585.0 2408.291619691845
6613.0 4132.413006274957
8366.0 4132.413006274957
8407.0 2036.9498199279712
12572.0 2036.9498199279712
12616.0 3867.7233560090704
14380.0 3867.7233560090704
14405.0 2563.5007012622723
17257.0 2563.5007012622723
17322.0 1803.010071942446
21492.0 1803.010071942446
21617.0 1160.5667299177735
27941.0 1160.5667299177735
28012.0 3029.9232
30512.0 3029.9232
30805.0 2314.159084566006
34388.0 2314.159084566006
34512.0 3637.547315993359
36319.0 3637.547315993359
36410.0 3634.527559055118
38442.0 3634.527559055118
38509.0 3334.882276843467
40828.0 3334.882276843467
40967.0 693.7595688239505
64716.0 693.7595688239505
64881.0 642.1468434593311
69934.0 642.1468434593311
70082.0 695.2794571252314
71703.0 695.2794571252314
71874.0 709.4308211473566
73652.0 709.4308211473566
73772.0 713.2745762711864
75542.0 713.2745762711864
75670.0 742.5911664779162
77436.0 742.5911664779162
77561.0 761.8836565096952
81171.0 761.8836565096952
81264.0 626.0543596434007
85863.0 626.0543596434007
85999.0 698.1049519586105
92764.0 698.1049519586105
92863.0 720.7568103021298
94882.0 720.7568103021298
95135.0 730.0821018062397
96353.0 730.0821018062397
96471.0 620.9398686205154
98450.0 620.9398686205154
98588.0 613.9196704428424
100530.0 613.9196704428424
100699.0 728.6407322654462
104632.0 728.6407322654462
104758.0 732.3521609878802
109131.0 732.3521609878802
109262.0 706.8017200191114
113448.0 706.8017200191114
113571.0 442.77999731867544
121030.0 442.77999731867544
121279.0 291.35337124289197
126203.0 291.35337124289197
126495.0 281.6007043803654
131038.0 281.6007043803654
131413.0 498.7588820464235
133524.0 498.7588820464235
133669.0 781.1716535433071
134939.0 781.1716535433071
135239.0 655.6793760831889
139855.0 655.6793760831889
140051.0 363.2120859965137
148656.0 363.2120859965137
148806.0 493.021241149521
151207.0 493.021241149521
151406.0 488.2564102564103
154058.0 488.2564102564103
154208.0 493.70165745856355
156561.0 493.70165745856355
156711.0 572.4651162790698
159119.0 572.4651162790698
159274.0 625.8548009367681
161409.0 625.8548009367681
161584.0 657.1614518147685
166378.0 657.1614518147685
166477.0 676.9671641791044
172842.0 676.9671641791044
172977.0 628.2281167108754
174485.0 628.2281167108754
174583.0 670.6950540452015
177636.0 670.6950540452015
