27.0 1780.1811505507956
844.0 1780.1811505507956
924.0 1790.8489208633093
1619.0 1790.8489208633093
1728.0 1798.8038585209003
2350.0 1798.8038585209003
2425.0 1794.3088023088023
3118.0 1794.3088023088023
3228.0 1781.384196185286
3962.0 1781.384196185286
4030.0 1769.8
5470.0 1769.8
5530.0 1562.5798101811906
10166.0 1562.5798101811906
10226.0 1546.462996718921
15712.0 1546.462996718921
15842.0 1861.0649208947082
19508.0 1861.0649208947082
19638.0 1768.530237058539
23772.0 1768.530237058539
23824.0 1540.6868852459017
28704.0 1540.6868852459017
28820.0 1783.1448007774538
32936.0 1783.1448007774538
33041.0 1367.7876489707476
38579.0 1367.7876489707476
38625.0 1267.2523307351369
45168.0 1267.2523307351369
45414.0 1387.0116058240135
50153.0 1387.0116058240135
50240.0 1326.1555036810917
55809.0 1326.1555036810917
55929.0 1282.3067484662577
61960.0 1282.3067484662577
62024.0 2160.538740043447
63405.0 2160.538740043447
63516.0 2240.8618784530386
64964.0 2240.8618784530386
65016.0 2246.3602882305845
66265.0 2246.3602882305845
66323.0 1563.46346216304
69402.0 1563.46346216304
69531.0 1456.9776930409914
74776.0 1456.9776930409914
74837.0 1843.8590476190477
79037.0 1843.8590476190477
79315.0 1699.4896719319563
83430.0 1699.4896719319563
83518.0 1859.6448356199844
87381.0 1859.6448356199844
87430.0 1574.5122746035195
92033.0 1574.5122746035195
92118.0 2123.993094944513
96173.0 2123.993094944513
96220.0 1907.4138364779874
99400.0 1907.4138364779874
99517.0 1644.9765377298668
104248.0 1644.9765377298668
104342.0 1554.7675761800438
109363.0 1554.7675761800438
109421.0 1693.9229090909091
113546.0 1693.9229090909091
113626.0 2109.8712351478307
117245.0 2109.8712351478307
117506.0 2326.049934296978
120550.0 2326.049934296978
120621.0 1977.510881593508
123332.0 1977.510881593508
123442.0 1531.7126329539094
128801.0 1531.7126329539094
128920.0 1471.7474176573767
134051.0 1471.7474176573767
134143.0 1143.6940576583643
139242.0 1143.6940576583643
139346.0 1952.3390535621425
143192.0 1952.3390535621425
143324.0 1808.7384921622295
147343.0 1808.7384921622295
147425.0 1544.5261410788382
152245.0 1544.5261410788382
152336.0 1559.5708390646491
155244.0 1559.5708390646491
155327.0 1637.933972310969
157205.0 1637.933972310969
157329.0 1738.752336448598
159041.0 1738.752336448598
159123.0 1863.0435706695005
161005.0 1863.0435706695005
161118.0 2215.056210964608
162559.0 2215.056210964608
162617.0 1426.3819898329702
168125.0 1426.3819898329702
168217.0 1848.63421418637
171812.0 1848.63421418637
171939.0 1500.3235098604032
176452.0 1500.3235098604032
176518.0 1719.5979899497488
179304.0 1719.5979899497488
