24.0 1986.896174863388
756.0 1986.896174863388
824.0 2013.9805825242718
1442.0 2013.9805825242718
1524.0 2005.1182795698924
2082.0 2005.1182795698924
2130.0 1968.3655083655083
3684.0 1968.3655083655083
3719.0 1971.5497005988025
5389.0 1971.5497005988025
5531.0 2038.9640470887687
8674.0 2038.9640470887687
8714.0 3194.0564373897705
10982.0 3194.0564373897705
11013.0 3191.834462001505
13671.0 3191.834462001505
13709.0 3228.899195456697
15822.0 3228.899195456697
15915.0 3296.259693417493
18133.0 3296.259693417493
18215.0 3406.6841866787495
20422.0 3406.6841866787495
20511.0 3742.694543600204
22472.0 3742.694543600204
22513.0 3424.1968229368463
27675.0 3424.1968229368463
27717.0 4005.943661971831
32261.0 4005.943661971831
32313.0 4010.798
36313.0 4010.798
36409.0 4028.9808142255497
40683.0 4028.9808142255497
40812.0 3651.81658692185
45828.0 3651.81658692185
45910.0 4197.731464968153
49835.0 4197.731464968153
49912.0 4019.4135746606335
54332.0 4019.4135746606335
54410.0 3778.7630310994305
58976.0 3778.7630310994305
59202.0 4145.880081300813
63138.0 4145.880081300813
63210.0 4040.787189603156
67519.0 4040.787189603156
67614.0 4059.3988122430333
71992.0 4059.3988122430333
72110.0 4454.535548896758
75781.0 4454.535548896758
75810.0 4488.0246280143665
79708.0 4488.0246280143665
79811.0 4376.779625779625
83659.0 4376.779625779625
83711.0 4269.259077745601
88200.0 4269.259077745601
88312.0 4420.393387503503
91881.0 4420.393387503503
91910.0 4278.855424705587
95901.0 4278.855424705587
96202.0 4247.576054955839
100278.0 4247.576054955839
100312.0 4389.910153206959
104163.0 4389.910153206959
104209.0 4500.475641697224
108027.0 4500.475641697224
108110.0 2814.481695568401
114338.0 2814.481695568401
114416.0 3652.972843450479
119424.0 3652.972843450479
119510.0 4060.324609632725
124057.0 4060.324609632725
124112.0 4168.064155528554
128227.0 4168.064155528554
128311.0 3961.374258447253
132188.0 3961.374258447253
132314.0 3979.5543201297196
136631.0 3979.5543201297196
136902.0 4456.00626468285
140733.0 4456.00626468285
140813.0 4225.6854540979575
144876.0 4225.6854540979575
144914.0 3662.9593919652552
149519.0 3662.9593919652552
149615.0 3946.8310749774164
154043.0 3946.8310749774164
154113.0 4051.4138424821003
158303.0 4051.4138424821003
158413.0 4105.646623496762
162737.0 4105.646623496762
162813.0 4120.116335433834
166939.0 4120.116335433834
167013.0 4037.7551112109636
171464.0 4037.7551112109636
171513.0 3865.2673072185266
175572.0 3865.2673072185266
175804.0 3948.716445258818
180170.0 3948.716445258818
180213.0 4515.458267716535
182753.0 4515.458267716535
