24.0 1911.180026281209
785.0 1911.180026281209
924.0 1929.6744186046512
1569.0 1929.6744186046512
1626.0 1929.0620689655173
2206.0 1929.0620689655173
2327.0 1896.3670179789212
3940.0 1896.3670179789212
4022.0 1897.6876080691643
5757.0 1897.6876080691643
5826.0 1882.6274970622796
9230.0 1882.6274970622796
9324.0 1887.9645556424289
13161.0 1887.9645556424289
13222.0 748.6671373102718
24554.0 748.6671373102718
24643.0 1191.3833992094862
25655.0 1191.3833992094862
25737.0 1197.8902045209902
26666.0 1197.8902045209902
26737.0 1226.7243243243242
27662.0 1226.7243243243242
27921.0 1309.4171907756813
28875.0 1309.4171907756813
28940.0 1308.0016927634363
31303.0 1308.0016927634363
31618.0 1417.8577291381669
37466.0 1417.8577291381669
37535.0 1224.0312849162012
42905.0 1224.0312849162012
43024.0 1871.132505700532
46971.0 1871.132505700532
47023.0 1664.2117495158166
51670.0 1664.2117495158166
51729.0 1374.7986030267753
56883.0 1374.7986030267753
57038.0 1005.3007633587787
64898.0 1005.3007633587787
65054.0 1123.7895377128955
71630.0 1123.7895377128955
71916.0 1208.6692728694293
74474.0 1208.6692728694293
74549.0 958.6150341685649
75866.0 958.6150341685649
75955.0 967.1209439528023
77311.0 967.1209439528023
77450.0 948.4137931034483
80350.0 948.4137931034483
80451.0 947.424810793024
83490.0 947.424810793024
83631.0 1516.8438677270824
88409.0 1516.8438677270824
88528.0 1115.2132590962062
96251.0 1115.2132590962062
96350.0 1059.8595142407828
102073.0 1059.8595142407828
102161.0 805.295410471881
108349.0 805.295410471881
108628.0 789.0350761085374
110139.0 789.0350761085374
110262.0 779.794427244582
111877.0 779.794427244582
111969.0 427.95652173913044
114913.0 427.95652173913044
115147.0 355.37141092929915
118386.0 355.37141092929915
118647.0 558.2650439486139
124563.0 558.2650439486139
124651.0 971.4514078110808
127954.0 971.4514078110808
128048.0 843.2774647887323
133728.0 843.2774647887323
133876.0 744.0848056537102
135291.0 744.0848056537102
135472.0 1045.4035827186513
136421.0 1045.4035827186513
136721.0 1044.3728506787331
137826.0 1044.3728506787331
137943.0 952.5876257238647
141224.0 952.5876257238647
141359.0 884.52096
144484.0 884.52096
144567.0 735.7155555555555
151542.0 735.7155555555555
151671.0 1236.189368770764
154079.0 1236.189368770764
154126.0 1618.565849605318
158940.0 1618.565849605318
159026.0 1460.4896249762041
164279.0 1460.4896249762041
164335.0 811.6231404958678
174015.0 811.6231404958678
174141.0 1575.2168760369757
178360.0 1575.2168760369757
178431.0 1605.6343372065448
182648.0 1605.6343372065448
182732.0 1355.631013016412
186266.0 1355.631013016412
