13.0 3682.045569620253
408.0 3682.045569620253
513.0 3693.293768545994
850.0 3693.293768545994
913.0 3717.1295681063125
1214.0 3717.1295681063125
1313.0 3628.0822320117472
2675.0 3628.0822320117472
2718.0 3518.972639011474
4984.0 3518.972639011474
5112.0 2994.6093457943925
7252.0 2994.6093457943925
7318.0 2847.5314465408806
9862.0 2847.5314465408806
9916.0 3070.537821208831
12679.0 3070.537821208831
12714.0 3592.766719325961
14613.0 3592.766719325961
14714.0 3853.788141239174
19217.0 3853.788141239174
19314.0 3474.855315747402
24318.0 3474.855315747402
24413.0 3318.13296508187
29482.0 3318.13296508187
29618.0 3160.8912732474964
35210.0 3160.8912732474964
35312.0 3767.17880794702
40144.0 3767.17880794702
40216.0 3804.4088214370404
44433.0 3804.4088214370404
44512.0 3619.899936935043
49269.0 3619.899936935043
49318.0 2233.8429268292684
57518.0 2233.8429268292684
57631.0 2216.641109298532
62535.0 2216.641109298532
62626.0 1768.1056164690087
67095.0 1768.1056164690087
67241.0 1172.4639060764716
73544.0 1172.4639060764716
73658.0 912.2974328710534
77047.0 912.2974328710534
77143.0 1251.234886025768
78152.0 1251.234886025768
78239.0 1396.6091586794462
79178.0 1396.6091586794462
79239.0 1261.651376146789
81419.0 1261.651376146789
81547.0 1037.1844380403459
84323.0 1037.1844380403459
84444.0 1118.8213627992634
87159.0 1118.8213627992634
87244.0 1185.6066829098504
90117.0 1185.6066829098504
90236.0 1462.6419098143235
94383.0 1462.6419098143235
94429.0 1739.468931604828
98903.0 1739.468931604828
99035.0 1763.3810707025073
103462.0 1763.3810707025073
103526.0 1827.2573221757323
107350.0 1827.2573221757323
107433.0 1840.7965284474446
111581.0 1840.7965284474446
111626.0 1806.709874968104
115545.0 1806.709874968104
115629.0 1524.5043254187374
121062.0 1524.5043254187374
121134.0 1218.955746955747
127868.0 1218.955746955747
128125.0 578.6174239521876
141176.0 578.6174239521876
141281.0 678.4020618556701
142833.0 678.4020618556701
142977.0 683.2561983471074
144429.0 683.2561983471074
144572.0 717.681592039801
146180.0 717.681592039801
146254.0 816.8332198774676
147723.0 816.8332198774676
147856.0 874.447326795318
151017.0 874.447326795318
151132.0 1453.7051039697542
153248.0 1453.7051039697542
153329.0 888.5802985074627
156679.0 888.5802985074627
156767.0 630.8619544976116
169118.0 630.8619544976116
169446.0 789.7163120567376
171138.0 789.7163120567376
171254.0 848.5831676607024
172763.0 848.5831676607024
172864.0 852.0960495739737
174155.0 852.0960495739737
174257.0 739.5534738485558
175538.0 739.5534738485558
175848.0 670.0366492146596
178904.0 670.0366492146596
