8.0 5386.696296296296
278.0 5386.696296296296
307.0 5318.2
907.0 5318.2
1009.0 5325.419354838709
1536.0 5325.419354838709
1606.0 5292.110726643598
2184.0 5292.110726643598
2210.0 5319.043618739903
2829.0 5319.043618739903
2908.0 5034.142969363707
4181.0 5034.142969363707
4210.0 4202.649135622109
8317.0 4202.649135622109
8411.0 4135.75079006772
12841.0 4135.75079006772
12907.0 4016.549096238398
17001.0 4016.549096238398
17109.0 4019.8304378040307
21426.0 4019.8304378040307
21515.0 3924.2103362672083
25946.0 3924.2103362672083
26010.0 4100.345197464651
30112.0 4100.345197464651
30209.0 4134.667602339181
34484.0 4134.667602339181
34609.0 4108.103814037463
39040.0 4108.103814037463
39301.0 4077.0500635324015
43236.0 4077.0500635324015
43309.0 4104.854350417163
47504.0 4104.854350417163
47610.0 3955.411790110127
52241.0 3955.411790110127
52311.0 4057.152425510958
56372.0 4057.152425510958
56415.0 3885.784776902887
60987.0 3885.784776902887
61113.0 4020.9349801910976
65404.0 4020.9349801910976
65510.0 4063.292828685259
69526.0 4063.292828685259
69610.0 4062.471301913206
73896.0 4062.471301913206
74011.0 4085.5282758620688
78361.0 4085.5282758620688
78601.0 4102.5087807325635
82587.0 4102.5087807325635
82714.0 4017.9880569591182
87068.0 4017.9880569591182
87114.0 4048.521153846154
91274.0 4048.521153846154
91309.0 4095.8974139773454
95988.0 4095.8974139773454
96113.0 4033.849143441575
100024.0 4033.849143441575
100113.0 4039.960255500355
104340.0 4039.960255500355
104410.0 3831.1838902412037
108929.0 3831.1838902412037
109013.0 3989.038225578103
113251.0 3989.038225578103
113315.0 4081.4289786223276
117525.0 4081.4289786223276
117802.0 4050.0443622920516
122130.0 4050.0443622920516
122211.0 3985.6400871459696
126801.0 3985.6400871459696
126913.0 4239.333180252584
131268.0 4239.333180252584
131310.0 3566.5593678519444
136119.0 3566.5593678519444
136216.0 3305.950113378685
137980.0 3305.950113378685
138011.0 4056.5618584548893
139862.0 4056.5618584548893
139913.0 4052.0178372352284
141707.0 4052.0178372352284
141813.0 3631.52
143863.0 3631.52
143914.0 3641.3573700954403
145800.0 3641.3573700954403
145910.0 4069.498759305211
147925.0 4069.498759305211
148013.0 4074.7537205952954
152179.0 4074.7537205952954
152212.0 4035.6481018413274
156611.0 4035.6481018413274
156713.0 3921.4763552479817
161048.0 3921.4763552479817
161114.0 3911.218280739935
165709.0 3911.218280739935
165813.0 4080.395318595579
169658.0 4080.395318595579
169713.0 4048.8717707844057
173971.0 4048.8717707844057
174014.0 4099.093638313081
176812.0 4099.093638313081
