14.0 3358.9099307159354
447.0 3358.9099307159354
515.0 3373.008130081301
884.0 3373.008130081301
906.0 3380.229607250755
1237.0 3380.229607250755
1317.0 3306.854054054054
2242.0 3306.854054054054
2314.0 3296.4001653575856
4733.0 3296.4001653575856
4807.0 3637.039727582293
6569.0 3637.039727582293
6607.0 2386.8599670510707
9642.0 2386.8599670510707
9721.0 2175.9158758656067
13620.0 2175.9158758656067
13711.0 3020.214254094732
15970.0 3020.214254094732
16012.0 3095.302286198137
18374.0 3095.302286198137
18410.0 1745.6586951474344
22717.0 1745.6586951474344
22822.0 1297.6350777934936
28478.0 1297.6350777934936
28725.0 1193.0710348086313
35074.0 1193.0710348086313
35124.0 1612.2169939723897
40267.0 1612.2169939723897
40325.0 2447.151154132539
43011.0 2447.151154132539
43114.0 3064.4647302904564
45524.0 3064.4647302904564
45615.0 2729.824214613484
48448.0 2729.824214613484
48511.0 2687.0352673492607
51148.0 2687.0352673492607
51215.0 2610.394449950446
54242.0 2610.394449950446
54317.0 2608.556300741264
57150.0 2608.556300741264
57216.0 2799.3846153846152
59764.0 2799.3846153846152
59998.0 6841.40376007162
61115.0 6841.40376007162
61208.0 6469.6206771022935
63955.0 6469.6206771022935
64010.0 3577.4666374972653
68581.0 3577.4666374972653
68713.0 2651.0562206394907
75312.0 2651.0562206394907
75413.0 3330.4030057346254
80470.0 3330.4030057346254
80508.0 3119.2552083333335
86652.0 3119.2552083333335
86715.0 2719.128576352982
92517.0 2719.128576352982
92612.0 4238.498883097543
96641.0 4238.498883097543
96710.0 4064.112676056338
100970.0 4064.112676056338
101199.0 3637.1652323580033
105847.0 3637.1652323580033
105915.0 3611.3526691887346
110673.0 3611.3526691887346
110805.0 7513.32704672096
113138.0 7513.32704672096
113205.0 7503.727645611157
115643.0 7503.727645611157
115709.0 4049.637201140601
120268.0 4049.637201140601
120307.0 4076.9156168290942
124514.0 4076.9156168290942
124608.0 4294.812080536913
128184.0 4294.812080536913
128310.0 4324.121822300529
132283.0 4324.121822300529
132409.0 4367.091327705295
136318.0 4367.091327705295
136601.0 4368.692111959287
140531.0 4368.692111959287
140608.0 4682.933925596891
144210.0 4682.933925596891
144308.0 4737.481160206018
147997.0 4737.481160206018
148107.0 4711.469331112961
151710.0 4711.469331112961
151809.0 4644.902145473574
155631.0 4644.902145473574
155707.0 4647.238928376162
159365.0 4647.238928376162
159407.0 4587.046452271567
163325.0 4587.046452271567
163409.0 4543.620040544454
166862.0 4543.620040544454
166908.0 4480.274428274428
170756.0 4480.274428274428
171002.0 4341.129447388342
173644.0 4341.129447388342
