40.0 1085.379104477612
1380.0 1085.379104477612
1447.0 1097.5661375661375
2581.0 1097.5661375661375
2638.0 1093.700879765396
3661.0 1093.700879765396
3739.0 1094.5915492957747
4875.0 1094.5915492957747
4942.0 1085.0921161825727
6147.0 1085.0921161825727
6249.0 1079.877966101695
8609.0 1079.877966101695
8754.0 933.6409331099369
16513.0 933.6409331099369
16657.0 912.5931758530184
18181.0 912.5931758530184
18246.0 959.9363057324841
19502.0 959.9363057324841
19642.0 1023.1043940666107
26788.0 1023.1043940666107
26952.0 1093.4485165794067
33828.0 1093.4485165794067
33946.0 1480.0209719701552
38905.0 1480.0209719701552
39030.0 653.6205022003625
50619.0 653.6205022003625
50787.0 558.1715172681412
53364.0 558.1715172681412
53492.0 678.6238643246518
55143.0 678.6238643246518
55266.0 749.6639566395664
56742.0 749.6639566395664
56874.0 752.8340983606557
58399.0 752.8340983606557
58563.0 735.1604636973765
60202.0 735.1604636973765
60365.0 732.6186498080831
64794.0 732.6186498080831
64973.0 672.062015503876
66650.0 672.062015503876
66778.0 660.4020942408376
68688.0 660.4020942408376
69036.0 660.9926701570681
70946.0 660.9926701570681
71073.0 651.8296836982969
76005.0 651.8296836982969
76180.0 745.7240349754745
85558.0 745.7240349754745
85665.0 785.3056856187291
87160.0 785.3056856187291
87263.0 794.5187096774193
88813.0 794.5187096774193
88965.0 793.8941625750136
90798.0 793.8941625750136
90966.0 802.5631768953068
92074.0 802.5631768953068
92165.0 783.5538160469667
96253.0 783.5538160469667
96375.0 1093.686274509804
101067.0 1093.686274509804
101140.0 1129.373201874899
107327.0 1129.373201874899
107631.0 855.0530795072789
116561.0 855.0530795072789
116670.0 658.405802492096
127424.0 658.405802492096
127554.0 834.4301212507977
129121.0 834.4301212507977
129264.0 843.4003527336861
130965.0 843.4003527336861
131052.0 833.9713168187744
132586.0 833.9713168187744
132832.0 750.1495327102804
136256.0 750.1495327102804
136377.0 592.1228249744115
141262.0 592.1228249744115
141382.0 593.1052322163433
146485.0 593.1052322163433
146585.0 599.3646353646353
148587.0 599.3646353646353
148789.0 789.689126084056
150288.0 789.689126084056
150627.0 857.5205298013245
152137.0 857.5205298013245
152273.0 866.9253731343283
153613.0 866.9253731343283
153755.0 845.6941630487216
157901.0 845.6941630487216
158055.0 1093.4937286202965
165071.0 1093.4937286202965
165142.0 1308.7642845244045
171145.0 1308.7642845244045
171241.0 1317.573354480571
176285.0 1317.573354480571
176339.0 1315.004855311711
181488.0 1315.004855311711
181631.0 1177.6794493608652
185699.0 1177.6794493608652
