14.0 2829.5875486381324
528.0 2829.5875486381324
623.0 2854.678899082569
1059.0 2854.678899082569
1115.0 2846.961832061069
1508.0 2846.961832061069
1628.0 2788.3682771194167
2725.0 2788.3682771194167
2814.0 2792.610687022901
3993.0 2792.610687022901
4112.0 2873.1815107102593
4999.0 2873.1815107102593
5111.0 2926.4896265560164
6075.0 2926.4896265560164
6116.0 2887.643294758339
9054.0 2887.643294758339
9122.0 2878.8081232492996
14834.0 2878.8081232492996
14913.0 2908.2634489693314
20880.0 2908.2634489693314
20914.0 3048.4179523141656
26618.0 3048.4179523141656
26713.0 3374.7223113964687
31697.0 3374.7223113964687
31813.0 3300.168782673637
37169.0 3300.168782673637
37216.0 3172.9140665853233
42953.0 3172.9140665853233
43013.0 3142.0274187230707
48119.0 3142.0274187230707
48216.0 3441.2198241406873
53220.0 3441.2198241406873
53313.0 3272.7854422344476
55676.0 3272.7854422344476
55714.0 3050.24192854068
58037.0 3050.24192854068
58119.0 2128.6810344827586
61831.0 2128.6810344827586
61919.0 2129.6945244956773
65389.0 2129.6945244956773
65522.0 2173.981103322158
68803.0 2173.981103322158
68913.0 2975.797507788162
71481.0 2975.797507788162
71511.0 2968.2667688769643
74120.0 2968.2667688769643
74211.0 2963.3050847457625
76571.0 2963.3050847457625
76803.0 2917.8748984565395
79265.0 2917.8748984565395
79313.0 2896.6746602717826
81815.0 2896.6746602717826
81912.0 2899.929966329966
84882.0 2899.929966329966
84913.0 2925.9893873613123
86986.0 2925.9893873613123
87016.0 3022.9973446627723
92665.0 3022.9973446627723
92713.0 2747.67814632598
99014.0 2747.67814632598
99114.0 2832.6983914209113
105082.0 2832.6983914209113
105211.0 3152.231884057971
110662.0 3152.231884057971
110712.0 3265.3859910581223
116080.0 3265.3859910581223
116116.0 3300.8432544840134
119963.0 3300.8432544840134
120014.0 3014.486962908557
122737.0 3014.486962908557
122811.0 2926.951937984496
125391.0 2926.951937984496
125512.0 2924.6218655967905
127506.0 2924.6218655967905
127611.0 3146.980720871752
129997.0 3146.980720871752
130115.0 3230.8088888888888
132365.0 3230.8088888888888
132414.0 3231.5000941087897
137727.0 3231.5000941087897
137813.0 3507.574963609898
142622.0 3507.574963609898
142714.0 3457.967550455085
147768.0 3457.967550455085
147816.0 3450.289430894309
152736.0 3450.289430894309
152811.0 3301.0070658237264
158189.0 3301.0070658237264
158316.0 3025.9166963332145
163934.0 3025.9166963332145
164019.0 2999.3404539385847
170011.0 2999.3404539385847
170116.0 2769.9717514124295
175780.0 2769.9717514124295
175819.0 2747.660847880299
177423.0 2747.660847880299
177519.0 2743.8717067583048
179265.0 2743.8717067583048
