18.0 2511.93091537133
597.0 2511.93091537133
723.0 2534.908350305499
1214.0 2534.908350305499
1316.0 2531.348416289593
1758.0 2531.348416289593
1821.0 2478.8006482982173
3055.0 2478.8006482982173
3112.0 2488.6530612244896
4435.0 2488.6530612244896
4521.0 1768.3399558498895
8145.0 1768.3399558498895
8225.0 2645.770635500365
10963.0 2645.770635500365
11012.0 2543.896851574213
14347.0 2543.896851574213
14416.0 2194.48825989064
17525.0 2194.48825989064
17620.0 2228.9951219512195
20900.0 2228.9951219512195
21008.0 4088.3915171288745
22847.0 4088.3915171288745
22913.0 2656.3242851972495
25676.0 2656.3242851972495
25713.0 2442.698484359884
28814.0 2442.698484359884
29107.0 2440.869002060642
32504.0 2440.869002060642
32613.0 3363.893551688843
34567.0 3363.893551688843
34613.0 3531.975131516021
36704.0 3531.975131516021
36805.0 6221.715205148834
38048.0 6221.715205148834
38105.0 2766.3022162525185
44061.0 2766.3022162525185
44113.0 2674.7678410117433
50755.0 2674.7678410117433
50812.0 3280.819927742917
56071.0 3280.819927742917
56113.0 3300.6035598705503
61057.0 3300.6035598705503
61114.0 5638.520725388601
64202.0 5638.520725388601
64305.0 7774.299212598426
66591.0 7774.299212598426
66713.0 3325.7270693512305
71630.0 3325.7270693512305
71712.0 2623.229869545659
78381.0 2623.229869545659
78609.0 2089.8185879141333
86668.0 2089.8185879141333
86720.0 2655.8625277161864
93936.0 2655.8625277161864
94014.0 2953.2729314863345
99356.0 2953.2729314863345
99413.0 3150.721771217712
104833.0 3150.721771217712
104909.0 3229.4571908226076
110270.0 3229.4571908226076
110313.0 3447.296900489396
115217.0 3447.296900489396
115315.0 3404.2015158270174
117558.0 3404.2015158270174
117614.0 3108.2071992976294
119892.0 3108.2071992976294
120015.0 2883.8257127487896
121874.0 2883.8257127487896
121914.0 2872.0951714485655
124772.0 2872.0951714485655
124811.0 2876.775619047619
127436.0 2876.775619047619
127517.0 3157.38819707634
129364.0 3157.38819707634
129412.0 3577.272987136732
131511.0 3577.272987136732
131613.0 3572.1474201474202
133648.0 3572.1474201474202
133901.0 3177.386256935553
136244.0 3177.386256935553
136311.0 2998.951965065502
138601.0 2998.951965065502
138711.0 2998.1864716636196
141446.0 2998.1864716636196
141516.0 2751.27667830811
144093.0 2751.27667830811
144219.0 2841.814631022891
150466.0 2841.814631022891
150515.0 3515.2191894127377
155351.0 3515.2191894127377
155411.0 3380.110588677826
160728.0 3380.110588677826
160814.0 3291.1936228235786
165581.0 3291.1936228235786
165610.0 3045.4152976505916
171271.0 3045.4152976505916
171314.0 2993.0229645093946
175146.0 2993.0229645093946
