14.0 3161.75652173913
474.0 3161.75652173913
517.0 3167.022900763359
910.0 3167.022900763359
1023.0 3114.867924528302
1924.0 3114.867924528302
2021.0 3118.0835881753314
3002.0 3118.0835881753314
3117.0 2606.878859857482
4380.0 2606.878859857482
4426.0 2535.030450669915
6068.0 2535.030450669915
6121.0 2558.8555280819496
8952.0 2558.8555280819496
9018.0 2506.32082717873
12403.0 2506.32082717873
12522.0 2570.7098718914845
15176.0 2570.7098718914845
15217.0 2532.422583997229
18104.0 2532.422583997229
18224.0 2507.019673224408
21223.0 2507.019673224408
21316.0 2432.689426582698
24333.0 2432.689426582698
24427.0 2117.642717360917
28004.0 2117.642717360917
28122.0 2115.2122448979594
32042.0 2115.2122448979594
32312.0 2086.6819047619047
35462.0 2086.6819047619047
35525.0 1995.5039178600377
39226.0 1995.5039178600377
39324.0 1997.3119834710744
43196.0 1997.3119834710744
43326.0 1787.5156407669022
47290.0 1787.5156407669022
47425.0 1767.3146946991724
51896.0 1767.3146946991724
52028.0 2007.0722433460076
55710.0 2007.0722433460076
55821.0 2259.370288248337
58978.0 2259.370288248337
59024.0 2451.6676291305744
62141.0 2451.6676291305744
62222.0 2396.8455586505725
65453.0 2396.8455586505725
65708.0 2409.0251464002754
68611.0 2409.0251464002754
68721.0 2312.136466044416
71828.0 2312.136466044416
71920.0 2309.5857233906945
75058.0 2309.5857233906945
75124.0 2401.782487451199
78710.0 2401.782487451199
78827.0 2407.873015873016
85379.0 2407.873015873016
85424.0 2417.4563986409967
92488.0 2417.4563986409967
92626.0 2403.2648528595223
99830.0 2403.2648528595223
99921.0 2347.01429959739
107124.0 2347.01429959739
107225.0 2377.9582684521956
110436.0 2377.9582684521956
110711.0 2402.611469290804
113658.0 2402.611469290804
113726.0 2401.458973615541
117175.0 2401.458973615541
117326.0 2402.238220661399
120743.0 2402.238220661399
120821.0 2420.3641025641027
123941.0 2420.3641025641027
124026.0 2444.1307627829
126412.0 2444.1307627829
126525.0 2419.818240412504
129628.0 2419.818240412504
129718.0 2186.261654135338
133043.0 2186.261654135338
133131.0 2095.304249929637
136684.0 2095.304249929637
136725.0 2450.089190153407
139528.0 2450.089190153407
139810.0 2450.6993424985058
143156.0 2450.6993424985058
143226.0 2256.5372374283897
146368.0 2256.5372374283897
146431.0 1410.5314989138305
151955.0 1410.5314989138305
152066.0 1807.2914016489988
156311.0 1807.2914016489988
156425.0 2472.9342146679255
159602.0 2472.9342146679255
159727.0 2453.244739756368
162436.0 2453.244739756368
162526.0 2452.3578413618256
165287.0 2452.3578413618256
165324.0 2453.0465949820787
167277.0 2453.0465949820787
