16.0 2542.671328671329
588.0 2542.671328671329
721.0 2576.894409937888
1204.0 2576.894409937888
1318.0 2560.3112128146454
1755.0 2560.3112128146454
1822.0 2523.795379537954
3034.0 2523.795379537954
3124.0 2514.6616209397666
6295.0 2514.6616209397666
6417.0 2513.123137254902
8967.0 2513.123137254902
9018.0 2517.067407922168
11896.0 2517.067407922168
12018.0 2513.746962962963
15393.0 2513.746962962963
15520.0 2876.3338954468804
17892.0 2876.3338954468804
18016.0 2956.370400323494
20489.0 2956.370400323494
20613.0 3029.231265108783
23095.0 3029.231265108783
23213.0 3056.819658475635
25614.0 3056.819658475635
25901.0 3260.7869134739562
28224.0 3260.7869134739562
28311.0 2873.053361053361
31197.0 2873.053361053361
31318.0 2529.068103116583
33917.0 2529.068103116583
34019.0 2920.2688809806245
36548.0 2920.2688809806245
36616.0 3558.871575675151
41763.0 3558.871575675151
41811.0 3588.781529078632
46402.0 3588.781529078632
46511.0 3589.052121212121
51461.0 3589.052121212121
51512.0 3620.9511017838404
56277.0 3620.9511017838404
56310.0 3751.306666666667
60660.0 3751.306666666667
60711.0 3593.015270326042
65557.0 3593.015270326042
65611.0 3423.6270468117896
70802.0 3423.6270468117896
70912.0 3842.246240601504
75168.0 3842.246240601504
75401.0 3774.3948220064726
80036.0 3774.3948220064726
80115.0 3364.332401118658
85121.0 3364.332401118658
85216.0 2904.6232191573204
91814.0 2904.6232191573204
91919.0 3353.110308182784
96624.0 3353.110308182784
96714.0 3638.029825308905
101408.0 3638.029825308905
101512.0 3720.851063829787
106165.0 3720.851063829787
106215.0 3242.9587569537694
111428.0 3242.9587569537694
111515.0 3239.5957767722475
116819.0 3239.5957767722475
116917.0 3311.029845107669
122211.0 3311.029845107669
122314.0 3383.4281045751636
124762.0 3383.4281045751636
124813.0 3536.599741490737
127134.0 3536.599741490737
127210.0 4003.9957582184516
129096.0 4003.9957582184516
129212.0 4010.7950481430535
130666.0 4010.7950481430535
130709.0 3998.2406815761447
132587.0 3998.2406815761447
132722.0 2284.5128849780012
135904.0 2284.5128849780012
136023.0 2285.727970525023
139280.0 2285.727970525023
139321.0 2280.0796812749004
142333.0 2280.0796812749004
142604.0 3163.5956790123455
145196.0 3163.5956790123455
145315.0 3160.962995987517
147558.0 3160.962995987517
147614.0 3163.530653674381
150077.0 3163.530653674381
150117.0 2893.984156921916
152768.0 2893.984156921916
152815.0 2924.1861373250895
158961.0 2924.1861373250895
159012.0 4382.435754189944
162592.0 4382.435754189944
162710.0 3971.4572679106195
167051.0 3971.4572679106195
167114.0 3823.088
170114.0 3823.088
