57.0 792.5929155313352
1892.0 792.5929155313352
2058.0 804.5507433742728
3605.0 804.5507433742728
3757.0 839.3518379594899
5090.0 839.3518379594899
5249.0 1068.2611683848797
6413.0 1068.2611683848797
6539.0 1052.7665056360709
7781.0 1052.7665056360709
7849.0 1293.6133162612036
8630.0 1293.6133162612036
8734.0 1288.1932773109243
9686.0 1288.1932773109243
9847.0 1135.117169750081
12928.0 1135.117169750081
13057.0 1132.768387846588
19080.0 1132.768387846588
19141.0 1080.5651788353532
25907.0 1080.5651788353532
26048.0 975.8016872160935
33753.0 975.8016872160935
33851.0 805.6447859495061
42961.0 805.6447859495061
43070.0 772.8173076923077
44734.0 772.8173076923077
44860.0 585.4326414326414
47317.0 585.4326414326414
47480.0 589.9989468141127
49379.0 589.9989468141127
49482.0 589.1927582534611
51360.0 589.1927582534611
51483.0 602.5147150907952
56274.0 602.5147150907952
56392.0 703.3719943422914
60634.0 703.3719943422914
60769.0 725.7365242675016
65240.0 725.7365242675016
65371.0 619.2571428571429
67191.0 619.2571428571429
67548.0 575.704244637152
69739.0 575.704244637152
69899.0 553.7263157894737
72179.0 553.7263157894737
72328.0 404.6331379203949
75569.0 404.6331379203949
75719.0 407.4110247872734
78422.0 407.4110247872734
78781.0 430.57036040077764
85468.0 430.57036040077764
85625.0 467.54138192862564
88259.0 467.54138192862564
88417.0 467.46161259235464
91530.0 467.46161259235464
91708.0 473.01000638705557
96405.0 473.01000638705557
96609.0 478.147859922179
99179.0 478.147859922179
99306.0 610.2979047619048
104556.0 610.2979047619048
104689.0 345.6045108319319
124907.0 345.6045108319319
125164.0 304.47172547124217
129302.0 304.47172547124217
129537.0 411.23544122901035
132336.0 411.23544122901035
132512.0 404.0642768850433
135748.0 404.0642768850433
135944.0 601.5194968553459
138329.0 601.5194968553459
138490.0 602.5963259538389
140613.0 602.5963259538389
140794.0 601.2434456928839
145066.0 601.2434456928839
145181.0 634.7332053742803
146744.0 634.7332053742803
146880.0 625.8308026030369
148724.0 625.8308026030369
149048.0 623.3392207792208
150973.0 623.3392207792208
151091.0 615.2515592515592
153015.0 615.2515592515592
153192.0 611.0693723454459
155311.0 611.0693723454459
155489.0 595.7333333333333
157439.0 595.7333333333333
157597.0 522.5534495830175
160235.0 522.5534495830175
160393.0 597.736813400857
173228.0 597.736813400857
173375.0 651.9918533604888
175339.0 651.9918533604888
175487.0 653.2399049881235
177171.0 653.2399049881235
177282.0 677.1751250893495
178681.0 677.1751250893495
178943.0 699.5015576323988
180227.0 699.5015576323988
