20.0 2203.6484848484847
680.0 2203.6484848484847
723.0 2230.537634408602
1281.0 2230.537634408602
1319.0 2219.9523809523807
1823.0 2219.9523809523807
1922.0 2202.0713012477718
4166.0 2202.0713012477718
4224.0 2261.4838343732276
7750.0 2261.4838343732276
7816.0 2266.0763790664782
10644.0 2266.0763790664782
10716.0 2236.5297931460327
13955.0 2236.5297931460327
14021.0 1978.5205223880596
18309.0 1978.5205223880596
18423.0 2218.031209362809
21499.0 2218.031209362809
21617.0 2226.2801461632157
24901.0 2226.2801461632157
25018.0 2249.043374214777
28361.0 2249.043374214777
28417.0 2258.2843076923077
31667.0 2258.2843076923077
31908.0 2026.975648916243
35645.0 2026.975648916243
35719.0 2228.9333333333334
39439.0 2228.9333333333334
39517.0 2258.779381443299
42427.0 2258.779381443299
42515.0 2264.753143207605
45776.0 2264.753143207605
45819.0 2143.4567627494457
49427.0 2143.4567627494457
49520.0 2101.338078291815
52892.0 2101.338078291815
53018.0 2095.3762927605408
56789.0 2095.3762927605408
56919.0 2268.971446116058
60176.0 2268.971446116058
60216.0 2180.6273310914094
63487.0 2180.6273310914094
63807.0 1906.6487025948104
67815.0 1906.6487025948104
67926.0 1763.6547483488955
72317.0 1763.6547483488955
72419.0 2080.1308744794765
75781.0 2080.1308744794765
75820.0 2101.143024276104
79239.0 2101.143024276104
79322.0 2214.323250840208
82595.0 2214.323250840208
82715.0 2280.3261848027537
86492.0 2280.3261848027537
86621.0 2193.6983725135624
89386.0 2193.6983725135624
89421.0 1974.723166708957
93362.0 1974.723166708957
93421.0 2034.5290591608027
97258.0 2034.5290591608027
97511.0 2127.0721461187213
100796.0 2127.0721461187213
100921.0 2196.0379637618635
104398.0 2196.0379637618635
104516.0 2282.5583494519665
107618.0 2282.5583494519665
107721.0 2176.7758212877793
111526.0 2176.7758212877793
111621.0 2165.817414248021
115411.0 2165.817414248021
115521.0 2224.966411314084
118915.0 2224.966411314084
119021.0 2201.470743676859
121670.0 2201.470743676859
121724.0 2176.8545362392297
129616.0 2176.8545362392297
129722.0 2176.8630451415456
137564.0 2176.8630451415456
137632.0 2096.8441621885686
145820.0 2096.8441621885686
145920.0 2168.6716379532013
153698.0 2168.6716379532013
153820.0 2106.896197327852
157712.0 2106.896197327852
157818.0 2226.072213500785
161003.0 2226.072213500785
161119.0 2231.3218785796107
164611.0 2231.3218785796107
164721.0 2264.448642266824
168109.0 2264.448642266824
168217.0 2043.3061118335502
172062.0 2043.3061118335502
172119.0 2136.2391513982643
175230.0 2136.2391513982643
175320.0 2238.333884297521
178345.0 2238.333884297521
178417.0 2278.0789348549692
180520.0 2278.0789348549692
