14.0 3275.6936936936936
458.0 3275.6936936936936
517.0 3275.3684210526317
897.0 3275.3684210526317
1016.0 3300.4601769911505
1355.0 3300.4601769911505
1414.0 3280.88654353562
1793.0 3280.88654353562
1915.0 3240.6377952755906
2931.0 3240.6377952755906
3016.0 3225.1957725213892
5003.0 3225.1957725213892
5113.0 3223.907432131731
7360.0 3223.907432131731
7413.0 4823.135872654918
9172.0 4823.135872654918
9208.0 5289.080733354776
12317.0 5289.080733354776
12410.0 5448.542543171115
15595.0 5448.542543171115
15706.0 5459.395918367347
18891.0 5459.395918367347
19007.0 5416.945571658615
22112.0 5416.945571658615
22207.0 5032.945330296127
25719.0 5032.945330296127
25810.0 4316.577661844914
30027.0 4316.577661844914
30108.0 5015.064707721162
33307.0 5015.064707721162
33408.0 5459.690551680405
36562.0 5459.690551680405
36801.0 5248.570773638969
40291.0 5248.570773638969
40408.0 5481.069860279441
43414.0 5481.069860279441
43507.0 5383.578181818182
46807.0 5383.578181818182
46906.0 5489.606108813236
50049.0 5489.606108813236
50109.0 5305.001300390117
53185.0 5305.001300390117
53308.0 5407.376397515528
56528.0 5407.376397515528
56608.0 5453.221233507211
59867.0 5453.221233507211
59909.0 5411.184645929848
62931.0 5411.184645929848
63007.0 5377.903473716569
66260.0 5377.903473716569
66501.0 5424.1056360708535
69606.0 5424.1056360708535
69723.0 2274.7423145400594
78148.0 2274.7423145400594
78208.0 4562.285714285715
81666.0 4562.285714285715
81708.0 4570.907922912205
85444.0 4570.907922912205
85510.0 4423.382728666326
89424.0 4423.382728666326
89509.0 4259.396321491559
93478.0 4259.396321491559
93511.0 4936.172364263143
96992.0 4936.172364263143
97109.0 2945.981848739496
103059.0 2945.981848739496
103121.0 4379.7194158486955
107298.0 4379.7194158486955
107600.0 5224.192416525184
111134.0 5224.192416525184
111209.0 5316.672039677619
114435.0 5316.672039677619
114508.0 4861.74358974359
117667.0 4861.74358974359
117711.0 4589.830617152017
121454.0 4589.830617152017
121510.0 4833.227633069083
125042.0 4833.227633069083
125109.0 5307.251931993817
128344.0 5307.251931993817
128411.0 5401.19372398335
131534.0 5401.19372398335
131608.0 5415.732259064146
134835.0 5415.732259064146
134906.0 5495.443185496924
137995.0 5495.443185496924
138302.0 5247.654744309784
141685.0 5247.654744309784
141808.0 4937.438280569271
145251.0 4937.438280569271
145308.0 4675.350676378772
149152.0 4675.350676378772
149210.0 3458.800705467372
153746.0 3458.800705467372
153811.0 4581.4764815306935
157574.0 4581.4764815306935
157611.0 4127.119107592659
160390.0 4127.119107592659
