15.0 2668.6385321100915
560.0 2668.6385321100915
619.0 2688.207343412527
1082.0 2688.207343412527
1113.0 2683.1079136690646
1530.0 2683.1079136690646
1614.0 2685.6501079913605
2077.0 2685.6501079913605
2118.0 2544.3497128270583
5252.0 2544.3497128270583
5317.0 1712.5772314270444
9059.0 1712.5772314270444
9132.0 789.0338743056312
18313.0 789.0338743056312
18432.0 1235.638799883484
25298.0 1235.638799883484
25440.0 1265.1416579223505
26393.0 1265.1416579223505
26537.0 1273.2723112128147
27411.0 1273.2723112128147
27538.0 1270.683090705487
28431.0 1270.683090705487
28547.0 963.7442759440976
31910.0 963.7442759440976
32072.0 665.9788838612368
36713.0 665.9788838612368
36874.0 670.5864801864802
39019.0 670.5864801864802
39182.0 667.7741456166419
43220.0 667.7741456166419
43382.0 1193.3653767820774
45837.0 1193.3653767820774
45942.0 994.0349614395886
53722.0 994.0349614395886
53844.0 689.7412635062786
64117.0 689.7412635062786
64242.0 1152.5017421602788
65390.0 1152.5017421602788
65537.0 1379.4957160342717
66354.0 1379.4957160342717
66431.0 1406.2073578595318
67328.0 1406.2073578595318
67618.0 1415.354260089686
68510.0 1415.354260089686
68635.0 1351.9024390243903
71013.0 1351.9024390243903
71137.0 1077.7315456927108
77626.0 1077.7315456927108
77919.0 957.9687958394453
85418.0 957.9687958394453
85553.0 1007.9944367176635
92743.0 1007.9944367176635
92825.0 1463.0188551044675
98712.0 1463.0188551044675
98816.0 2311.576219512195
101440.0 2311.576219512195
101517.0 1517.6255850234008
106645.0 1517.6255850234008
106724.0 1637.9538396978598
111490.0 1637.9538396978598
111629.0 2147.9963110974486
114882.0 2147.9963110974486
114916.0 2276.1734186211797
116323.0 2276.1734186211797
116417.0 1995.0586648685098
117900.0 1995.0586648685098
118029.0 1952.3058994901676
120775.0 1952.3058994901676
120822.0 1485.6919457013576
126347.0 1485.6919457013576
126430.0 1475.4857366158656
131548.0 1475.4857366158656
131633.0 1522.2385800052205
135464.0 1522.2385800052205
135532.0 2550.508152173913
138476.0 2550.508152173913
138514.0 2643.389090909091
141264.0 2643.389090909091
141315.0 2262.801215805471
144605.0 2262.801215805471
144735.0 1365.871121718377
149763.0 1365.871121718377
149837.0 1236.4354644149578
156469.0 1236.4354644149578
156541.0 1041.9124956247813
159398.0 1041.9124956247813
159543.0 1025.2187134502924
162963.0 1025.2187134502924
163032.0 1378.8554996405464
168596.0 1378.8554996405464
168734.0 1699.0726643598616
173358.0 1699.0726643598616
173424.0 1867.858347386172
176982.0 1867.858347386172
177014.0 2804.8715824357914
179428.0 2804.8715824357914
179516.0 2806.5612185120094
181223.0 2806.5612185120094
