28.0 1329.4405850091407
1122.0 1329.4405850091407
1232.0 1341.2068965517242
2160.0 1341.2068965517242
2234.0 1338.3444976076555
3070.0 1338.3444976076555
3133.0 1341.3764832793959
4060.0 1341.3764832793959
4133.0 1330.148524923703
5116.0 1330.148524923703
5244.0 1321.1570762052877
7173.0 1321.1570762052877
7245.0 1233.0417021276596
13120.0 1233.0417021276596
13254.0 1230.4417693981145
20149.0 1230.4417693981145
20231.0 1169.8669410150892
26063.0 1169.8669410150892
26144.0 1087.4764242153801
32867.0 1087.4764242153801
32940.0 723.9969254419677
36843.0 723.9969254419677
37159.0 568.3275705186534
39357.0 568.3275705186534
39440.0 1174.4
40535.0 1174.4
40637.0 1169.4373983739838
41867.0 1169.4373983739838
41940.0 1333.8190476190475
42780.0 1333.8190476190475
42831.0 1074.3351668500184
45558.0 1074.3351668500184
45675.0 694.2395382395382
49833.0 694.2395382395382
49981.0 845.0461538461539
58366.0 845.0461538461539
58432.0 1089.1335630599588
65687.0 1089.1335630599588
65855.0 1204.1648068669529
68185.0 1204.1648068669529
68542.0 696.5035891772501
70353.0 696.5035891772501
70474.0 696.7417218543046
72286.0 696.7417218543046
72475.0 872.5322687957419
73978.0 872.5322687957419
74219.0 1011.1764705882352
76939.0 1011.1764705882352
77047.0 994.5506044905009
79942.0 994.5506044905009
80215.0 974.5166061583972
87652.0 974.5166061583972
87732.0 1403.4205637933844
93869.0 1403.4205637933844
93937.0 1100.8304900181488
99447.0 1100.8304900181488
99541.0 1077.8925207756233
106761.0 1077.8925207756233
107021.0 963.8092158447857
108258.0 963.8092158447857
108352.0 882.5283812193413
109779.0 882.5283812193413
109847.0 1060.5252525252524
111035.0 1060.5252525252524
111326.0 1196.3898099474322
113799.0 1196.3898099474322
113947.0 1584.2293144208038
117331.0 1584.2293144208038
117624.0 1642.6752051230737
122621.0 1642.6752051230737
122726.0 2194.575995350189
126167.0 2194.575995350189
126216.0 2187.4328582145536
128882.0 2187.4328582145536
128923.0 1808.4527938342967
133075.0 1808.4527938342967
133129.0 1341.945726416836
138546.0 1341.945726416836
138621.0 2090.5970233080598
142182.0 2090.5970233080598
142326.0 2156.9095477386936
145510.0 2156.9095477386936
145618.0 2058.759728847602
149601.0 2058.759728847602
149719.0 2029.785284855425
153212.0 2029.785284855425
153511.0 2094.000537489922
157232.0 2094.000537489922
157317.0 1951.6540320529127
161248.0 1951.6540320529127
161324.0 2037.4771784232364
165180.0 2037.4771784232364
165217.0 2069.06600249066
168429.0 2069.06600249066
168522.0 2021.7856076440728
171871.0 2021.7856076440728
171922.0 2049.9786050492085
174259.0 2049.9786050492085
