21.0 2254.8961240310077
666.0 2254.8961240310077
719.0 2275.3930530164535
1266.0 2275.3930530164535
1319.0 2269.4847870182557
1812.0 2269.4847870182557
1925.0 2234.3608473338204
3294.0 2234.3608473338204
3417.0 2258.26597582038
3996.0 2258.26597582038
4125.0 2225.9340048627996
7004.0 2225.9340048627996
7116.0 2231.7067159581024
10362.0 2231.7067159581024
10419.0 2449.161662817552
13883.0 2449.161662817552
13904.0 5619.986820428336
15118.0 5619.986820428336
15205.0 5305.590711175617
16583.0 5305.590711175617
16607.0 4436.89104363358
20526.0 4436.89104363358
20610.0 4699.529477507684
24189.0 4699.529477507684
24307.0 4784.97671900379
28001.0 4784.97671900379
28108.0 4069.530069304717
32581.0 4069.530069304717
32711.0 3720.591836734694
37023.0 3720.591836734694
37112.0 3641.333051385071
41841.0 3641.333051385071
41913.0 3640.2050874403817
46945.0 3640.2050874403817
47009.0 4336.956041063438
50808.0 4336.956041063438
51100.0 4493.122913505311
55054.0 4493.122913505311
55105.0 6565.385083713851
57733.0 6565.385083713851
57807.0 6726.374278647981
60233.0 6726.374278647981
60306.0 6627.99847735059
62933.0 6627.99847735059
63002.0 6383.637931034483
65786.0 6383.637931034483
65903.0 5790.58073654391
68727.0 5790.58073654391
68807.0 5696.619993487463
71878.0 5696.619993487463
71905.0 5847.863888888889
74785.0 5847.863888888889
74905.0 7515.570196078432
77455.0 7515.570196078432
77698.0 7523.311397234144
79795.0 7523.311397234144
79906.0 5622.9542311491605
82943.0 5622.9542311491605
83012.0 3374.2194503995324
88143.0 3374.2194503995324
88216.0 3375.0337392693154
93225.0 3375.0337392693154
93308.0 3376.462173314993
98397.0 3376.462173314993
98513.0 2964.416032470827
104426.0 2964.416032470827
104513.0 3043.435035767759
110524.0 3043.435035767759
110613.0 3091.476222371065
116585.0 3091.476222371065
116713.0 3147.079633027523
122163.0 3147.079633027523
122405.0 3158.1838371375693
127268.0 3158.1838371375693
127312.0 3178.4895467160036
132717.0 3178.4895467160036
132814.0 3566.85332218972
137600.0 3566.85332218972
137712.0 4446.765086765086
141573.0 4446.765086765086
141605.0 6973.099627945432
144024.0 6973.099627945432
144103.0 4033.3644126471268
148436.0 4033.3644126471268
148514.0 3477.145432199918
153396.0 3477.145432199918
153508.0 3503.614762186698
158575.0 3503.614762186698
158613.0 3590.2006335797255
163348.0 3590.2006335797255
163602.0 2959.3360777210605
169675.0 2959.3360777210605
169718.0 2522.3665594855306
175938.0 2522.3665594855306
176014.0 2399.122738658503
183200.0 2399.122738658503
183312.0 2886.024096385542
184972.0 2886.024096385542
