21.0 2000.5612104539202
748.0 2000.5612104539202
833.0 2020.5194805194806
1449.0 2020.5194805194806
1522.0 2012.3309352517986
2078.0 2012.3309352517986
2120.0 2012.0647249190938
2738.0 2012.0647249190938
2828.0 1982.23239012643
4489.0 1982.23239012643
4630.0 2052.0217739353184
7753.0 2052.0217739353184
7819.0 2151.5057915057914
11186.0 2151.5057915057914
11317.0 2122.5659244433323
15314.0 2122.5659244433323
15421.0 2287.1820315119007
18404.0 2287.1820315119007
18527.0 2132.7607934655775
21955.0 2132.7607934655775
22023.0 2069.5161023947153
25656.0 2069.5161023947153
25717.0 2071.5280835450185
29260.0 2071.5280835450185
29322.0 2194.324449594438
32774.0 2194.324449594438
33005.0 2045.2964972866305
37059.0 2045.2964972866305
37126.0 2072.2093316519545
40298.0 2072.2093316519545
40424.0 2053.199888796219
44021.0 2053.199888796219
44118.0 2009.2470771628994
47967.0 2009.2470771628994
48034.0 1816.3834914124584
51935.0 1816.3834914124584
52019.0 2405.3771689497717
55304.0 2405.3771689497717
55422.0 2400.1429035401106
58501.0 2400.1429035401106
58619.0 2275.2255183413076
61754.0 2275.2255183413076
61821.0 2070.40043348686
65512.0 2070.40043348686
65807.0 2068.431623931624
69551.0 2068.431623931624
69617.0 1933.4807851810892
73234.0 1933.4807851810892
73321.0 2166.4077201447526
76637.0 2166.4077201447526
76718.0 2139.1617473435654
80106.0 2139.1617473435654
80222.0 2045.3080028496795
84433.0 2045.3080028496795
84523.0 1936.028088094478
87656.0 1936.028088094478
87723.0 2188.521934758155
91279.0 2188.521934758155
91319.0 2070.6864721485413
95089.0 2070.6864721485413
95220.0 2055.1270588235293
98620.0 2055.1270588235293
98911.0 2092.525075363113
102560.0 2092.525075363113
102618.0 2190.7475247524753
105850.0 2190.7475247524753
105920.0 2189.4348400740155
109703.0 2189.4348400740155
109821.0 2263.7749586321015
113447.0 2263.7749586321015
113523.0 2298.793302891933
116808.0 2298.793302891933
116925.0 2299.5646687697163
119461.0 2299.5646687697163
119526.0 2114.689315608075
127650.0 2114.689315608075
127730.0 2203.27310273619
135478.0 2203.27310273619
135523.0 2345.1659609342987
142844.0 2345.1659609342987
143109.0 2443.985765124555
145919.0 2443.985765124555
146020.0 2401.886350322203
149434.0 2401.886350322203
149526.0 2281.9568715803025
152633.0 2281.9568715803025
152720.0 2286.319248826291
156128.0 2286.319248826291
156226.0 2205.217591261857
159705.0 2205.217591261857
159819.0 2044.3695029924538
163662.0 2044.3695029924538
163723.0 2049.919802590993
166965.0 2049.919802590993
167020.0 2066.837606837607
170296.0 2066.837606837607
170428.0 2065.8904700301855
172747.0 2065.8904700301855
