7.0 5509.121212121212
271.0 5509.121212121212
306.0 5531.733333333334
531.0 5531.733333333334
605.0 5484.588235294118
809.0 5484.588235294118
911.0 5452.477718360071
1472.0 5452.477718360071
1508.0 5423.667705088265
2471.0 5423.667705088265
2507.0 5363.6049723756905
5403.0 5363.6049723756905
5508.0 4890.983281382828
9037.0 4890.983281382828
9108.0 4901.3846976993045
12846.0 4901.3846976993045
12907.0 4777.382916908774
16349.0 4777.382916908774
16410.0 4808.425602660017
20019.0 4808.425602660017
20108.0 4804.690798563139
23727.0 4804.690798563139
23808.0 4882.326850507982
27253.0 4882.326850507982
27306.0 4638.075045919706
31117.0 4638.075045919706
31400.0 4571.322953289804
35382.0 4571.322953289804
35509.0 4740.89598108747
38893.0 4740.89598108747
39008.0 4704.88087431694
42668.0 4704.88087431694
42709.0 4675.22001020929
46627.0 4675.22001020929
46708.0 4753.634160415464
50174.0 4753.634160415464
50207.0 4733.761790567546
53960.0 4733.761790567546
54007.0 4742.6695986805935
57645.0 4742.6695986805935
57708.0 4739.524832994482
61151.0 4739.524832994482
61207.0 4675.551020408163
64931.0 4675.551020408163
65201.0 4768.459350684197
68928.0 4768.459350684197
69008.0 4853.843870584743
72377.0 4853.843870584743
72409.0 4640.403183023873
76179.0 4640.403183023873
76209.0 4440.244661218033
80002.0 4440.244661218033
80108.0 4742.564711705024
84149.0 4742.564711705024
84209.0 4740.5
87537.0 4740.5
87609.0 4713.472812586255
91232.0 4713.472812586255
91308.0 4753.739703459638
94950.0 4753.739703459638
95007.0 4782.332107496464
98542.0 4782.332107496464
98800.0 4813.113725490196
102370.0 4813.113725490196
102408.0 4693.063453815261
106143.0 4693.063453815261
106207.0 4699.226303621886
110100.0 4699.226303621886
110210.0 4646.940850742512
114183.0 4646.940850742512
114310.0 4711.973626373627
117950.0 4711.973626373627
118008.0 4473.710457325954
121441.0 4473.710457325954
121510.0 4410.715275994865
125405.0 4410.715275994865
125509.0 4732.73080121985
129116.0 4732.73080121985
129209.0 4766.507495835647
132811.0 4766.507495835647
133101.0 4680.335183129856
136705.0 4680.335183129856
136808.0 4671.630045442395
140549.0 4671.630045442395
140610.0 4718.016675931073
144208.0 4718.016675931073
144310.0 4730.30002664535
148063.0 4730.30002664535
148109.0 4701.216814159292
151725.0 4701.216814159292
151808.0 4719.550420168067
155616.0 4719.550420168067
155710.0 4784.727050930162
158989.0 4784.727050930162
159110.0 4697.573841961853
162780.0 4697.573841961853
162808.0 4794.842809364549
165200.0 4794.842809364549
