15.0 2723.610486891386
549.0 2723.610486891386
627.0 2689.051705170517
2445.0 2689.051705170517
2520.0 2683.2892625143295
5137.0 2683.2892625143295
5215.0 2882.7057915057917
7805.0 2882.7057915057917
7912.0 3899.2625916870415
9957.0 3899.2625916870415
10005.0 3842.0047961630694
11673.0 3842.0047961630694
11707.0 5072.913165266106
13135.0 5072.913165266106
13206.0 5266.2296710117935
14817.0 5266.2296710117935
14905.0 3905.360045792788
16652.0 3905.360045792788
16713.0 3481.478095238095
18813.0 3481.478095238095
18909.0 3633.906234896085
20978.0 3633.906234896085
21015.0 3122.83995544003
26401.0 3122.83995544003
26516.0 2988.284699915469
32431.0 2988.284699915469
32513.0 5120.3960618846695
36068.0 5120.3960618846695
36106.0 5198.701231367466
39192.0 5198.701231367466
39310.0 4783.295555555555
42910.0 4783.295555555555
43008.0 5855.982097186701
46136.0 5855.982097186701
46206.0 6842.232558139535
48614.0 6842.232558139535
48705.0 7072.375796178344
51217.0 7072.375796178344
51497.0 8267.288931480594
53584.0 8267.288931480594
53705.0 9356.756880733945
55449.0 9356.756880733945
55503.0 9754.482913165266
57288.0 9754.482913165266
57404.0 8935.16742081448
59393.0 8935.16742081448
59505.0 8661.334745762711
61393.0 8661.334745762711
61505.0 9350.251202565472
63376.0 9350.251202565472
63404.0 9398.35267857143
65196.0 9398.35267857143
65306.0 8968.04117922321
67443.0 8968.04117922321
67505.0 7167.82553384825
69706.0 7167.82553384825
69998.0 7389.4037213327565
72309.0 7389.4037213327565
72407.0 6789.458823529411
74957.0 6789.458823529411
75007.0 4940.2524839275275
78429.0 4940.2524839275275
78508.0 7210.581619806966
80891.0 7210.581619806966
81005.0 7497.2591958939265
83343.0 7497.2591958939265
83406.0 7616.189841798501
85808.0 7616.189841798501
85904.0 7142.087427466151
88489.0 7142.087427466151
88605.0 2239.694959519457
96263.0 2239.694959519457
96318.0 1254.9638829874164
108556.0 1254.9638829874164
108838.0 1884.1561745996928
117956.0 1884.1561745996928
118037.0 1657.3747572815535
128337.0 1657.3747572815535
128408.0 5093.135568080688
131779.0 5093.135568080688
131817.0 3961.4673555659933
136075.0 3961.4673555659933
136211.0 5617.668916747027
139322.0 5617.668916747027
139407.0 6628.435767278407
141968.0 6628.435767278407
142007.0 4328.899292855401
146108.0 4328.899292855401
146211.0 5157.645631067961
149507.0 5157.645631067961
149610.0 6899.058733205375
152215.0 6899.058733205375
152499.0 7724.8252092565235
154530.0 7724.8252092565235
154607.0 7485.9296569691705
156910.0 7485.9296569691705
157006.0 6130.018172100481
158877.0 6130.018172100481
