32.0 1405.2251207729469
1067.0 1405.2251207729469
1127.0 1414.3636363636363
2007.0 1414.3636363636363
2128.0 1412.6969696969697
2920.0 1412.6969696969697
3032.0 1414.6257110352674
3911.0 1414.6257110352674
4041.0 1389.821865766146
6410.0 1389.821865766146
6531.0 1394.153172866521
8359.0 1394.153172866521
8436.0 1385.1089866156788
13666.0 1385.1089866156788
13733.0 1718.0834345889025
18671.0 1718.0834345889025
18719.0 1881.5951461665748
22345.0 1881.5951461665748
22430.0 1352.4054753977061
27836.0 1352.4054753977061
27932.0 1339.489043292357
33545.0 1339.489043292357
33633.0 1618.0388007054673
38169.0 1618.0388007054673
38220.0 1738.5375258205188
42577.0 1738.5375258205188
42639.0 1493.4731124388918
46321.0 1493.4731124388918
46615.0 2098.6743295019155
49747.0 2098.6743295019155
49814.0 2016.7558711086838
53476.0 2016.7558711086838
53519.0 2009.7692307692307
57367.0 2009.7692307692307
57419.0 2411.7467665078284
60357.0 2411.7467665078284
60420.0 2406.109622411693
63704.0 2406.109622411693
63820.0 2667.884476534296
66590.0 2667.884476534296
66713.0 2974.492076730609
69111.0 2974.492076730609
69214.0 1891.5465346534654
73254.0 1891.5465346534654
73334.0 1492.4278280978995
78523.0 1492.4278280978995
78811.0 2186.120662707096
82010.0 2186.120662707096
82122.0 2163.1460403492924
85443.0 2163.1460403492924
85524.0 1876.1273621537664
89387.0 1876.1273621537664
89519.0 1682.843298163345
94637.0 1682.843298163345
94725.0 1577.9334027055152
98569.0 1577.9334027055152
98628.0 1897.6795903438185
102729.0 1897.6795903438185
102818.0 2052.1787592008413
106622.0 2052.1787592008413
106717.0 2226.00573431029
109856.0 2226.00573431029
109918.0 1946.3736936018354
113841.0 1946.3736936018354
114106.0 1792.9845530514053
118055.0 1792.9845530514053
118121.0 1785.819749892195
122759.0 1785.819749892195
122825.0 1776.3358580393854
127446.0 1776.3358580393854
127528.0 1696.2120395327943
131980.0 1696.2120395327943
132028.0 1580.833830306316
135717.0 1580.833830306316
135828.0 1385.1127098321342
141249.0 1385.1127098321342
141340.0 1428.7185534591194
146428.0 1428.7185534591194
146531.0 1455.7324990222917
151645.0 1455.7324990222917
151732.0 2735.005973715651
154243.0 2735.005973715651
154508.0 1993.688305373207
158621.0 1993.688305373207
158742.0 1075.413294797688
161510.0 1075.413294797688
161642.0 1075.2063784115303
164903.0 1075.2063784115303
165047.0 1078.3432432432433
168007.0 1078.3432432432433
168139.0 1096.3287671232877
169307.0 1096.3287671232877
169447.0 1093.9380421313506
171868.0 1093.9380421313506
171944.0 1083.7003841229193
178192.0 1083.7003841229193
178344.0 1196.5034965034965
182348.0 1196.5034965034965
