42.0 989.3931972789115
1512.0 989.3931972789115
1648.0 996.5092073658927
2897.0 996.5092073658927
3044.0 985.7762114537445
4179.0 985.7762114537445
4253.0 1006.846963562753
5488.0 1006.846963562753
5643.0 1015.1677018633541
6931.0 1015.1677018633541
7050.0 1021.5490394337714
8039.0 1021.5490394337714
8142.0 1021.1157368859284
9343.0 1021.1157368859284
9462.0 1004.843775909037
17905.0 1004.843775909037
18045.0 1009.4191448439118
24804.0 1009.4191448439118
24946.0 986.2544179144745
32359.0 986.2544179144745
32454.0 1017.9463850528026
39840.0 1017.9463850528026
40129.0 1028.981878088962
41343.0 1028.981878088962
41448.0 1028.7744
42698.0 1028.7744
42851.0 1017.9815994338287
44264.0 1017.9815994338287
44357.0 1029.5807560137457
46976.0 1029.5807560137457
47046.0 1028.691011235955
49894.0 1028.691011235955
50046.0 1029.475035663338
52850.0 1029.475035663338
52942.0 1025.4286541244574
59852.0 1025.4286541244574
59943.0 1029.5327687296417
67618.0 1029.5327687296417
67743.0 1052.3323996265174
68814.0 1052.3323996265174
69129.0 1052.8948247078465
70327.0 1052.8948247078465
70443.0 1052.9574645537948
71642.0 1052.9574645537948
71746.0 1055.890499194847
72988.0 1055.890499194847
73045.0 1040.6356413166857
75688.0 1040.6356413166857
75850.0 1032.8983465132999
82805.0 1032.8983465132999
83137.0 1023.0773574251835
90221.0 1023.0773574251835
90346.0 1035.191346153846
98666.0 1035.191346153846
98744.0 1035.7882513661202
104600.0 1035.7882513661202
104749.0 1038.9776192020759
107832.0 1038.9776192020759
108125.0 1006.9527027027027
109309.0 1006.9527027027027
109454.0 1001.8838504375498
110711.0 1001.8838504375498
111027.0 989.9771251931994
114262.0 989.9771251931994
114346.0 992.8429530201342
117326.0 992.8429530201342
117448.0 979.7377632749926
120819.0 979.7377632749926
120953.0 978.2634146341463
124233.0 978.2634146341463
124355.0 951.554435483871
132291.0 951.554435483871
132456.0 953.6706459525757
138571.0 953.6706459525757
138654.0 976.5503966705684
146343.0 976.5503966705684
146632.0 1054.873857404022
147726.0 1054.873857404022
147853.0 1051.6459246275197
148994.0 1051.6459246275197
149145.0 1058.8050089445437
150263.0 1058.8050089445437
150344.0 1051.0194805194806
151576.0 1051.0194805194806
151645.0 1039.3659217877096
154509.0 1039.3659217877096
154647.0 1040.738498070644
158016.0 1040.738498070644
158160.0 1037.1577864636906
163021.0 1037.1577864636906
163151.0 1035.3863995782815
170739.0 1035.3863995782815
170852.0 1028.4493964716805
177314.0 1028.4493964716805
177452.0 1013.0101735487732
184136.0 1013.0101735487732
184250.0 1014.8700564971751
185135.0 1014.8700564971751
