8.0 4930.196610169492
303.0 4930.196610169492
409.0 4998.55421686747
658.0 4998.55421686747
707.0 4950.690265486725
933.0 4950.690265486725
1009.0 4886.325878594249
1635.0 4886.325878594249
1710.0 4868.126984126984
3348.0 4868.126984126984
3410.0 4904.641616671929
6577.0 4904.641616671929
6607.0 4782.565807702965
10216.0 4782.565807702965
10308.0 4489.432982112227
14389.0 4489.432982112227
14506.0 4403.790037493305
18240.0 4403.790037493305
18310.0 4772.7194719471945
21946.0 4772.7194719471945
22009.0 4775.6594342213675
25650.0 4775.6594342213675
25709.0 4695.593523171413
29291.0 4695.593523171413
29409.0 4773.347015933027
33112.0 4773.347015933027
33401.0 4703.619638242894
37271.0 4703.619638242894
37307.0 4779.0265117664585
40664.0 4779.0265117664585
40709.0 4872.627051499717
44243.0 4872.627051499717
44309.0 4729.540924348051
48182.0 4729.540924348051
48309.0 4663.485989244268
51842.0 4663.485989244268
51908.0 4943.18530884808
55502.0 4943.18530884808
55608.0 4780.779163203103
59217.0 4780.779163203103
59311.0 3259.725129844187
64317.0 3259.725129844187
64409.0 3597.469421487603
69249.0 3597.469421487603
69501.0 4774.865126276196
73223.0 4774.865126276196
73307.0 4813.835737415367
76704.0 4813.835737415367
76810.0 4862.234574763757
80408.0 4862.234574763757
80508.0 4749.534122955442
84054.0 4749.534122955442
84110.0 4739.046488625124
88154.0 4739.046488625124
88208.0 4858.757006467508
91455.0 4858.757006467508
91508.0 4804.983680360157
95062.0 4804.983680360157
95109.0 4892.093811811246
98648.0 4892.093811811246
98709.0 4841.22107674685
102201.0 4841.22107674685
102501.0 4801.010338083263
106080.0 4801.010338083263
106108.0 4873.114261884904
109705.0 4873.114261884904
109809.0 4949.699134199134
113505.0 4949.699134199134
113609.0 4735.136188766351
117508.0 4735.136188766351
117610.0 4842.344438170525
121152.0 4842.344438170525
121210.0 4625.978313253012
124530.0 4625.978313253012
124609.0 4609.534746444861
128336.0 4609.534746444861
128410.0 4606.303291958985
132116.0 4606.303291958985
132209.0 4594.316296494514
135946.0 4594.316296494514
136203.0 4735.521617069062
139765.0 4735.521617069062
139808.0 4833.121681415929
143424.0 4833.121681415929
143509.0 4710.1620421753605
147113.0 4710.1620421753605
147211.0 4419.4214588001
151228.0 4419.4214588001
151313.0 3708.4642233856894
155897.0 3708.4642233856894
156009.0 3129.9282479972135
161751.0 3129.9282479972135
161816.0 3851.0358370152185
165890.0 3851.0358370152185
166009.0 4695.015250544662
169681.0 4695.015250544662
169710.0 4494.225705329153
172262.0 4494.225705329153
