16.0 2863.0078740157483
524.0 2863.0078740157483
616.0 2881.1111111111113
1048.0 2881.1111111111113
1115.0 2826.279959718026
2108.0 2826.279959718026
2213.0 2821.808118081181
3297.0 2821.808118081181
3419.0 2820.1900647948164
5271.0 2820.1900647948164
5316.0 2849.472654513117
7565.0 2849.472654513117
7615.0 2782.988859008836
10218.0 2782.988859008836
10313.0 2932.5599723470445
13206.0 2932.5599723470445
13313.0 3236.5578747628083
15421.0 3236.5578747628083
15513.0 2943.278582930757
17997.0 2943.278582930757
18112.0 3018.286631874749
20603.0 3018.286631874749
20713.0 2166.939474461175
24100.0 2166.939474461175
24221.0 1937.2910485933503
28131.0 1937.2910485933503
28408.0 1934.5851609892675
32694.0 1934.5851609892675
32822.0 1941.816248153619
36207.0 1941.816248153619
36323.0 3234.9364870784057
38606.0 3234.9364870784057
38711.0 3917.726443768997
40685.0 3917.726443768997
40710.0 3935.059947456413
44897.0 3935.059947456413
45011.0 4057.9735038830518
49389.0 4057.9735038830518
49511.0 2531.3720657276995
56327.0 2531.3720657276995
56421.0 2652.5006501950584
62573.0 2652.5006501950584
62609.0 5290.717714980249
65900.0 5290.717714980249
66008.0 4000.9113012156686
70450.0 4000.9113012156686
70512.0 3164.815173214631
75679.0 3164.815173214631
75714.0 2575.7243816254418
82506.0 2575.7243816254418
82806.0 2555.6673748103185
89396.0 2555.6673748103185
89514.0 2742.123908999857
96503.0 2742.123908999857
96617.0 2802.9463955637707
98781.0 2802.9463955637707
98813.0 2720.162181055575
101674.0 2720.162181055575
101714.0 2576.3986798679866
104744.0 2576.3986798679866
104816.0 2578.388191881919
107526.0 2578.388191881919
107618.0 2577.860904794058
110580.0 2577.860904794058
110615.0 2965.031825795645
113003.0 2965.031825795645
113116.0 3257.031852143138
115659.0 3257.031852143138
115711.0 2186.587107085775
119465.0 2186.587107085775
119711.0 1830.2317014057198
123837.0 1830.2317014057198
123926.0 1446.7119821384272
127957.0 1446.7119821384272
128086.0 819.7266375545852
137246.0 819.7266375545852
137315.0 3443.543344386547
139426.0 3443.543344386547
139512.0 3580.863876863877
141591.0 3580.863876863877
141710.0 3477.26582278481
143685.0 3477.26582278481
143713.0 3508.7890457851945
146050.0 3508.7890457851945
146113.0 3273.3333333333335
148279.0 3273.3333333333335
148311.0 3634.223880597015
150455.0 3634.223880597015
150511.0 2097.1625956081916
158617.0 2097.1625956081916
158720.0 1887.8201680672269
168240.0 1887.8201680672269
168327.0 2065.208203853325
171545.0 2065.208203853325
171615.0 2669.9369085173503
174151.0 2669.9369085173503
174221.0 2674.930206588498
176012.0 2674.930206588498
