28.0 1500.937048503612
997.0 1500.937048503612
1134.0 1512.3207776427703
1957.0 1512.3207776427703
2030.0 1509.9271255060728
2771.0 1509.9271255060728
2836.0 1514.5627283800243
3657.0 1514.5627283800243
3730.0 1502.9149425287355
4600.0 1502.9149425287355
4738.0 1492.1030444964872
6446.0 1492.1030444964872
6527.0 1487.9409282700421
8423.0 1487.9409282700421
8536.0 1486.056402172009
14245.0 1486.056402172009
14329.0 1523.9365646638373
18806.0 1523.9365646638373
18929.0 1544.708218888654
23662.0 1544.708218888654
23730.0 1552.457567623374
28573.0 1552.457567623374
28634.0 1575.9982821558945
33291.0 1575.9982821558945
33431.0 1555.0827345514267
38302.0 1555.0827345514267
38428.0 1554.7781736358522
43761.0 1554.7781736358522
43828.0 1543.6937529356505
48086.0 1543.6937529356505
48314.0 1514.3243797416444
53191.0 1514.3243797416444
53331.0 1527.7740023706044
58393.0 1527.7740023706044
58531.0 1536.69746258946
63142.0 1536.69746258946
63225.0 1540.5856892181712
68354.0 1540.5856892181712
68425.0 1573.3532041728763
73122.0 1573.3532041728763
73228.0 1587.1540041067763
75176.0 1587.1540041067763
75229.0 1575.1610044313147
77260.0 1575.1610044313147
77328.0 1557.5697674418604
79392.0 1557.5697674418604
79530.0 1564.5051194539249
81288.0 1564.5051194539249
81514.0 1562.716554274527
86111.0 1562.716554274527
86231.0 1575.1966963703542
90832.0 1575.1966963703542
90928.0 1563.4038845525504
96437.0 1563.4038845525504
96528.0 1554.080450935178
100431.0 1554.080450935178
100531.0 1522.9714285714285
105641.0 1522.9714285714285
105734.0 1533.0887666928516
110826.0 1533.0887666928516
110931.0 1552.0728565082186
115433.0 1552.0728565082186
115532.0 1561.7966864389446
120421.0 1561.7966864389446
120527.0 1557.52221733392
125073.0 1557.52221733392
125127.0 1538.2964705882353
125977.0 1538.2964705882353
126033.0 1544.2669537136705
126962.0 1544.2669537136705
127033.0 1526.2737722048066
128947.0 1526.2737722048066
129033.0 1519.858222569716
132870.0 1519.858222569716
132932.0 1552.987797311272
137767.0 1552.987797311272
137827.0 1526.8473009871875
142588.0 1526.8473009871875
142731.0 1492.505212510024
147719.0 1492.505212510024
147830.0 1566.8720054757016
152213.0 1566.8720054757016
152325.0 1575.113330772186
157531.0 1575.113330772186
157629.0 1541.3130434782609
162229.0 1541.3130434782609
162328.0 1528.3985876814438
167426.0 1528.3985876814438
167716.0 1515.896463149575
172777.0 1515.896463149575
172830.0 1517.2869833912707
178008.0 1517.2869833912707
178132.0 1529.1131639722864
179864.0 1529.1131639722864
179927.0 1523.8665858095815
181576.0 1523.8665858095815
181631.0 1502.2978723404256
182994.0 1502.2978723404256
