13.0 2926.374245472837
510.0 2926.374245472837
617.0 2949.383886255924
1039.0 2949.383886255924
1114.0 2952.126649076517
1493.0 2952.126649076517
1619.0 2899.3744075829386
2674.0 2899.3744075829386
2715.0 2900.8704845814977
3850.0 2900.8704845814977
3920.0 2881.5035971223024
6144.0 2881.5035971223024
6213.0 2871.232659532303
8736.0 2871.232659532303
8818.0 2552.315282791817
12142.0 2552.315282791817
12216.0 3679.9697950377563
14070.0 3679.9697950377563
14111.0 4037.6007445323407
18409.0 4037.6007445323407
18508.0 4996.602298850575
21988.0 4996.602298850575
22107.0 5277.570128647631
25294.0 5277.570128647631
25408.0 3742.4738513656575
30131.0 3742.4738513656575
30351.0 2809.539743787622
36830.0 2809.539743787622
36912.0 3383.925754060325
41653.0 3383.925754060325
41714.0 3089.318980983136
47288.0 3089.318980983136
47414.0 4458.985394352483
51522.0 4458.985394352483
51799.0 1841.521850899743
60746.0 1841.521850899743
60813.0 3353.8471986417658
63169.0 3353.8471986417658
63213.0 3346.9384057971015
65421.0 3346.9384057971015
65512.0 3372.4973995271866
67627.0 3372.4973995271866
67713.0 3481.4797266514806
69908.0 3481.4797266514806
70010.0 3474.2969941677884
72239.0 3474.2969941677884
72312.0 2604.6182495344506
74997.0 2604.6182495344506
75116.0 2503.068989547038
77986.0 2503.068989547038
78119.0 2689.231910946197
80814.0 2689.231910946197
81105.0 2732.484771573604
84257.0 2732.484771573604
84315.0 2734.7051397655546
86533.0 2734.7051397655546
86618.0 2684.5063815108656
89517.0 2684.5063815108656
89619.0 2570.619153674833
96354.0 2570.619153674833
96419.0 3084.953284671533
101899.0 3084.953284671533
102014.0 3431.758737767126
107021.0 3431.758737767126
107114.0 2727.7609710550887
113540.0 2727.7609710550887
113622.0 2834.974120564079
120075.0 2834.974120564079
120113.0 3424.4672507300793
122510.0 3424.4672507300793
122803.0 3429.3987284287014
125005.0 3429.3987284287014
125111.0 3296.6059920859243
126880.0 3296.6059920859243
127107.0 2509.089528260552
133954.0 2509.089528260552
134021.0 2498.3111371286404
140854.0 2498.3111371286404
140922.0 2479.059607059607
143925.0 2479.059607059607
144020.0 2479.2779783393503
146790.0 2479.2779783393503
146918.0 2847.2361111111113
149798.0 2847.2361111111113
149911.0 4081.7731721358664
151648.0 4081.7731721358664
151712.0 4094.4697845507094
153615.0 4094.4697845507094
153711.0 3478.53488847964
158598.0 3478.53488847964
158714.0 3092.2312456985546
164526.0 3092.2312456985546
164797.0 7425.044959772835
166910.0 7425.044959772835
167009.0 3716.3388661349427
171648.0 3716.3388661349427
171719.0 2842.4446096654274
175754.0 2842.4446096654274
