51.0 891.7277743715512
1682.0 891.7277743715512
1749.0 897.3612112472963
3136.0 897.3612112472963
3259.0 897.2381716118684
4506.0 897.2381716118684
4655.0 897.1544011544012
6041.0 897.1544011544012
6150.0 891.9072305593452
7616.0 891.9072305593452
7752.0 898.8540925266904
8876.0 898.8540925266904
8958.0 893.8483965014577
10330.0 893.8483965014577
10466.0 1154.223102310231
13496.0 1154.223102310231
13645.0 1239.3576748410535
19150.0 1239.3576748410535
19235.0 1427.3924248340493
24357.0 1427.3924248340493
24417.0 2144.4814603536793
27923.0 2144.4814603536793
28030.0 1732.6307837582626
32266.0 1732.6307837582626
32322.0 1864.797636632201
36384.0 1864.797636632201
36420.0 1190.8131552491743
43383.0 1190.8131552491743
43444.0 1235.7676254935138
48763.0 1235.7676254935138
48836.0 1153.6019993751952
55238.0 1153.6019993751952
55352.0 1042.4875406283857
58121.0 1042.4875406283857
58248.0 822.5809147898769
66862.0 822.5809147898769
66973.0 758.6422018348624
68717.0 758.6422018348624
68861.0 757.9340954942838
70348.0 757.9340954942838
70461.0 761.695652173913
72117.0 761.695652173913
72265.0 821.9375
73801.0 821.9375
73964.0 808.7607547169812
77939.0 808.7607547169812
78060.0 768.9279824079165
87155.0 768.9279824079165
87269.0 733.77
88869.0 733.77
88968.0 737.8693828639904
90637.0 737.8693828639904
90935.0 733.1022670025189
92920.0 733.1022670025189
93071.0 808.4
94171.0 808.4
94240.0 1227.6123876123877
95241.0 1227.6123876123877
95341.0 1180.6545674531155
101953.0 1180.6545674531155
102048.0 1035.788911947821
108794.0 1035.788911947821
108943.0 987.663174233605
116674.0 987.663174233605
116745.0 691.8600742622631
126979.0 691.8600742622631
127070.0 658.7163727959697
129055.0 658.7163727959697
129184.0 661.1170506912442
131354.0 661.1170506912442
131649.0 693.3940379403793
133494.0 693.3940379403793
133669.0 704.2675585284281
135164.0 704.2675585284281
135269.0 689.8449797281183
139462.0 689.8449797281183
139567.0 690.0629274965801
143953.0 690.0629274965801
144067.0 1102.4479717813051
146902.0 1102.4479717813051
147056.0 1097.3220421001693
151189.0 1097.3220421001693
151341.0 1947.2904298266444
155552.0 1947.2904298266444
155618.0 1595.0596175478065
160063.0 1595.0596175478065
160131.0 1494.6817571455977
165344.0 1494.6817571455977
165430.0 1514.101440694691
170497.0 1514.101440694691
170621.0 1997.5875921688278
174554.0 1997.5875921688278
174623.0 2086.6059654631085
177808.0 2086.6059654631085
177917.0 2151.5602160788053
181064.0 2151.5602160788053
181124.0 1794.307116104869
183794.0 1794.307116104869
