43.0 1096.838612368024
1369.0 1096.838612368024
1447.0 1108.3170080142474
2570.0 1108.3170080142474
2646.0 1105.588932806324
3658.0 1105.588932806324
3746.0 1108.2495543672014
4868.0 1108.2495543672014
4945.0 1098.7697478991597
6135.0 1098.7697478991597
6250.0 1091.43982869379
8585.0 1091.43982869379
8651.0 1077.9940476190477
15371.0 1077.9940476190477
15447.0 1111.6215932914047
23079.0 1111.6215932914047
23138.0 1184.0695102685625
25670.0 1184.0695102685625
25740.0 1209.608695652174
26660.0 1209.608695652174
26741.0 1224.5198697068404
32881.0 1224.5198697068404
32937.0 1120.0097665191515
39490.0 1120.0097665191515
39639.0 1145.2688237072875
46253.0 1145.2688237072875
46343.0 1169.4373983739838
47573.0 1169.4373983739838
47635.0 1273.1909090909091
48515.0 1273.1909090909091
48636.0 1411.357142857143
49420.0 1411.357142857143
49533.0 1419.124845488257
50342.0 1419.124845488257
50428.0 1394.2542056074767
52568.0 1394.2542056074767
52636.0 1369.6783452933728
55005.0 1369.6783452933728
55131.0 1307.740222969386
60782.0 1307.740222969386
60841.0 1180.1508934480476
66885.0 1180.1508934480476
66934.0 1059.7487172375538
74145.0 1059.7487172375538
74245.0 1360.7815849587066
79936.0 1360.7815849587066
80036.0 1422.0008133387555
84954.0 1422.0008133387555
85035.0 1423.6638921918352
90081.0 1423.6638921918352
90130.0 1177.6860578485537
96284.0 1177.6860578485537
96441.0 1126.886301190632
104084.0 1126.886301190632
104244.0 1148.888888888889
105018.0 1148.888888888889
105136.0 1140.9842154131848
106213.0 1140.9842154131848
106342.0 1141.984674329502
107386.0 1141.984674329502
107547.0 1136.6137184115523
108655.0 1136.6137184115523
108741.0 1125.2902319044272
111587.0 1125.2902319044272
111744.0 1137.076095311299
114346.0 1137.076095311299
114451.0 1135.8118644067797
119171.0 1135.8118644067797
119240.0 1244.2698196149765
125837.0 1244.2698196149765
125938.0 1267.8871725990598
131894.0 1267.8871725990598
132033.0 1276.0822757111598
136603.0 1276.0822757111598
136734.0 1174.5183794775535
143127.0 1174.5183794775535
143242.0 1172.6601064687852
149441.0 1172.6601064687852
149718.0 1290.4376548307184
152140.0 1290.4376548307184
152242.0 1318.2004454342984
153140.0 1318.2004454342984
153233.0 1303.9838872104733
154226.0 1303.9838872104733
154338.0 1291.2805600430802
158052.0 1291.2805600430802
158134.0 1305.3790022338048
160820.0 1305.3790022338048
160939.0 1304.411932979158
163386.0 1304.411932979158
163441.0 1240.1755327545384
169776.0 1240.1755327545384
169845.0 1198.5284039675382
175390.0 1198.5284039675382
175536.0 1373.1413506388158
180467.0 1373.1413506388158
180535.0 1375.0861079219287
184019.0 1375.0861079219287
