12.0 3414.1032863849764
438.0 3414.1032863849764
517.0 3438.232044198895
879.0 3438.232044198895
917.0 3369.1428571428573
1750.0 3369.1428571428573
1811.0 3365.060506050605
2720.0 3365.060506050605
2816.0 2920.8761904761905
5546.0 2920.8761904761905
5614.0 4306.763440860215
7102.0 4306.763440860215
7213.0 3744.095444685466
11823.0 3744.095444685466
11914.0 3670.147435897436
16906.0 3670.147435897436
17018.0 3258.124034079651
22065.0 3258.124034079651
22112.0 3704.869342442357
26796.0 3704.869342442357
26912.0 3448.666402221341
31954.0 3448.666402221341
32018.0 4252.747408343868
35973.0 4252.747408343868
36010.0 3948.995531724754
40486.0 3948.995531724754
40614.0 4204.899052899053
44943.0 4204.899052899053
45200.0 4258.877621449429
48967.0 4258.877621449429
49011.0 4638.9719827586205
52723.0 4638.9719827586205
52809.0 4668.071355759429
56733.0 4668.071355759429
56814.0 4649.447390932421
59152.0 4649.447390932421
59211.0 4639.849677040516
60914.0 4639.849677040516
61010.0 4618.775
62610.0 4618.775
62709.0 4556.8790840547335
66290.0 4556.8790840547335
66411.0 3541.133211307708
71328.0 3541.133211307708
71415.0 4165.974683544304
75681.0 4165.974683544304
76001.0 4612.863187588152
79546.0 4612.863187588152
79612.0 4330.277227722772
83652.0 4330.277227722772
83713.0 4554.312601406165
87411.0 4554.312601406165
87510.0 4621.341692789969
91657.0 4621.341692789969
91714.0 4629.220657276996
95122.0 4629.220657276996
95210.0 4595.509149623251
98926.0 4595.509149623251
99014.0 4180.903163487081
103155.0 4180.903163487081
103211.0 4639.282107574094
106855.0 4639.282107574094
106913.0 4644.004324324324
110613.0 4644.004324324324
110901.0 4445.496322597008
114844.0 4445.496322597008
114912.0 4295.395163183846
119171.0 4295.395163183846
119213.0 4326.762596672135
123480.0 4326.762596672135
123612.0 4441.1144484722945
127474.0 4441.1144484722945
127509.0 4598.2778443113775
130849.0 4598.2778443113775
130912.0 4149.694685990338
135052.0 4149.694685990338
135110.0 4582.808053691275
138835.0 4582.808053691275
138912.0 4431.843056272586
142786.0 4431.843056272586
142909.0 4243.50389937107
146884.0 4243.50389937107
147201.0 4643.083953241233
150965.0 4643.083953241233
151012.0 4343.762538382804
154920.0 4343.762538382804
155013.0 4335.242002442003
159108.0 4335.242002442003
159212.0 4296.082891079101
163169.0 4296.082891079101
163209.0 3932.614442013129
167779.0 3932.614442013129
167914.0 3817.304136253041
172024.0 3817.304136253041
172110.0 4476.784211893015
175961.0 4476.784211893015
176013.0 4582.20695165801
178516.0 4582.20695165801
