17.0 2749.3534971644613
546.0 2749.3534971644613
622.0 2772.0267260579067
1071.0 2772.0267260579067
1119.0 2716.840271055179
2152.0 2716.840271055179
2214.0 2718.968888888889
3339.0 2718.968888888889
3414.0 2714.3347073371806
4627.0 2714.3347073371806
4719.0 2708.564666103128
7085.0 2708.564666103128
7114.0 2572.4857954545455
9930.0 2572.4857954545455
10015.0 2970.551820728291
12871.0 2970.551820728291
12911.0 2948.428694900605
15225.0 2948.428694900605
15311.0 3862.1785525620708
17204.0 3862.1785525620708
17312.0 2412.6787845150548
24519.0 2412.6787845150548
24613.0 3602.4022274576996
29282.0 3602.4022274576996
29412.0 3876.2508771929824
33972.0 3876.2508771929824
34010.0 3755.5205281617496
38857.0 3755.5205281617496
38910.0 3690.6353807223372
43257.0 3690.6353807223372
43310.0 3646.7310461668785
48032.0 3646.7310461668785
48112.0 3682.652191395255
53086.0 3682.652191395255
53211.0 3726.7803664329335
57632.0 3726.7803664329335
57900.0 3723.707398868162
62671.0 3723.707398868162
62712.0 3637.7465738983765
67455.0 3637.7465738983765
67511.0 3583.263943785683
72065.0 3583.263943785683
72111.0 3569.4448544485444
76989.0 3569.4448544485444
77115.0 3327.475753604194
82456.0 3327.475753604194
82512.0 3526.547336640069
87149.0 3526.547336640069
87213.0 2836.0868535333598
89746.0 2836.0868535333598
89813.0 2767.2699503627337
92432.0 2767.2699503627337
92517.0 3284.81769641495
95139.0 3284.81769641495
95212.0 3310.9039301310045
97044.0 3310.9039301310045
97111.0 3556.848263254113
99299.0 3556.848263254113
99412.0 3635.9981369352586
101559.0 3635.9981369352586
101610.0 3639.2875
103530.0 3639.2875
103608.0 3642.9503816793895
105704.0 3642.9503816793895
105812.0 3655.597914494265
110607.0 3655.597914494265
110714.0 3656.6236258245053
115717.0 3656.6236258245053
115812.0 3597.485580670304
120944.0 3597.485580670304
121013.0 3555.469320066335
125837.0 3555.469320066335
125912.0 3794.971089696071
129959.0 3794.971089696071
130012.0 3758.4196018376724
134583.0 3758.4196018376724
134711.0 3762.6096539563587
139248.0 3762.6096539563587
139312.0 3754.4194183249506
143885.0 3754.4194183249506
144202.0 3613.5235646958013
148870.0 3613.5235646958013
148912.0 3673.091214796133
153670.0 3673.091214796133
153710.0 3680.7077189939287
158322.0 3680.7077189939287
158413.0 3623.0236734693876
163313.0 3623.0236734693876
163414.0 3694.7620082590743
168015.0 3694.7620082590743
168113.0 3666.2684618523053
173015.0 3666.2684618523053
173113.0 3313.4361140443507
177848.0 3313.4361140443507
177914.0 3237.5767136150234
183239.0 3237.5767136150234
183314.0 3292.9267872523687
186797.0 3292.9267872523687
