21.0 2279.6363636363635
659.0 2279.6363636363635
718.0 2304.8888888888887
1258.0 2304.8888888888887
1322.0 2297.4455852156057
1809.0 2297.4455852156057
1922.0 2257.446494464945
3277.0 2257.446494464945
3318.0 2245.8990450204637
4784.0 2245.8990450204637
4821.0 2470.49498843485
7415.0 2470.49498843485
7516.0 2732.599019238023
10167.0 2732.599019238023
10217.0 2234.9567966280297
14013.0 2234.9567966280297
14112.0 3390.986083499006
16124.0 3390.986083499006
16213.0 3956.225108225108
18061.0 3956.225108225108
18107.0 4033.4437485502203
22418.0 4033.4437485502203
22509.0 3602.4022274576996
27178.0 3602.4022274576996
27214.0 3454.309947234708
32331.0 3454.309947234708
32410.0 2999.8365194462754
38478.0 2999.8365194462754
38512.0 3402.5857900318133
43227.0 3402.5857900318133
43311.0 3553.4180767643415
48157.0 3553.4180767643415
48214.0 3967.4056746805286
52831.0 3967.4056746805286
52912.0 4575.422382671481
56513.0 4575.422382671481
56800.0 4847.423738062756
60465.0 4847.423738062756
60509.0 4718.028985507246
64166.0 4718.028985507246
64207.0 2958.336475707034
69723.0 2958.336475707034
69818.0 2549.6781373553963
76647.0 2549.6781373553963
76712.0 4069.473462953232
78615.0 4069.473462953232
78714.0 3708.0593849416755
80600.0 3708.0593849416755
80708.0 3512.8645476772617
82753.0 3512.8645476772617
82817.0 3302.323137254902
87917.0 3302.323137254902
88014.0 4050.021978021978
92746.0 4050.021978021978
93002.0 4896.456859093731
96224.0 4896.456859093731
96314.0 4787.4718250630785
99881.0 4787.4718250630785
100015.0 3555.055441478439
104885.0 3555.055441478439
105014.0 3556.067311737484
109768.0 3556.067311737484
109815.0 3510.2790602655773
114710.0 3510.2790602655773
114811.0 3372.828939772946
120008.0 3372.828939772946
120115.0 2758.119214119214
123118.0 2758.119214119214
123217.0 2453.2121936640765
126563.0 2453.2121936640765
126623.0 2454.9856957087127
129699.0 2454.9856957087127
129815.0 3834.119658119658
131336.0 3834.119658119658
131407.0 5302.751412429378
132823.0 5302.751412429378
132910.0 5204.5609756097565
136190.0 5204.5609756097565
136308.0 4728.438446708896
139939.0 4728.438446708896
140016.0 3552.6385846672283
144764.0 3552.6385846672283
144816.0 3481.388047808765
149836.0 3481.388047808765
149913.0 4214.35551142006
153941.0 4214.35551142006
154015.0 6360.736653529201
156806.0 6360.736653529201
156907.0 9032.731137088203
158789.0 9032.731137088203
158905.0 8449.481899388811
161032.0 8449.481899388811
161302.0 3352.3760683760684
165982.0 3352.3760683760684
166016.0 3158.6837669476
171474.0 3158.6837669476
171518.0 3160.447506200055
175147.0 3160.447506200055
