52.0 919.9291587602783
1633.0 919.9291587602783
1751.0 919.231905465288
3105.0 919.231905465288
3251.0 924.6743801652892
4461.0 924.6743801652892
4553.0 924.5026022304833
5898.0 924.5026022304833
6055.0 920.1520056298382
7476.0 920.1520056298382
7555.0 924.3476669716378
8648.0 924.3476669716378
8766.0 907.9935629224332
11873.0 907.9935629224332
11965.0 848.3896
21965.0 848.3896
22051.0 874.9492017416545
23429.0 874.9492017416545
23556.0 879.7154150197629
24821.0 879.7154150197629
24962.0 906.5640038498557
28079.0 906.5640038498557
28157.0 904.5693552888641
31740.0 904.5693552888641
31860.0 895.6267748478701
35311.0 895.6267748478701
35458.0 863.3519366930445
45062.0 863.3519366930445
45324.0 909.7408906882591
48288.0 909.7408906882591
48630.0 906.2903423732973
56779.0 906.2903423732973
56854.0 935.6740016299918
58081.0 935.6740016299918
58146.0 932.6068111455108
59438.0 932.6068111455108
59556.0 930.4303797468355
60978.0 930.4303797468355
61056.0 902.1556270096463
64166.0 902.1556270096463
64258.0 902.444833625219
67684.0 902.444833625219
67749.0 907.8183881952327
71273.0 907.8183881952327
71366.0 904.8532046864232
77170.0 904.8532046864232
77261.0 904.241013705715
84995.0 904.241013705715
85330.0 903.2827863699233
93283.0 903.2827863699233
93359.0 890.4584237165582
94742.0 890.4584237165582
94856.0 854.4967704051674
96559.0 854.4967704051674
96658.0 864.178814382896
97687.0 864.178814382896
97858.0 858.1284916201117
99290.0 858.1284916201117
99459.0 876.3851203501094
103115.0 876.3851203501094
103248.0 910.0489044140998
106397.0 910.0489044140998
106556.0 887.6319290465632
110164.0 887.6319290465632
110258.0 881.8652385103998
118287.0 881.8652385103998
118632.0 898.23576618588
127853.0 898.23576618588
127958.0 930.3657587548638
129500.0 930.3657587548638
129657.0 935.1695906432749
131025.0 935.1695906432749
131148.0 941.7531305903399
132266.0 941.7531305903399
132357.0 942.1538461538462
133410.0 942.1538461538462
133554.0 913.0063348416289
136869.0 913.0063348416289
136961.0 900.4436761740133
140432.0 900.4436761740133
140558.0 854.4979469951475
148595.0 854.4979469951475
148752.0 870.4925690021231
158172.0 870.4925690021231
158437.0 892.0533467539003
166385.0 892.0533467539003
166450.0 915.33598937583
167956.0 915.33598937583
168048.0 917.0899107755662
169505.0 917.0899107755662
169650.0 922.5590778097983
171038.0 922.5590778097983
171333.0 910.4242007562736
174242.0 910.4242007562736
174362.0 897.128168511246
177163.0 897.128168511246
177255.0 902.4380784486558
179524.0 902.4380784486558
