55.0 919.3476611883691
1637.0 919.3476611883691
1755.0 919.231905465288
3109.0 919.231905465288
3255.0 924.6743801652892
4465.0 924.6743801652892
4557.0 794.5405750798722
6122.0 794.5405750798722
6288.0 605.6211208893006
8447.0 605.6211208893006
8571.0 753.9641791044776
9911.0 753.9641791044776
10067.0 776.6687777074097
11646.0 776.6687777074097
11770.0 815.2356389214536
13476.0 815.2356389214536
13569.0 1170.4690341396465
19398.0 1170.4690341396465
19534.0 1352.4054753977061
24940.0 1352.4054753977061
25050.0 1117.0037141583716
31781.0 1117.0037141583716
31842.0 1268.0414651002072
37630.0 1268.0414651002072
37726.0 406.74477796273425
56349.0 406.74477796273425
56576.0 319.85946186346456
61073.0 319.85946186346456
61143.0 1021.3381950774841
62240.0 1021.3381950774841
62348.0 1021.702677746999
63431.0 1021.702677746999
63551.0 1024.149866190901
64672.0 1024.149866190901
64755.0 1004.9525092623779
67724.0 1004.9525092623779
67844.0 952.3827414147344
71251.0 952.3827414147344
71360.0 786.3520179372198
74928.0 786.3520179372198
75120.0 569.073440088349
80553.0 569.073440088349
80837.0 806.1915708812261
82403.0 806.1915708812261
82567.0 806.5289052890529
84193.0 806.5289052890529
84358.0 851.6875483372003
85651.0 851.6875483372003
85761.0 869.0685179595532
89074.0 869.0685179595532
89155.0 891.2297097884899
97287.0 891.2297097884899
97456.0 845.551934027096
107642.0 845.551934027096
107749.0 999.1460674157304
108639.0 999.1460674157304
108749.0 997.4350649350649
109981.0 997.4350649350649
110054.0 1028.6729939603106
111213.0 1028.6729939603106
111517.0 1320.092243186583
112471.0 1320.092243186583
112536.0 1472.4487356321838
114711.0 1472.4487356321838
114825.0 1463.2147137838397
119664.0 1463.2147137838397
119923.0 907.685698630137
129048.0 907.685698630137
129134.0 1125.9873799725651
136424.0 1125.9873799725651
136562.0 801.8194945848376
145980.0 801.8194945848376
146147.0 397.6132930513595
148795.0 397.6132930513595
149042.0 395.2541832669323
151552.0 395.2541832669323
151738.0 392.79509870660314
154676.0 392.79509870660314
154985.0 577.7217140105922
157062.0 577.7217140105922
157195.0 625.0854816824966
161617.0 625.0854816824966
161758.0 950.7019089574155
163120.0 950.7019089574155
163247.0 828.4842749791261
166840.0 828.4842749791261
166977.0 621.2239747634069
169196.0 621.2239747634069
169391.0 637.8042959427207
171486.0 637.8042959427207
171574.0 745.3504074505239
173292.0 745.3504074505239
173466.0 754.3218456280262
176977.0 754.3218456280262
177071.0 369.17071043018376
195412.0 369.17071043018376
195747.0 575.7435897435897
197307.0 575.7435897435897
