33.0 1427.289499509323
1052.0 1427.289499509323
1129.0 1442.2247972190034
1992.0 1442.2247972190034
2128.0 1436.2721437740693
2907.0 1436.2721437740693
3027.0 1439.1851851851852
3891.0 1439.1851851851852
4028.0 2326.576512455516
4590.0 2326.576512455516
4721.0 3472.0871934604907
5455.0 3472.0871934604907
5512.0 3353.759259259259
7672.0 3353.759259259259
7716.0 3505.7421487603306
10136.0 3505.7421487603306
10206.0 2402.3464788732394
13046.0 2402.3464788732394
13140.0 1727.1684384597213
17373.0 1727.1684384597213
17410.0 2792.924219910847
20102.0 2792.924219910847
20221.0 2528.220461591457
23124.0 2528.220461591457
23220.0 4511.499702203692
24899.0 4511.499702203692
25012.0 4599.041940373926
28970.0 4599.041940373926
29014.0 4226.3414120126445
32810.0 4226.3414120126445
32921.0 2388.661950339853
40130.0 2388.661950339853
40216.0 2840.364707706621
46665.0 2840.364707706621
46717.0 2829.4858320453372
52540.0 2829.4858320453372
52612.0 2735.7265167847245
59106.0 2735.7265167847245
59214.0 2527.663639027249
66040.0 2527.663639027249
66122.0 2072.4135128270254
73996.0 2072.4135128270254
74108.0 4848.888324873096
75684.0 4848.888324873096
75810.0 4756.8845208845205
77438.0 4756.8845208845205
77512.0 3396.503156872268
79571.0 3396.503156872268
79615.0 3290.7961520842878
81798.0 3290.7961520842878
81917.0 2914.1455568958586
84404.0 2914.1455568958586
84511.0 4444.1651186790505
86449.0 4444.1651186790505
86508.0 3209.299470899471
88398.0 3209.299470899471
88510.0 3966.5565749235475
90472.0 3966.5565749235475
90512.0 3898.4733168205357
94953.0 3898.4733168205357
95015.0 3506.6467537855215
99836.0 3506.6467537855215
99914.0 3343.61081922553
105053.0 3343.61081922553
105110.0 2396.580803937654
112424.0 2396.580803937654
112519.0 1871.9009516013507
122292.0 1871.9009516013507
122421.0 2628.385526737112
125544.0 2628.385526737112
125612.0 1932.3275332650971
129520.0 1932.3275332650971
129626.0 2070.1796237131703
132443.0 2070.1796237131703
132551.0 1942.7415265200518
136416.0 1942.7415265200518
136523.0 2196.8328800241766
139832.0 2196.8328800241766
139919.0 2138.0287191269385
143401.0 2138.0287191269385
143522.0 2923.627075351213
145871.0 2923.627075351213
145916.0 3367.5728952772074
148351.0 3367.5728952772074
148603.0 3029.931623931624
150943.0 3029.931623931624
151014.0 2553.8433300557194
154065.0 2553.8433300557194
154121.0 2272.4976303317535
157497.0 2272.4976303317535
157621.0 2457.4638723803564
160818.0 2457.4638723803564
160915.0 3149.687203791469
163025.0 3149.687203791469
163115.0 2232.4299373557533
166148.0 2232.4299373557533
166218.0 2129.2444444444445
168468.0 2129.2444444444445
