14.0 3036.3423799582465
493.0 3036.3423799582465
614.0 3043.1295843520784
1023.0 3043.1295843520784
1120.0 2988.8136315228967
2059.0 2988.8136315228967
2111.0 2984.234146341463
3136.0 2984.234146341463
3220.0 2975.370149253731
5900.0 2975.370149253731
6018.0 2982.067938576082
8167.0 2982.067938576082
8218.0 2977.44348540896
10651.0 2977.44348540896
10718.0 2865.213103681189
13679.0 2865.213103681189
13719.0 2776.8270248270246
16176.0 2776.8270248270246
16215.0 2623.2881234302117
19002.0 2623.2881234302117
19119.0 2611.5151094129906
21998.0 2611.5151094129906
22116.0 2599.866808359901
24939.0 2599.866808359901
25210.0 2599.4536719286207
28124.0 2599.4536719286207
28220.0 2575.04099378882
31440.0 2575.04099378882
31516.0 2576.655429243434
34067.0 2576.655429243434
34116.0 2576.8876482903
36982.0 2576.8876482903
37021.0 2519.085342019544
40091.0 2519.085342019544
40222.0 2503.7851590106006
43052.0 2503.7851590106006
43118.0 2526.1074168797954
46246.0 2526.1074168797954
46321.0 2632.718204488778
49128.0 2632.718204488778
49217.0 2634.958256372368
51924.0 2634.958256372368
52026.0 2604.210589291056
58712.0 2604.210589291056
58823.0 2568.215028901734
65743.0 2568.215028901734
65820.0 2510.763089206203
72333.0 2510.763089206203
72420.0 2681.1218390804597
78945.0 2681.1218390804597
79019.0 2581.126130268199
85544.0 2581.126130268199
85621.0 2389.316045380875
93642.0 2389.316045380875
93720.0 2241.528455284553
96426.0 2241.528455284553
96520.0 2248.5940479630167
99981.0 2248.5940479630167
100020.0 2347.1100420926036
103346.0 2347.1100420926036
103421.0 2347.138730265368
106398.0 2347.138730265368
106518.0 2348.7000922792986
109769.0 2348.7000922792986
109816.0 2637.0562383612664
112501.0 2637.0562383612664
112618.0 2631.9135684779153
115765.0 2631.9135684779153
115822.0 2627.5441741357236
118946.0 2627.5441741357236
119206.0 2611.1811894882435
122098.0 2611.1811894882435
122216.0 2611.5969547693685
124449.0 2611.5969547693685
124522.0 2516.319034852547
127506.0 2516.319034852547
127621.0 2249.8669142680283
130852.0 2249.8669142680283
130923.0 2250.488512696493
134231.0 2250.488512696493
134320.0 2250.934119960669
137371.0 2250.934119960669
137422.0 2249.0510148107514
141068.0 2249.0510148107514
141119.0 2172.1936274509803
144383.0 2172.1936274509803
144426.0 1877.0840761262345
148577.0 1877.0840761262345
148816.0 2350.475490196078
152080.0 2350.475490196078
152120.0 2570.007196597972
155177.0 2570.007196597972
155222.0 2633.728386771865
161179.0 2633.728386771865
161224.0 2634.891639920526
167767.0 2634.891639920526
167830.0 2304.9163987138263
172806.0 2304.9163987138263
