124.0 390.5499462943072
3848.0 390.5499462943072
4033.0 519.4657762938231
6429.0 519.4657762938231
6554.0 1220.1264994547437
7471.0 1220.1264994547437
7533.0 1498.1397590361446
8363.0 1498.1397590361446
8425.0 1562.1696535244923
9262.0 1562.1696535244923
9333.0 1598.5949367088608
9965.0 1598.5949367088608
10038.0 1430.5134281200633
15102.0 1430.5134281200633
15245.0 2138.617595160071
19212.0 2138.617595160071
19312.0 3303.953510895884
21377.0 3303.953510895884
21416.0 2980.4745209947005
23869.0 2980.4745209947005
23914.0 2931.2093567251463
26479.0 2931.2093567251463
26513.0 2883.8601178781923
29058.0 2883.8601178781923
29116.0 3389.1758389261745
31351.0 3389.1758389261745
31407.0 6169.369047619048
32751.0 6169.369047619048
32807.0 5984.032823573293
35488.0 5984.032823573293
35605.0 5278.928264868179
38867.0 5278.928264868179
38910.0 4438.456990550037
43037.0 4438.456990550037
43111.0 4678.051107325383
46633.0 4678.051107325383
46708.0 4336.2968025384425
50805.0 4336.2968025384425
50920.0 2342.3611186532717
58286.0 2342.3611186532717
58420.0 3095.8421551887686
63691.0 3095.8421551887686
63811.0 4229.232936604323
67928.0 4229.232936604323
68202.0 4309.419980601358
72326.0 4309.419980601358
72412.0 4047.6732673267325
76452.0 4047.6732673267325
76509.0 5286.890299184043
79818.0 5286.890299184043
79907.0 5482.372395833333
82979.0 5482.372395833333
83006.0 3888.9415584415583
87934.0 3888.9415584415583
88016.0 4052.500385306961
91909.0 4052.500385306961
92009.0 4209.246241064826
96066.0 4209.246241064826
96115.0 3326.887009992314
101319.0 3326.887009992314
101412.0 2344.7356449375866
108622.0 2344.7356449375866
108916.0 1566.4888321633696
119885.0 1566.4888321633696
120031.0 1431.8495449949444
124976.0 1431.8495449949444
125041.0 1873.3386273397618
126804.0 1873.3386273397618
126916.0 3058.8217349857005
127965.0 3058.8217349857005
128013.0 3062.146750524109
128967.0 3062.146750524109
129018.0 3031.027027027027
130942.0 3031.027027027027
131012.0 2853.9323451159257
133643.0 2853.9323451159257
133712.0 2166.066746126341
137068.0 2166.066746126341
137115.0 3443.3931544865864
139277.0 3443.3931544865864
139505.0 4054.073199527745
141199.0 4054.073199527745
141305.0 6918.673000791766
143831.0 6918.673000791766
143906.0 4689.34364640884
147526.0 4689.34364640884
147613.0 4026.4948968019958
152022.0 4026.4948968019958
152109.0 3755.1579412414403
156636.0 3755.1579412414403
156712.0 3658.059841237533
161625.0 3658.059841237533
161716.0 4250.642102411271
165407.0 4250.642102411271
165511.0 3219.439028944911
170866.0 3219.439028944911
170915.0 2965.166494312306
174783.0 2965.166494312306
