64.0 732.6992443324937
2049.0 732.6992443324937
2165.0 1234.7619047619048
3173.0 1234.7619047619048
3216.0 1976.7773851590107
3782.0 1976.7773851590107
3813.0 3124.261306532663
4211.0 3124.261306532663
4316.0 3059.933085501859
5392.0 3059.933085501859
5517.0 4933.382602001539
6816.0 4933.382602001539
6906.0 3218.1785872945356
9157.0 3218.1785872945356
9216.0 2146.191753098912
13169.0 2146.191753098912
13217.0 2632.2006172839506
15809.0 2632.2006172839506
15912.0 2905.844197138315
18428.0 2905.844197138315
18516.0 3156.403022670025
20898.0 3156.403022670025
21014.0 3554.441251056636
25746.0 3554.441251056636
25809.0 2978.716548702393
31743.0 2978.716548702393
31814.0 3008.2644191042805
37865.0 3008.2644191042805
37915.0 3132.2124170245997
43037.0 3132.2124170245997
43115.0 2946.084516680924
48960.0 2946.084516680924
49013.0 3348.7224862888484
54483.0 3348.7224862888484
54611.0 3401.341040462428
59455.0 3401.341040462428
59511.0 3502.0319337670016
64584.0 3502.0319337670016
64901.0 3556.0247320692497
69753.0 3556.0247320692497
69813.0 3524.445788336933
74443.0 3524.445788336933
74515.0 3283.991405242802
76842.0 3283.991405242802
76913.0 3285.6207042851083
79270.0 3285.6207042851083
79312.0 3297.218293257897
81433.0 3297.218293257897
81512.0 2879.281763527054
84007.0 2879.281763527054
84118.0 2451.786197564276
87074.0 2451.786197564276
87121.0 2614.6909532483305
90415.0 2614.6909532483305
90513.0 3312.7121791370837
92344.0 3312.7121791370837
92412.0 3307.430514237144
94765.0 3307.430514237144
95002.0 3489.713008493518
97239.0 3489.713008493518
97315.0 3550.0932381352372
102077.0 3550.0932381352372
102213.0 3005.565156550638
107930.0 3005.565156550638
108018.0 2971.4514324461775
113917.0 2971.4514324461775
114012.0 3242.4828075150654
119654.0 3242.4828075150654
119712.0 2987.9100178022336
125891.0 2987.9100178022336
126011.0 3419.3748006379587
131027.0 3419.3748006379587
131113.0 3176.473216132368
135948.0 3176.473216132368
136016.0 3097.680490443563
141562.0 3097.680490443563
141805.0 2463.697503247222
148734.0 2463.697503247222
148819.0 2732.586046511628
150539.0 2732.586046511628
150616.0 3116.2660653889516
151503.0 3116.2660653889516
151616.0 3110.252780586451
152605.0 3110.252780586451
152712.0 3104.0083420229407
153671.0 3104.0083420229407
153712.0 3089.52260111023
156234.0 3089.52260111023
156313.0 2547.128818061089
159325.0 2547.128818061089
159420.0 2434.617911372792
162647.0 2434.617911372792
162722.0 2433.4822409373855
165453.0 2433.4822409373855
165521.0 1482.2591943957968
170089.0 1482.2591943957968
170213.0 3572.557792692021
171554.0 3572.557792692021
