19.0 2565.093474426808
586.0 2565.093474426808
619.0 2609.3081761006288
1096.0 2609.3081761006288
1214.0 2572.0827586206897
1649.0 2572.0827586206897
1714.0 2601.3723849372386
2192.0 2601.3723849372386
2319.0 2538.6794014645016
5460.0 2538.6794014645016
5515.0 2539.011093502377
8039.0 2539.011093502377
8114.0 2550.7464788732395
10954.0 2550.7464788732395
11016.0 2609.626576438019
14267.0 2609.626576438019
14315.0 2681.864779874214
16859.0 2681.864779874214
16920.0 2776.7200911507784
19553.0 2776.7200911507784
19614.0 3085.167008617152
22051.0 3085.167008617152
22111.0 3704.9086320040383
24092.0 3704.9086320040383
24216.0 3423.5336044935116
29379.0 3423.5336044935116
29412.0 3216.6474642162925
35071.0 3216.6474642162925
35116.0 3039.634710117469
40394.0 3039.634710117469
40513.0 2870.934311437146
46511.0 2870.934311437146
46618.0 2929.8643634037107
52870.0 2929.8643634037107
52917.0 2973.441879983214
55300.0 2973.441879983214
55418.0 3003.293044469783
58049.0 3003.293044469783
58115.0 3162.190842961061
60452.0 3162.190842961061
60511.0 3163.1184035476717
62766.0 3163.1184035476717
62813.0 3165.6371168185583
65227.0 3165.6371168185583
65312.0 2687.095072866065
68194.0 2687.095072866065
68315.0 2630.304005147177
74532.0 2630.304005147177
74616.0 2677.019127773527
81151.0 2677.019127773527
81218.0 2773.2336571710853
87291.0 2773.2336571710853
87412.0 2693.9420860275513
94526.0 2693.9420860275513
94617.0 2505.40107393639
97038.0 2505.40107393639
97117.0 2503.179157285301
100226.0 2503.179157285301
100314.0 2462.6145110410093
103484.0 2462.6145110410093
103517.0 2429.566063977747
106393.0 2429.566063977747
106517.0 2427.089637635092
109663.0 2427.089637635092
109720.0 2626.2967359050444
112416.0 2626.2967359050444
112516.0 2717.3989501312335
115564.0 2717.3989501312335
115618.0 2716.2303110522835
118640.0 2716.2303110522835
118906.0 2609.376641326883
121800.0 2609.376641326883
121914.0 2576.975695978789
124177.0 2576.975695978789
124217.0 2582.082530949106
127125.0 2582.082530949106
127216.0 2629.0488245931283
129981.0 2629.0488245931283
130015.0 2682.7445045045047
132790.0 2682.7445045045047
132914.0 2686.8544600938967
135470.0 2686.8544600938967
135513.0 2780.6790771678598
141798.0 2780.6790771678598
141915.0 2888.9421375085094
147791.0 2888.9421375085094
147912.0 2972.675150703282
153884.0 2972.675150703282
154016.0 2900.9556313993176
159876.0 2900.9556313993176
159917.0 3156.8677323028282
165610.0 3156.8677323028282
165716.0 3263.806948200541
170523.0 3263.806948200541
170612.0 3074.1968616262484
176220.0 3074.1968616262484
176316.0 2516.845292955892
180873.0 2516.845292955892
