11.0 4155.451428571429
361.0 4155.451428571429
416.0 4204.864864864865
712.0 4204.864864864865
813.0 4121.139500734214
1494.0 4121.139500734214
1614.0 4116.877523553163
2357.0 4116.877523553163
2415.0 4109.3564122738
3686.0 4109.3564122738
3714.0 4100.104926423544
5277.0 4100.104926423544
5314.0 4151.101491101491
9472.0 4151.101491101491
9513.0 4044.4538631346577
14043.0 4044.4538631346577
14114.0 3767.182588774341
18479.0 3767.182588774341
18514.0 3811.4667252361082
23067.0 3811.4667252361082
23114.0 3529.877385302477
28040.0 3529.877385302477
28116.0 3231.434390009606
33321.0 3231.434390009606
33416.0 2864.7818476499187
39586.0 2864.7818476499187
39904.0 3699.969656403391
42145.0 3699.969656403391
42213.0 3917.843866171004
43289.0 3917.843866171004
43312.0 2962.438828720417
45805.0 2962.438828720417
45929.0 1710.2149491375499
50451.0 1710.2149491375499
50525.0 3483.6342182890858
52559.0 3483.6342182890858
52614.0 3817.2289855072463
54684.0 3817.2289855072463
54713.0 2945.84804507427
60570.0 2945.84804507427
60624.0 3164.89216446858
65780.0 3164.89216446858
65813.0 3434.948115999211
70882.0 3434.948115999211
71013.0 2286.0879855930025
78787.0 2286.0879855930025
78919.0 3007.9139784946237
81244.0 3007.9139784946237
81324.0 1902.4915254237287
85100.0 1902.4915254237287
85225.0 2152.5037125037124
88592.0 2152.5037125037124
88717.0 2536.1578327444054
92113.0 2536.1578327444054
92212.0 4081.814266487214
93698.0 4081.814266487214
93809.0 3618.0306834030685
95960.0 3618.0306834030685
96016.0 3903.244
98016.0 3903.244
98112.0 3616.9328198545145
102786.0 3616.9328198545145
102916.0 3724.060684872128
107530.0 3724.060684872128
107610.0 3743.825715506194
112292.0 3743.825715506194
112416.0 3564.709275136399
117548.0 3564.709275136399
117616.0 3809.015060862389
122463.0 3809.015060862389
122515.0 3624.595097210482
127247.0 3624.595097210482
127314.0 2617.7344469064255
133181.0 2617.7344469064255
133233.0 2011.4431565390469
141774.0 2011.4431565390469
141817.0 2380.6836935166993
143853.0 2380.6836935166993
143919.0 2327.16974054392
147118.0 2327.16974054392
147219.0 1741.2778904665315
151163.0 1741.2778904665315
151232.0 1958.920210224558
155418.0 1958.920210224558
155515.0 3660.320082601962
157452.0 3660.320082601962
157516.0 3498.776829815896
159743.0 3498.776829815896
159817.0 3474.6159420289855
162025.0 3474.6159420289855
162117.0 3423.3167755991285
164412.0 3423.3167755991285
164512.0 3615.7997823721435
166350.0 3615.7997823721435
166605.0 3595.836431226766
168488.0 3595.836431226766
168517.0 3139.683547768957
172170.0 3139.683547768957
