12.0 3888.7914438502676
386.0 3888.7914438502676
514.0 3819.29375
1794.0 3819.29375
1912.0 3795.7664864864864
3762.0 3795.7664864864864
3812.0 2650.4110756123537
6629.0 2650.4110756123537
6716.0 2714.0884955752213
9654.0 2714.0884955752213
9718.0 2528.991318074191
12252.0 2528.991318074191
12332.0 2364.2689295039163
15396.0 2364.2689295039163
15507.0 4425.6108502869065
17424.0 4425.6108502869065
17515.0 2691.3861932938858
20050.0 2691.3861932938858
20119.0 2606.4541889483066
22924.0 2606.4541889483066
23017.0 3233.785806451613
25342.0 3233.785806451613
25600.0 4230.215561959654
27335.0 4230.215561959654
27409.0 4921.90253411306
28948.0 4921.90253411306
29008.0 6267.295540438397
30331.0 6267.295540438397
30409.0 4600.858044164038
33896.0 4600.858044164038
34021.0 2730.278103694308
40328.0 2730.278103694308
40412.0 5547.399152029073
43714.0 5547.399152029073
43806.0 6398.483883495146
46381.0 6398.483883495146
46510.0 3209.721409214092
52045.0 3209.721409214092
52110.0 4856.13059386434
55663.0 4856.13059386434
55709.0 4588.915635545557
59265.0 4588.915635545557
59309.0 4583.246117399316
63108.0 4583.246117399316
63397.0 6302.144680851064
66217.0 6302.144680851064
66307.0 5421.949602122016
69323.0 5421.949602122016
69407.0 6078.637943015983
72285.0 6078.637943015983
72410.0 4604.11372334609
76068.0 4604.11372334609
76112.0 3891.310456852792
81037.0 3891.310456852792
81109.0 5766.222222222223
83845.0 5766.222222222223
83911.0 6015.115181401902
86750.0 6015.115181401902
86809.0 5398.540692235734
90016.0 5398.540692235734
90113.0 4289.658462319208
94054.0 4289.658462319208
94302.0 4589.427350427351
98046.0 4589.427350427351
98109.0 4839.4787410270565
101731.0 4839.4787410270565
101812.0 4979.338051170386
105486.0 4979.338051170386
105608.0 5967.128636069812
108702.0 5967.128636069812
108812.0 6047.808180535966
111648.0 6047.808180535966
111709.0 8924.025566531087
113430.0 8924.025566531087
113506.0 8035.423760523854
115644.0 8035.423760523854
115708.0 3991.3397241056814
119985.0 3991.3397241056814
120115.0 4806.5397536394175
123687.0 4806.5397536394175
124001.0 3199.5311077389983
129273.0 3199.5311077389983
129326.0 2394.050410958904
136626.0 2394.050410958904
136720.0 4035.042548134062
140927.0 4035.042548134062
141019.0 2831.3901116427432
147289.0 2831.3901116427432
147412.0 4464.180672268908
151220.0 4464.180672268908
151309.0 5857.903520208605
154377.0 5857.903520208605
154412.0 2430.161090458488
160868.0 2430.161090458488
160942.0 4470.979253112033
164798.0 4470.979253112033
164911.0 5845.700305810397
166873.0 5845.700305810397
