137.0 437.02163461538464
3465.0 437.02163461538464
3551.0 961.1119691119691
4846.0 961.1119691119691
4946.0 632.4793668739401
6715.0 632.4793668739401
6953.0 356.1890575766256
10444.0 356.1890575766256
10649.0 353.4836442281698
14348.0 353.4836442281698
14551.0 601.0184414039262
16232.0 601.0184414039262
16358.0 784.6193218170185
17921.0 784.6193218170185
18060.0 779.5919282511211
19844.0 779.5919282511211
19969.0 532.779496243924
22232.0 532.779496243924
22408.0 493.28014184397165
24664.0 493.28014184397165
24814.0 479.59425190194423
27180.0 479.59425190194423
27466.0 477.88217291507266
30080.0 477.88217291507266
30232.0 574.5146669734269
38925.0 574.5146669734269
39118.0 542.5040565297043
54402.0 542.5040565297043
54583.0 484.3960224816256
56896.0 484.3960224816256
57125.0 429.8772338772339
59699.0 429.8772338772339
59927.0 431.44381811349115
62588.0 431.44381811349115
62730.0 495.44736842105266
65162.0 495.44736842105266
65304.0 514.2137582588418
67877.0 514.2137582588418
68020.0 541.2237654320987
73204.0 541.2237654320987
73552.0 599.5095057034221
75656.0 599.5095057034221
75777.0 600.0456273764258
77881.0 600.0456273764258
77982.0 614.8223159868729
80115.0 614.8223159868729
80290.0 617.2825112107623
82074.0 617.2825112107623
82172.0 610.5210608424337
84095.0 610.5210608424337
84291.0 988.3659711075442
85537.0 988.3659711075442
85614.0 1636.4795743872317
90877.0 1636.4795743872317
90937.0 1243.7104777527168
95814.0 1243.7104777527168
95939.0 1164.330341113106
102623.0 1164.330341113106
102722.0 1391.2828372839067
108333.0 1391.2828372839067
108439.0 1241.3274116184048
114068.0 1241.3274116184048
114123.0 1043.831032125769
121438.0 1043.831032125769
121562.0 803.1415607985481
130378.0 803.1415607985481
130590.0 281.25446332544635
135239.0 281.25446332544635
135508.0 281.9068579288662
140597.0 281.9068579288662
140898.0 342.6116764863417
144632.0 342.6116764863417
144816.0 459.57223919685725
147107.0 459.57223919685725
147318.0 454.0448512585812
149503.0 454.0448512585812
149714.0 460.87539936102235
152218.0 460.87539936102235
152374.0 1474.1130221130222
153188.0 1474.1130221130222
153229.0 1475.9900249376558
154031.0 1475.9900249376558
154312.0 1463.1141242937854
155197.0 1463.1141242937854
155328.0 704.22143364088
159555.0 704.22143364088
159674.0 575.5485300635249
173212.0 575.5485300635249
173469.0 330.8244615003714
177508.0 330.8244615003714
177765.0 332.08298755186723
181621.0 332.08298755186723
181879.0 362.6956808440488
184912.0 362.6956808440488
185113.0 415.33011836913636
187394.0 415.33011836913636
187625.0 418.3325570563577
189772.0 418.3325570563577
