12.0 3636.02
412.0 3636.02
515.0 3589.3363329583804
1404.0 3589.3363329583804
1516.0 3586.3983656792648
3474.0 3586.3983656792648
3516.0 3575.391106514995
8351.0 3575.391106514995
8417.0 3768.5425463851566
11543.0 3768.5425463851566
11609.0 4255.28818061089
13115.0 4255.28818061089
13209.0 4008.9208633093526
15016.0 4008.9208633093526
15111.0 3925.912077741786
17272.0 3925.912077741786
17309.0 3930.10599078341
19045.0 3930.10599078341
19112.0 3926.4790547798066
20974.0 3926.4790547798066
21011.0 3924.0876826722338
22927.0 3924.0876826722338
23203.0 3917.0041918956686
27497.0 3917.0041918956686
27611.0 3879.6540825285338
32167.0 3879.6540825285338
32213.0 3589.628870045356
37284.0 3589.628870045356
37411.0 4531.975141242938
40951.0 4531.975141242938
41015.0 3501.395689304595
45933.0 3501.395689304595
46013.0 3825.7126148705097
50801.0 3825.7126148705097
50912.0 3315.1098591549294
55882.0 3315.1098591549294
55910.0 3914.89819303658
60448.0 3914.89819303658
60510.0 3347.6585176561894
65664.0 3347.6585176561894
65903.0 3560.5900065459305
70486.0 3560.5900065459305
70611.0 3719.6650288399915
75292.0 3719.6650288399915
75413.0 3673.428689541133
80251.0 3673.428689541133
80312.0 3479.276595744681
85012.0 3479.276595744681
85117.0 3273.025257249766
90462.0 3273.025257249766
90517.0 3255.831087151842
92743.0 3255.831087151842
92815.0 3256.2540642722115
95460.0 3256.2540642722115
95516.0 3354.853982300885
97324.0 3354.853982300885
97408.0 3532.630049931911
99611.0 3532.630049931911
99714.0 3535.5471014492755
101922.0 3535.5471014492755
102012.0 3502.4721804511278
104007.0 3502.4721804511278
104111.0 3308.329289428076
106419.0 3308.329289428076
106514.0 3310.1898083216456
108653.0 3310.1898083216456
108904.0 3368.292801952013
111363.0 3368.292801952013
111411.0 3528.7262996941895
116643.0 3528.7262996941895
116716.0 3568.043270230913
121523.0 3568.043270230913
121613.0 3757.8292145828236
125700.0 3757.8292145828236
125809.0 3767.485964912281
130369.0 3767.485964912281
130413.0 3779.2694266105823
134930.0 3779.2694266105823
135008.0 4106.424300406601
139189.0 4106.424300406601
139307.0 4702.516866462225
142894.0 4702.516866462225
143008.0 4388.8920140632845
146990.0 4388.8920140632845
147303.0 4219.593338304748
151326.0 4219.593338304748
151414.0 3637.872131147541
156294.0 3637.872131147541
156414.0 3783.5744491431115
160907.0 3783.5744491431115
161010.0 4195.155929038282
165294.0 4195.155929038282
165409.0 3485.6965118862477
169910.0 3485.6965118862477
170015.0 3194.385028719659
175412.0 3194.385028719659
175517.0 2809.028655400441
179600.0 2809.028655400441
