8.0 5250.570397111914
285.0 5250.570397111914
307.0 5296.340425531915
542.0 5296.340425531915
609.0 5252.845070422535
822.0 5252.845070422535
913.0 5202.108843537415
1501.0 5202.108843537415
1609.0 5171.279207920792
2619.0 5171.279207920792
2714.0 5172.287328490718
3953.0 5172.287328490718
4010.0 4925.87899543379
7514.0 4925.87899543379
7609.0 5000.375545851528
11273.0 5000.375545851528
11309.0 4927.7051243632
14646.0 4927.7051243632
14714.0 4774.032462173315
18349.0 4774.032462173315
18409.0 4838.112409571508
22003.0 4838.112409571508
22109.0 4892.267597440372
25547.0 4892.267597440372
25609.0 4920.853006681515
29201.0 4920.853006681515
29312.0 4848.963239211508
33066.0 4848.963239211508
33302.0 4757.767497034401
36674.0 4757.767497034401
36713.0 4853.400225479143
40261.0 4853.400225479143
40312.0 4815.32912723449
44116.0 4815.32912723449
44209.0 4789.562790697674
47649.0 4789.562790697674
47708.0 4747.67717797969
51450.0 4747.67717797969
51509.0 4839.784572230014
55074.0 4839.784572230014
55110.0 4885.6838323353295
58450.0 4885.6838323353295
58509.0 4858.189732142857
62093.0 4858.189732142857
62210.0 4776.14834721849
65931.0 4776.14834721849
66202.0 4737.137891077637
69654.0 4737.137891077637
69709.0 4864.938820912124
73305.0 4864.938820912124
73412.0 4824.362073904325
76903.0 4824.362073904325
77010.0 4630.2739792220345
81149.0 4630.2739792220345
81211.0 4696.750223280738
84570.0 4696.750223280738
84612.0 4786.130044843049
88180.0 4786.130044843049
88208.0 4813.211009174312
91805.0 4813.211009174312
91912.0 4593.897826086956
95592.0 4593.897826086956
95709.0 4710.201754385965
99357.0 4710.201754385965
99606.0 4635.967204443269
103387.0 4635.967204443269
103511.0 4498.17752643226
107578.0 4498.17752643226
107609.0 4721.814833759591
111519.0 4721.814833759591
111612.0 4572.536390295921
115363.0 4572.536390295921
115416.0 4812.98903165152
118607.0 4812.98903165152
118713.0 4407.320677270395
122611.0 4407.320677270395
122711.0 4730.108063175395
126320.0 4730.108063175395
126411.0 4690.972677595629
130071.0 4690.972677595629
130111.0 4715.663405088063
133688.0 4715.663405088063
134002.0 4593.053350854139
137807.0 4593.053350854139
137909.0 4636.827096421743
141570.0 4636.827096421743
141612.0 4879.828477185267
145250.0 4879.828477185267
145310.0 4709.030470914127
148920.0 4709.030470914127
149015.0 4800.226495726496
152759.0 4800.226495726496
152812.0 4626.694190504276
156203.0 4626.694190504276
156309.0 4806.271536102593
159896.0 4806.271536102593
160012.0 4667.995115995116
162469.0 4667.995115995116
