69.0 561.3307603241991
2660.0 561.3307603241991
2789.0 560.9013068949978
5008.0 560.9013068949978
5181.0 559.1484257871065
7182.0 559.1484257871065
7290.0 565.7215650591447
9488.0 565.7215650591447
9683.0 623.824427480916
11779.0 623.824427480916
11870.0 666.4327176781003
13386.0 666.4327176781003
13471.0 931.8844984802431
14787.0 931.8844984802431
14852.0 927.1946666666666
16352.0 927.1946666666666
16459.0 934.6356589147287
17749.0 934.6356589147287
17866.0 1213.0585697693712
23893.0 1213.0585697693712
24016.0 1659.7245033112583
28546.0 1659.7245033112583
28636.0 1479.424309614997
33597.0 1479.424309614997
33730.0 1395.2492171670658
39159.0 1395.2492171670658
39240.0 1248.551724137931
45881.0 1248.551724137931
45938.0 1276.56787725772
51087.0 1276.56787725772
51237.0 1289.793922458959
56963.0 1289.793922458959
57032.0 1253.0123136746597
63204.0 1253.0123136746597
63344.0 1203.7242757242757
64345.0 1203.7242757242757
64436.0 1201.700272479564
65537.0 1201.700272479564
65637.0 1344.9260143198092
66475.0 1344.9260143198092
66547.0 1348.3541212385521
68840.0 1348.3541212385521
68932.0 1365.9914602903502
71274.0 1365.9914602903502
71339.0 1272.1899485555996
73866.0 1272.1899485555996
73939.0 1281.311835837303
79397.0 1281.311835837303
79536.0 1199.5004174319586
85525.0 1199.5004174319586
85643.0 1197.7326061807967
91694.0 1197.7326061807967
91841.0 1121.4572916666666
99521.0 1121.4572916666666
99629.0 1349.1049822064058
104125.0 1349.1049822064058
104239.0 1267.4892508143323
110379.0 1267.4892508143323
110431.0 1238.3388324873097
116735.0 1238.3388324873097
116835.0 1287.3962264150944
119061.0 1287.3962264150944
119135.0 1296.1975308641975
120107.0 1296.1975308641975
120238.0 1243.6620428751576
122617.0 1243.6620428751576
122738.0 1197.3919413919414
123830.0 1197.3919413919414
123941.0 1190.613729128015
126636.0 1190.613729128015
126738.0 1297.197158081705
128990.0 1297.197158081705
129137.0 1254.9378093393586
133784.0 1254.9378093393586
133841.0 1240.491657029572
139894.0 1240.491657029572
140037.0 1235.8585515130908
145919.0 1235.8585515130908
146034.0 1251.1959663865546
151984.0 1251.1959663865546
152038.0 1216.5810451727193
157683.0 1216.5810451727193
157741.0 1191.8662790697674
164621.0 1191.8662790697674
164742.0 1197.6082474226805
165712.0 1197.6082474226805
165835.0 1182.2435677530018
167001.0 1182.2435677530018
167145.0 1335.5213389121338
169535.0 1335.5213389121338
169630.0 1339.469387755102
171982.0 1339.469387755102
172040.0 1227.2585727525486
174198.0 1227.2585727525486
174336.0 1165.5982096746427
180145.0 1165.5982096746427
180238.0 1285.4306412664341
183965.0 1285.4306412664341
