9.0 4545.025
329.0 4545.025
410.0 4575.882352941177
682.0 4575.882352941177
710.0 4566.759183673469
955.0 4566.759183673469
1011.0 4485.102639296188
1693.0 4485.102639296188
1810.0 4467.222408963586
3595.0 4467.222408963586
3711.0 4465.828571428571
5146.0 4465.828571428571
5211.0 4525.5060304142635
9025.0 4525.5060304142635
9105.0 5330.630200756474
12542.0 5330.630200756474
12607.0 5864.39087018545
15411.0 5864.39087018545
15504.0 1459.2674066599395
27396.0 1459.2674066599395
27523.0 3448.8770642201835
29703.0 3448.8770642201835
29805.0 3207.7902097902097
32093.0 3207.7902097902097
32408.0 2442.698484359884
35509.0 2442.698484359884
35610.0 1982.2213722208942
39793.0 1982.2213722208942
39940.0 3753.8823529411766
41691.0 3753.8823529411766
41805.0 5702.980694980695
43100.0 5702.980694980695
43206.0 2495.9138847254394
50545.0 2495.9138847254394
50605.0 8192.986573843858
52616.0 8192.986573843858
52702.0 8175.705476300046
54875.0 8175.705476300046
54907.0 8181.048838311996
57016.0 8181.048838311996
57104.0 7971.755740107475
59151.0 7971.755740107475
59204.0 4727.600325821341
62887.0 4727.600325821341
63009.0 5338.55452087714
66338.0 5338.55452087714
66410.0 4529.806094182825
70020.0 4529.806094182825
70301.0 6723.4127594158335
72903.0 6723.4127594158335
73006.0 4377.917338185599
76853.0 4377.917338185599
76919.0 3446.269376011509
82480.0 3446.269376011509
82507.0 6077.189522342064
85103.0 6077.189522342064
85207.0 5818.368654173765
88142.0 5818.368654173765
88208.0 5916.992481203008
91134.0 5916.992481203008
91204.0 4969.295708406819
94606.0 4969.295708406819
94732.0 2411.2848722986246
101858.0 2411.2848722986246
101906.0 8022.238901601831
104091.0 8022.238901601831
104399.0 8013.179150240911
106682.0 8013.179150240911
106805.0 8009.672885032538
109110.0 8009.672885032538
109205.0 8011.015413358244
111346.0 8011.015413358244
111405.0 7994.923477355544
113326.0 7994.923477355544
113405.0 1939.0221218961626
122265.0 1939.0221218961626
122310.0 3252.8506097560976
127558.0 3252.8506097560976
127627.0 2868.6649958228904
133612.0 2868.6649958228904
133704.0 3274.6899631139586
138855.0 3274.6899631139586
138926.0 3504.425105273712
143913.0 3504.425105273712
144200.0 2069.416554918932
152403.0 2069.416554918932
152530.0 8486.049713193117
154622.0 8486.049713193117
154706.0 3059.1326255173653
160263.0 3059.1326255173653
160306.0 8386.396640223986
162449.0 8386.396640223986
162506.0 3789.6425120772947
166646.0 3789.6425120772947
166729.0 2335.739872645983
174110.0 2335.739872645983
174208.0 3000.0690557154066
178031.0 3000.0690557154066
