43.0 966.3840531561461
1548.0 966.3840531561461
1648.0 973.1352619233776
2927.0 973.1352619233776
3058.0 972.0729800173762
4209.0 972.0729800173762
4348.0 937.7496229260935
5674.0 937.7496229260935
5756.0 879.3113651647612
7243.0 879.3113651647612
7361.0 826.0932134096485
8584.0 826.0932134096485
8658.0 819.2117568470273
10155.0 819.2117568470273
10259.0 850.6373088685016
11894.0 850.6373088685016
12077.0 885.6002076843198
19781.0 885.6002076843198
19869.0 493.82668017561633
34674.0 493.82668017561633
34799.0 411.7271407837446
37555.0 411.7271407837446
37900.0 318.1823739174732
41826.0 318.1823739174732
42055.0 318.1514101929738
46097.0 318.1514101929738
46365.0 462.0648891744298
49478.0 462.0648891744298
49572.0 638.0455580865604
51328.0 638.0455580865604
51479.0 627.2698412698413
53243.0 627.2698412698413
53403.0 597.525978058373
58234.0 597.525978058373
58431.0 368.9308022045315
61697.0 368.9308022045315
61928.0 367.0102635228849
65533.0 367.0102635228849
65732.0 437.348855258052
68309.0 437.348855258052
68661.0 512.5428687525396
71122.0 512.5428687525396
71287.0 538.8373879641485
73630.0 538.8373879641485
73786.0 612.5249883232135
75927.0 612.5249883232135
76099.0 622.1649717514124
77869.0 622.1649717514124
77987.0 640.8471615720524
79819.0 640.8471615720524
79977.0 839.0229219726789
88615.0 839.0229219726789
88743.0 815.1421540791217
99309.0 815.1421540791217
99453.0 815.0687442713107
100544.0 815.0687442713107
100663.0 806.854891661195
102186.0 806.854891661195
102440.0 814.3661202185792
103904.0 814.3661202185792
104067.0 810.4041184041184
105621.0 810.4041184041184
105755.0 801.2449337002752
109752.0 801.2449337002752
109856.0 612.7646906101255
121411.0 612.7646906101255
121593.0 598.6959706959707
123777.0 598.6959706959707
123879.0 669.7591036414566
126021.0 669.7591036414566
126171.0 764.2246117084827
127845.0 764.2246117084827
127973.0 765.7309090909091
129348.0 765.7309090909091
129460.0 666.3257313982954
133801.0 666.3257313982954
133973.0 695.2942798070296
138326.0 695.2942798070296
138631.0 734.878909005408
142884.0 734.878909005408
142982.0 830.7807290712585
148441.0 830.7807290712585
148550.0 693.7428087986464
160370.0 693.7428087986464
160458.0 818.6610288935871
161877.0 818.6610288935871
161965.0 918.3850766155896
163466.0 918.3850766155896
163530.0 1348.335015136226
164521.0 1348.335015136226
164638.0 1339.469387755102
166990.0 1339.469387755102
167131.0 1376.5197505197505
169055.0 1376.5197505197505
169142.0 918.843805129597
176511.0 918.843805129597
176665.0 624.8597887048389
184332.0 624.8597887048389
