10.0 4096.923943661972
365.0 4096.923943661972
562.0 4080.7868852459014
867.0 4080.7868852459014
912.0 4026.47247706422
2656.0 4026.47247706422
2710.0 4024.909973045822
4565.0 4024.909973045822
4608.0 4031.340748230536
6586.0 4031.340748230536
6707.0 4022.89014438167
8300.0 4022.89014438167
8410.0 3965.0355774493705
10237.0 3965.0355774493705
10310.0 3860.3826380109567
15056.0 3860.3826380109567
15110.0 3814.370679656692
19421.0 3814.370679656692
19510.0 3848.66001330672
24019.0 3848.66001330672
24109.0 3911.850618672666
28554.0 3911.850618672666
28610.0 3817.4344076259645
33016.0 3817.4344076259645
33112.0 3851.7550664632818
37701.0 3851.7550664632818
37810.0 3877.930975713677
42504.0 3877.930975713677
42610.0 3870.4926417370325
46755.0 3870.4926417370325
47001.0 3842.861861191698
51482.0 3842.861861191698
51612.0 3742.0862104187945
56507.0 3742.0862104187945
56610.0 3759.9488817891374
60992.0 3759.9488817891374
61111.0 3781.568326947637
65809.0 3781.568326947637
65910.0 3831.6304685765044
70413.0 3831.6304685765044
70511.0 3848.6283018867925
74751.0 3848.6283018867925
74809.0 3858.9875886524824
79321.0 3858.9875886524824
79410.0 3841.373015873016
81426.0 3841.373015873016
81511.0 3906.927374301676
83301.0 3906.927374301676
83410.0 3908.4918389553864
85248.0 3908.4918389553864
85309.0 3830.5919661733615
87201.0 3830.5919661733615
87310.0 3814.3454384410984
89568.0 3814.3454384410984
89610.0 3893.1810012836972
91168.0 3893.1810012836972
91213.0 3860.0614828209764
95637.0 3860.0614828209764
95710.0 3842.237017310253
100216.0 3842.237017310253
100310.0 3856.191605839416
104694.0 3856.191605839416
104811.0 3819.2522782840633
109310.0 3819.2522782840633
109409.0 3857.524647887324
113953.0 3857.524647887324
114012.0 3744.185018419975
118898.0 3744.185018419975
119012.0 3626.4576703987427
124103.0 3626.4576703987427
124215.0 3582.950490912889
129002.0 3582.950490912889
129302.0 3794.0335968379445
133350.0 3794.0335968379445
133409.0 3900.0535754824064
137814.0 3900.0535754824064
137912.0 3782.6191003766894
142425.0 3782.6191003766894
142512.0 3842.6499552372425
146980.0 3842.6499552372425
147112.0 3870.5663148233134
151470.0 3870.5663148233134
151612.0 3856.259488084731
156144.0 3856.259488084731
156213.0 3837.1211573236887
160637.0 3837.1211573236887
160710.0 3759.5967810249895
165432.0 3759.5967810249895
165515.0 3853.037171350861
169927.0 3853.037171350861
170202.0 3840.1811965811967
174882.0 3840.1811965811967
175013.0 3646.0887752730655
179316.0 3646.0887752730655
179413.0 3230.902548725637
184749.0 3230.902548725637
184820.0 2833.116499112951
186511.0 2833.116499112951
