92.0 476.3865050769735
3145.0 476.3865050769735
3300.0 480.3705133153223
5891.0 480.3705133153223
6120.0 478.5526090675791
8458.0 478.5526090675791
8610.0 480.0988416988417
11200.0 480.0988416988417
11406.0 476.6810061975939
14149.0 476.6810061975939
14305.0 480.18631178707227
16409.0 480.18631178707227
16613.0 478.29953198127924
19177.0 478.29953198127924
19307.0 475.1595490263068
22234.0 475.1595490263068
22412.0 479.7771587743733
24925.0 479.7771587743733
25103.0 779.2997198879552
26531.0 779.2997198879552
26668.0 801.922261484099
28083.0 801.922261484099
28175.0 884.5720524017468
31839.0 884.5720524017468
31967.0 845.1197143813455
40930.0 845.1197143813455
41055.0 952.7326209353097
49758.0 952.7326209353097
49855.0 996.8042704626334
50979.0 996.8042704626334
51052.0 1037.0234301780692
52119.0 1037.0234301780692
52252.0 1048.4675799086758
53347.0 1048.4675799086758
53440.0 1024.6236263736264
56352.0 1024.6236263736264
56456.0 921.5472877023573
59977.0 921.5472877023573
60233.0 1005.989243456436
63022.0 1005.989243456436
63321.0 1206.092661481231
69235.0 1206.092661481231
69341.0 1233.3518398967076
75537.0 1233.3518398967076
75641.0 1365.5806736025393
81312.0 1365.5806736025393
81441.0 1199.5540308747857
87271.0 1199.5540308747857
87334.0 1304.2498184458968
92842.0 1304.2498184458968
92938.0 1344.070796460177
95198.0 1344.070796460177
95332.0 1481.8818737270876
96314.0 1481.8818737270876
96429.0 1467.455746367239
97943.0 1467.455746367239
98215.0 1459.9671832269826
100409.0 1459.9671832269826
100716.0 1443.5073964497042
106124.0 1443.5073964497042
106230.0 1437.1517893870835
111092.0 1437.1517893870835
111232.0 1555.433693216541
116141.0 1555.433693216541
116229.0 1460.7996698989066
121076.0 1460.7996698989066
121133.0 1541.2415333085225
126507.0 1541.2415333085225
126624.0 1447.6980599647266
132294.0 1447.6980599647266
132430.0 1470.3146417445482
137566.0 1470.3146417445482
137625.0 1532.6402102496716
141430.0 1532.6402102496716
141712.0 1439.0646766169154
143722.0 1439.0646766169154
143830.0 1457.111111111111
144622.0 1457.111111111111
144730.0 1441.6236162361624
146898.0 1441.6236162361624
147039.0 1389.4705882352941
150303.0 1389.4705882352941
150440.0 1299.9429296131896
156748.0 1299.9429296131896
156837.0 1444.8828204605666
161744.0 1444.8828204605666
161832.0 1588.5374108053006
166737.0 1588.5374108053006
166826.0 1355.2291114644056
172487.0 1355.2291114644056
172538.0 1331.8379386336667
178437.0 1331.8379386336667
178534.0 1325.1924227318045
183549.0 1325.1924227318045
183636.0 1332.8661417322835
188716.0 1332.8661417322835
188831.0 1349.7903757415952
190348.0 1349.7903757415952
