17.0 2132.5630498533724
699.0 2132.5630498533724
818.0 2157.0883882149046
1395.0 2157.0883882149046
1521.0 2151.646153846154
2041.0 2151.646153846154
2121.0 2151.3079584775087
2699.0 2151.3079584775087
2829.0 2117.3556270096465
4384.0 2117.3556270096465
4423.0 2105.277266754271
7467.0 2105.277266754271
7517.0 2649.6415508412583
10251.0 2649.6415508412583
10309.0 7370.891398783667
11460.0 7370.891398783667
11505.0 5518.0375838926175
14485.0 5518.0375838926175
14618.0 1794.953247827886
24286.0 1794.953247827886
24420.0 2229.0400237177587
27793.0 2229.0400237177587
27922.0 2938.1200960768615
30420.0 2938.1200960768615
30550.0 1587.3445096395642
35322.0 1587.3445096395642
35599.0 4125.190049751243
37609.0 4125.190049751243
37709.0 3145.107233875711
42810.0 3145.107233875711
42949.0 1302.463051206414
56170.0 1302.463051206414
56212.0 3324.8460877042135
58538.0 3324.8460877042135
58623.0 2211.0
60727.0 2211.0
60824.0 1875.5433183004984
65037.0 1875.5433183004984
65128.0 1660.1798816568048
66818.0 1660.1798816568048
66926.0 1554.4374057315233
68915.0 1554.4374057315233
69039.0 1046.158273381295
72097.0 1046.158273381295
72250.0 1023.1775938892425
75392.0 1023.1775938892425
75545.0 2870.8538587848934
77981.0 2870.8538587848934
78017.0 1889.978426729808
81818.0 1889.978426729808
81927.0 1836.199645300228
85874.0 1836.199645300228
85915.0 3018.8545390816685
88768.0 3018.8545390816685
88826.0 2153.96875
91642.0 2153.96875
91711.0 4005.344312918168
93654.0 4005.344312918168
93712.0 4001.2752434648896
95663.0 4001.2752434648896
95710.0 3998.473036896878
99938.0 3998.473036896878
100012.0 3280.4154257350133
105250.0 3280.4154257350133
105317.0 2977.0027173913045
111205.0 2977.0027173913045
111314.0 2979.4931596091205
117454.0 2979.4931596091205
117516.0 6982.714069591528
120160.0 6982.714069591528
120204.0 7072.818144329897
122629.0 7072.818144329897
122707.0 7510.145721271394
124752.0 7510.145721271394
124806.0 8409.072931962799
126849.0 8409.072931962799
127097.0 8396.930644367929
129130.0 8396.930644367929
129211.0 6853.87624750499
131716.0 6853.87624750499
131809.0 6024.26
134609.0 6024.26
134705.0 6028.481545360469
137604.0 6028.481545360469
137708.0 6850.453591606134
140186.0 6850.453591606134
140306.0 7287.691297208538
142742.0 7287.691297208538
142809.0 7616.308243727599
145041.0 7616.308243727599
145106.0 8892.651162790698
147127.0 8892.651162790698
147205.0 8883.986409966024
148971.0 8883.986409966024
149197.0 9180.029818956336
151075.0 9180.029818956336
151107.0 9447.499176276771
152321.0 9447.499176276771
