88.0 549.4552323384964
2735.0 549.4552323384964
2890.0 553.9118825100134
5137.0 553.9118825100134
5292.0 553.3412462908012
7314.0 553.3412462908012
7492.0 622.6619929894842
9489.0 622.6619929894842
9619.0 1567.78896882494
10453.0 1567.78896882494
10525.0 1361.6064690026953
11267.0 1361.6064690026953
11340.0 1352.4141898370087
13426.0 1352.4141898370087
13522.0 2243.8233271621266
17303.0 2243.8233271621266
17436.0 1247.287751371115
22906.0 1247.287751371115
23028.0 2012.4150839526562
26661.0 2012.4150839526562
26713.0 1922.4116594221427
30624.0 1922.4116594221427
30721.0 1586.9024864864864
35346.0 1586.9024864864864
35421.0 1507.124552327895
40447.0 1507.124552327895
40531.0 1284.3296158612143
46987.0 1284.3296158612143
47130.0 1526.840418118467
51435.0 1526.840418118467
51708.0 1669.385171790235
56132.0 1669.385171790235
56224.0 1561.080339119903
61178.0 1561.080339119903
61221.0 1708.635640221847
65368.0 1708.635640221847
65419.0 1980.366917293233
69409.0 1980.366917293233
69516.0 2056.7881992763705
73109.0 2056.7881992763705
73217.0 2079.542857142857
76647.0 2079.542857142857
76717.0 2167.2853091321613
80243.0 2167.2853091321613
80313.0 2091.8984332793084
84015.0 2091.8984332793084
84117.0 2115.3660012099213
87423.0 2115.3660012099213
87705.0 2154.065367316342
91040.0 2154.065367316342
91115.0 2119.1461988304095
94535.0 2119.1461988304095
94622.0 2090.483495145631
98742.0 2090.483495145631
98825.0 2075.120082107424
101748.0 2075.120082107424
101818.0 1987.3299284984678
105734.0 1987.3299284984678
105814.0 2006.2934978154717
109705.0 2006.2934978154717
109823.0 1926.5045492142267
113450.0 1926.5045492142267
113525.0 1752.8980716253443
117881.0 1752.8980716253443
118016.0 2008.6513475177305
121541.0 2008.6513475177305
121802.0 1848.8017857142856
126282.0 1848.8017857142856
126430.0 1573.4038719570635
131647.0 1573.4038719570635
131716.0 1619.4587175638
136379.0 1619.4587175638
136426.0 1936.1540504648074
139438.0 1936.1540504648074
139514.0 1782.2682174222643
143727.0 1782.2682174222643
143851.0 951.6062311820918
151490.0 951.6062311820918
151653.0 970.0310366232154
154875.0 970.0310366232154
154929.0 1561.6675461741424
155687.0 1561.6675461741424
155828.0 1634.919191919192
156620.0 1634.919191919192
156720.0 1898.4336734693877
158288.0 1898.4336734693877
158426.0 1535.1348511383537
160710.0 1535.1348511383537
160843.0 1131.9317467444994
165297.0 1131.9317467444994
165434.0 2012.941839610556
169337.0 2012.941839610556
169409.0 3623.6859323882227
171243.0 3623.6859323882227
171310.0 3490.185567010309
173250.0 3490.185567010309
173310.0 3237.027027027027
174790.0 3237.027027027027
