13.0 3547.336585365854
423.0 3547.336585365854
515.0 3556.114285714286
865.0 3556.114285714286
917.0 3503.7403245942573
1718.0 3503.7403245942573
1813.0 3515.9080459770116
2683.0 3515.9080459770116
2711.0 4029.9730722154222
3528.0 4029.9730722154222
3614.0 2824.3561040105774
5883.0 2824.3561040105774
5916.0 2777.653374233129
8524.0 2777.653374233129
8614.0 2905.4438356164383
11534.0 2905.4438356164383
11614.0 2925.6706689536877
13946.0 2925.6706689536877
14018.0 2226.8199666367254
21811.0 2226.8199666367254
21920.0 2502.616004605642
28868.0 2502.616004605642
28913.0 2109.5718048413396
36886.0 2109.5718048413396
37021.0 2239.7421643997636
40403.0 2239.7421643997636
40716.0 1733.200668896321
45500.0 1733.200668896321
45629.0 1986.41523118767
48938.0 1986.41523118767
49016.0 2340.8431061806655
52171.0 2340.8431061806655
52217.0 2264.5950219619326
55632.0 2264.5950219619326
55713.0 3361.3434535104366
57821.0 3361.3434535104366
57910.0 2842.325179856115
60690.0 2842.325179856115
60815.0 2464.9899933288857
63813.0 2464.9899933288857
63918.0 2468.107958477509
66808.0 2468.107958477509
66919.0 2949.381705905056
69510.0 2949.381705905056
69809.0 2046.566596194503
73593.0 2046.566596194503
73721.0 1943.6909394107838
77319.0 1943.6909394107838
77424.0 1861.0901554404145
81284.0 1861.0901554404145
81325.0 1829.7096692754355
85286.0 1829.7096692754355
85319.0 2183.217237008872
89264.0 2183.217237008872
89320.0 1911.019533711405
92494.0 1911.019533711405
92623.0 2044.2301024428684
96430.0 2044.2301024428684
96511.0 2133.5031429352284
100170.0 2133.5031429352284
100229.0 1758.2868646200302
104203.0 1758.2868646200302
104513.0 1782.358543417367
108797.0 1782.358543417367
108918.0 2130.7541378272645
112241.0 2130.7541378272645
112318.0 1841.8127640649323
116815.0 1841.8127640649323
116926.0 2445.902264600715
120282.0 2445.902264600715
120316.0 2869.12462006079
122948.0 2869.12462006079
123012.0 2815.884113954611
125083.0 2815.884113954611
125116.0 2879.101226993865
127724.0 2879.101226993865
127813.0 3025.1019558884727
130216.0 3025.1019558884727
130313.0 2358.877059569075
133469.0 2358.877059569075
133716.0 1842.66165817011
137443.0 1842.66165817011
137526.0 1949.1419063465653
141733.0 1949.1419063465653
141821.0 2284.898485336771
144924.0 2284.898485336771
145020.0 2342.68671076368
148346.0 2342.68671076368
148417.0 2232.81490104773
151853.0 2232.81490104773
151919.0 1981.965691220989
155883.0 1981.965691220989
155928.0 2388.8713156002877
158710.0 2388.8713156002877
158822.0 3219.667142177841
160925.0 3219.667142177841
161009.0 8251.269064748201
162399.0 8251.269064748201
