14.0 3253.709172259508
461.0 3253.709172259508
516.0 3249.7127937336813
899.0 3249.7127937336813
1015.0 3281.1026392961876
1356.0 3281.1026392961876
1421.0 3213.0672268907565
2373.0 3213.0672268907565
2417.0 3244.5062034739453
2820.0 3244.5062034739453
2913.0 3082.4742664742666
4992.0 3082.4742664742666
5113.0 2956.783673469388
7563.0 2956.783673469388
7616.0 4375.397627643115
9555.0 4375.397627643115
9610.0 4323.889560872995
13413.0 4323.889560872995
13508.0 4394.430995188655
17457.0 4394.430995188655
17508.0 4119.444681355129
21729.0 4119.444681355129
21809.0 4014.2281622911696
25999.0 4014.2281622911696
26107.0 5124.877935633517
29556.0 5124.877935633517
29607.0 4291.138142385667
33849.0 4291.138142385667
33910.0 4383.385792349727
37570.0 4383.385792349727
37610.0 4301.739695228579
41613.0 4301.739695228579
41904.0 3684.8746731040033
46875.0 3684.8746731040033
46912.0 3242.0495867768595
51994.0 3242.0495867768595
52109.0 4941.810292072322
55704.0 4941.810292072322
55808.0 4764.935653134493
59429.0 4764.935653134493
59509.0 4102.1075917546505
63487.0 4102.1075917546505
63613.0 3714.1109215017063
68301.0 3714.1109215017063
68410.0 3966.975
72890.0 3966.975
73011.0 3423.194473518945
77788.0 3423.194473518945
77913.0 5060.549609487995
81370.0 5060.549609487995
81601.0 5142.549007633588
84876.0 5142.549007633588
84908.0 4870.318678526049
88843.0 4870.318678526049
88909.0 4666.188701567584
92290.0 4666.188701567584
92409.0 5206.375609756097
95689.0 5206.375609756097
95808.0 5154.2482881810065
99167.0 5154.2482881810065
99206.0 5028.4187983343245
102568.0 5028.4187983343245
102608.0 5657.825485676654
105645.0 5657.825485676654
105706.0 5788.834874504623
108734.0 5788.834874504623
108808.0 5147.464265616207
112362.0 5147.464265616207
112600.0 5322.080138368406
116069.0 5322.080138368406
116105.0 5918.420979986197
119003.0 5918.420979986197
119107.0 5638.1233480176215
121831.0 5638.1233480176215
121908.0 5061.796110783736
125302.0 5061.796110783736
125410.0 4501.835443037975
129202.0 4501.835443037975
129309.0 4797.138865604918
132888.0 4797.138865604918
133010.0 4946.606451612904
136420.0 4946.606451612904
136510.0 4885.817165222254
140087.0 4885.817165222254
140211.0 4323.847172694855
144137.0 4323.847172694855
144403.0 3349.5879245283018
149703.0 3349.5879245283018
149812.0 3927.818853974122
154140.0 3927.818853974122
154211.0 5197.2377096587625
157669.0 5197.2377096587625
157710.0 4935.237496067946
160889.0 4935.237496067946
161009.0 5097.603784742756
164391.0 5097.603784742756
164507.0 4982.304083405734
166809.0 4982.304083405734
