11.0 3454.6508313539193
432.0 3454.6508313539193
517.0 3476.6480446927376
875.0 3476.6480446927376
917.0 3418.3873325213153
1738.0 3418.3873325213153
1812.0 3417.6983240223462
2707.0 3417.6983240223462
2812.0 3526.6657663740716
4293.0 3526.6657663740716
4413.0 3169.368941641939
6435.0 3169.368941641939
6516.0 2874.6507936507937
9036.0 2874.6507936507937
9112.0 2710.5099041533545
12242.0 2710.5099041533545
12310.0 3209.1552210724367
14436.0 3209.1552210724367
14515.0 3709.6212056434374
19193.0 3709.6212056434374
19317.0 2787.460083360051
25555.0 2787.460083360051
25617.0 2891.458827574351
31434.0 2891.458827574351
31513.0 2970.207360107545
37464.0 2970.207360107545
37520.0 3344.296895094617
42963.0 3344.296895094617
43011.0 3670.371082132235
47382.0 3670.371082132235
47412.0 3704.790017211704
52060.0 3704.790017211704
52113.0 3924.9007928005144
56780.0 3924.9007928005144
57002.0 3867.6281690140845
61262.0 3867.6281690140845
61312.0 3688.1478098401494
66129.0 3688.1478098401494
66211.0 3701.744689980691
70872.0 3701.744689980691
70913.0 3740.1292688517074
75276.0 3740.1292688517074
75313.0 3760.751968503937
77345.0 3760.751968503937
77413.0 3764.8070004861447
79470.0 3764.8070004861447
79511.0 3809.041394335512
81347.0 3809.041394335512
81411.0 3813.0615711252653
83295.0 3813.0615711252653
83412.0 3812.456601788532
85313.0 3812.456601788532
85409.0 3651.03518440017
87768.0 3651.03518440017
87812.0 3640.8019207683074
89478.0 3640.8019207683074
89513.0 3701.107932379714
94127.0 3701.107932379714
94213.0 3785.115872321819
98787.0 3785.115872321819
98912.0 3781.154998881682
103383.0 3781.154998881682
103512.0 3822.6509454949946
108007.0 3822.6509454949946
108113.0 3839.7791894852135
112678.0 3839.7791894852135
112714.0 3552.2500970873784
117864.0 3552.2500970873784
117913.0 3572.4256965944273
123081.0 3572.4256965944273
123113.0 3582.2021720969087
127901.0 3582.2021720969087
128206.0 3236.0404551201013
132952.0 3236.0404551201013
133014.0 2430.9800481109382
140081.0 2430.9800481109382
140120.0 2217.608297742526
143398.0 2217.608297742526
143520.0 2611.2297439494914
146371.0 2611.2297439494914
146411.0 2615.2322924600153
149037.0 2615.2322924600153
149124.0 2041.8426294820717
153140.0 2041.8426294820717
153220.0 1894.2131979695432
156963.0 1894.2131979695432
157025.0 2270.992713494608
160456.0 2270.992713494608
160513.0 2846.735435992579
163208.0 2846.735435992579
163313.0 2412.1928154743628
166570.0 2412.1928154743628
166804.0 1650.3203377203874
170831.0 1650.3203377203874
170938.0 2141.3535736875397
174100.0 2141.3535736875397
174213.0 3888.6363636363635
175445.0 3888.6363636363635
