10.0 3767.896373056995
396.0 3767.896373056995
512.0 3783.100303951368
841.0 3783.100303951368
912.0 3732.0425531914893
1664.0 3732.0425531914893
1708.0 3730.2926829268295
2528.0 3730.2926829268295
2608.0 3732.9795918367345
3490.0 3732.9795918367345
3611.0 3715.0515942028987
5336.0 3715.0515942028987
5430.0 3706.30878247799
10087.0 3706.30878247799
10235.0 3706.529637871738
15178.0 3706.529637871738
15330.0 1327.1793381759483
27720.0 1327.1793381759483
28108.0 390.8009407740004
46816.0 390.8009407740004
46914.0 3708.235294117647
47220.0 3708.235294117647
47501.0 3684.9085545722714
47840.0 3684.9085545722714
47910.0 857.0726408689749
56748.0 857.0726408689749
57080.0 404.2894369474174
65676.0 404.2894369474174
65714.0 1630.273276904474
67368.0 1630.273276904474
67460.0 315.9059736898857
76734.0 315.9059736898857
76808.0 7266.278481012659
76966.0 7266.278481012659
77006.0 6615.751662971175
77457.0 6615.751662971175
77505.0 6967.957671957672
78639.0 6967.957671957672
78720.0 2685.4213229571983
85145.0 2685.4213229571983
85231.0 1456.2743977133523
90129.0 1456.2743977133523
90226.0 768.8749371164101
100165.0 768.8749371164101
100217.0 2953.6396396396394
100661.0 2953.6396396396394
100720.0 2976.302702702703
101090.0 2976.302702702703
101218.0 550.2303921568628
114274.0 550.2303921568628
114353.0 910.8757396449704
115705.0 910.8757396449704
116238.0 111.4674837227116
129293.0 111.4674837227116
129816.0 149.85507246376812
135750.0 149.85507246376812
135815.0 2805.5707762557076
136253.0 2805.5707762557076
136313.0 2805.2517647058826
136738.0 2805.2517647058826
136820.0 2771.512572533849
137854.0 2771.512572533849
137918.0 2799.4545454545455
139062.0 2799.4545454545455
139122.0 1907.2998776009792
141573.0 1907.2998776009792
141995.0 341.83714850475036
157678.0 341.83714850475036
157715.0 3305.5852534562214
158149.0 3305.5852534562214
158214.0 3348.9842931937173
158596.0 3348.9842931937173
158717.0 453.89912826899126
171565.0 453.89912826899126
171678.0 914.3668202764977
172763.0 914.3668202764977
172851.0 934.4388663967611
174086.0 934.4388663967611
174255.0 931.6211180124224
175543.0 931.6211180124224
175647.0 230.43488417364222
180784.0 230.43488417364222
180808.0 5038.3501945525295
181065.0 5038.3501945525295
181109.0 4954.605171208945
182540.0 4954.605171208945
182611.0 432.10825199645075
200643.0 432.10825199645075
200725.0 2386.0714285714284
201285.0 2386.0714285714284
201320.0 2393.4803738317755
201855.0 2393.4803738317755
201922.0 2354.5879781420763
203752.0 2354.5879781420763
204093.0 159.67773470419687
210026.0 159.67773470419687
210393.0 161.68496849684968
215948.0 161.68496849684968
