12.0 3094.4851063829788
482.0 3094.4851063829788
513.0 3096.1194029850744
915.0 3096.1194029850744
1018.0 3057.185185185185
1936.0 3057.185185185185
2014.0 3044.94616639478
4466.0 3044.94616639478
4515.0 3168.0540325784664
7032.0 3168.0540325784664
7115.0 3248.0810947795235
9088.0 3248.0810947795235
9214.0 3148.3061224489797
12742.0 3148.3061224489797
12814.0 3224.5898897757506
15445.0 3224.5898897757506
15513.0 3276.975984630163
17595.0 3276.975984630163
17711.0 3330.7990888382687
19906.0 3330.7990888382687
20011.0 3335.648624667258
22265.0 3335.648624667258
22501.0 3312.014440433213
24717.0 3312.014440433213
24808.0 3293.3947826086956
27108.0 3293.3947826086956
27219.0 3282.186801298233
32765.0 3282.186801298233
32815.0 3283.5022513303315
37701.0 3283.5022513303315
37814.0 3335.8899651297947
42976.0 3335.8899651297947
43013.0 3356.085012825211
48471.0 3356.085012825211
48514.0 3392.9357495881386
53370.0 3392.9357495881386
53411.0 3288.7463902258423
58813.0 3288.7463902258423
58917.0 3201.082003710575
64307.0 3201.082003710575
64416.0 3155.1013147718486
69588.0 3155.1013147718486
69920.0 2834.8668186258546
76062.0 2834.8668186258546
76116.0 3222.7249271743653
78519.0 3222.7249271743653
78613.0 3278.668541959681
80746.0 3278.668541959681
80809.0 3338.200743494424
82961.0 3338.200743494424
83013.0 3330.643382352941
85189.0 3330.643382352941
85315.0 3329.2586006957868
87902.0 3329.2586006957868
88009.0 3264.572658772874
89867.0 3264.572658772874
89914.0 3150.762753036437
92384.0 3150.762753036437
92413.0 3116.3624750499002
94918.0 3116.3624750499002
95204.0 3151.7510148849797
97421.0 3151.7510148849797
97515.0 3217.7558052434456
102855.0 3217.7558052434456
102916.0 3246.636784589739
108315.0 3246.636784589739
108416.0 3274.402720601396
114003.0 3274.402720601396
114115.0 3305.6931065353624
119700.0 3305.6931065353624
119818.0 3188.0267657992563
125198.0 3188.0267657992563
125323.0 2028.2947702060221
132895.0 2028.2947702060221
133020.0 2034.8769647696477
136710.0 2034.8769647696477
136819.0 2207.506832675372
140112.0 2207.506832675372
140407.0 2340.338258409305
143588.0 2340.338258409305
143723.0 2536.9782046545993
146430.0 2536.9782046545993
146519.0 2854.173337974243
149392.0 2854.173337974243
149516.0 2855.4329440193314
151999.0 2855.4329440193314
152135.0 2744.5494892567804
154974.0 2744.5494892567804
155013.0 3056.554581673307
157523.0 3056.554581673307
157616.0 2867.3401459854013
160356.0 2867.3401459854013
160417.0 2867.057808455565
162735.0 2867.057808455565
162813.0 2865.40837917901
165176.0 2865.40837917901
165211.0 2916.903357070193
169143.0 2916.903357070193
