16.0 2938.1979797979798
511.0 2938.1979797979798
620.0 2949.383886255924
1042.0 2949.383886255924
1116.0 2896.280701754386
2085.0 2896.280701754386
2117.0 2893.8883632923366
3174.0 2893.8883632923366
3218.0 2898.3169014084506
4354.0 2898.3169014084506
4414.0 2873.75067264574
6644.0 2873.75067264574
6717.0 2273.0216504549735
9904.0 2273.0216504549735
10007.0 4395.80103626943
11937.0 4395.80103626943
12007.0 4527.315195753152
13514.0 4527.315195753152
13611.0 4697.782349756361
17305.0 4697.782349756361
17412.0 4270.180746561886
21484.0 4270.180746561886
21609.0 4876.664540446506
25058.0 4876.664540446506
25107.0 4324.860288720332
29194.0 4324.860288720332
29309.0 4400.050277979212
33446.0 4400.050277979212
33510.0 4652.897911832946
36958.0 4652.897911832946
37008.0 4856.137619853356
40554.0 4856.137619853356
40608.0 4840.780126849894
44392.0 4840.780126849894
44700.0 4739.9585730724975
48176.0 4739.9585730724975
48206.0 4796.38444924406
51910.0 4796.38444924406
52008.0 4733.5615912208505
55653.0 4733.5615912208505
55708.0 4924.014484007242
59022.0 4924.014484007242
59108.0 3793.4100217864925
63698.0 3793.4100217864925
63815.0 3298.4498886414253
69203.0 3298.4498886414253
69312.0 3795.8681522748375
73620.0 3795.8681522748375
73709.0 3739.7007268063276
78387.0 3739.7007268063276
78513.0 3945.150620754275
82782.0 3945.150620754275
83004.0 4341.799728137744
87418.0 4341.799728137744
87510.0 4205.914156225007
91261.0 4205.914156225007
91311.0 4052.423350735643
95525.0 4052.423350735643
95611.0 2858.8375165125494
101667.0 2858.8375165125494
101712.0 3818.7359385588434
106139.0 3818.7359385588434
106210.0 4174.639455782313
110326.0 4174.639455782313
110409.0 5149.410105757932
113813.0 5149.410105757932
113910.0 4992.927947598253
117574.0 4992.927947598253
117607.0 4928.536038441004
121353.0 4928.536038441004
121601.0 5054.990863542587
124994.0 5054.990863542587
125107.0 5157.235728676965
128085.0 5157.235728676965
128207.0 5097.844510385757
131577.0 5097.844510385757
131607.0 5177.725204731574
134904.0 5177.725204731574
135007.0 5252.052615478739
138276.0 5252.052615478739
138308.0 5015.73832887303
141671.0 5015.73832887303
141707.0 4708.127155172414
145419.0 4708.127155172414
145510.0 5114.620066285026
148829.0 5114.620066285026
148908.0 5207.63156350836
152317.0 5207.63156350836
152602.0 5272.828784119107
155826.0 5272.828784119107
155909.0 5099.900113507378
159433.0 5099.900113507378
159508.0 5252.467358553733
162495.0 5252.467358553733
162607.0 4779.621846409759
166214.0 4779.621846409759
166309.0 5136.257948947604
168542.0 5136.257948947604
