48.0 793.4577195853792
1881.0 793.4577195853792
1957.0 801.4423696072118
3510.0 801.4423696072118
3663.0 797.4739843193157
5066.0 797.4739843193157
5159.0 801.1958762886597
6711.0 801.1958762886597
6878.0 464.3238636363636
9694.0 464.3238636363636
9907.0 471.4475034997667
12050.0 471.4475034997667
12196.0 502.40065546907005
14637.0 502.40065546907005
14807.0 499.56609195402297
17591.0 499.56609195402297
17810.0 523.5258358662614
20113.0 523.5258358662614
20295.0 531.9502868068834
22387.0 531.9502868068834
22614.0 646.6270022883295
26984.0 646.6270022883295
27067.0 759.5669088352472
31334.0 759.5669088352472
31461.0 654.9709684255139
36180.0 654.9709684255139
36310.0 662.8003197442047
48820.0 662.8003197442047
48949.0 917.6150696150696
50170.0 917.6150696150696
50246.0 971.4697102721685
51385.0 971.4697102721685
51446.0 976.2517006802722
52622.0 976.2517006802722
52747.0 1128.0544423440454
55392.0 1128.0544423440454
55553.0 1108.7666955767563
60165.0 1108.7666955767563
60249.0 935.5665274085327
68148.0 935.5665274085327
68247.0 1214.512514898689
74120.0 1214.512514898689
74414.0 1159.9647844565877
81002.0 1159.9647844565877
81149.0 1009.9981149858623
84332.0 1009.9981149858623
84433.0 1322.0072028811524
85266.0 1322.0072028811524
85330.0 1402.6666666666667
86167.0 1402.6666666666667
86227.0 1526.4321608040202
88217.0 1526.4321608040202
88342.0 1129.3925729442972
91358.0 1129.3925729442972
91450.0 1170.282847771561
96633.0 1170.282847771561
96734.0 1011.0931531765623
104431.0 1011.0931531765623
104599.0 811.8227953410982
114215.0 811.8227953410982
114339.0 1258.10989010989
115340.0 1258.10989010989
115621.0 1258.6453546453547
116622.0 1258.6453546453547
116738.0 1260.7316538882803
117651.0 1260.7316538882803
117738.0 1224.2996254681648
118806.0 1224.2996254681648
118943.0 1228.447166921899
121555.0 1228.447166921899
121641.0 1213.878154637518
127862.0 1213.878154637518
127954.0 1083.7569225051107
133335.0 1083.7569225051107
133440.0 1124.7297783103654
140116.0 1124.7297783103654
140238.0 1256.3636363636363
146024.0 1256.3636363636363
146139.0 1238.0868119075337
152152.0 1238.0868119075337
152232.0 1384.3176778875227
157193.0 1384.3176778875227
157339.0 1387.4785746504285
159556.0 1387.4785746504285
159819.0 1127.9818112921562
162458.0 1127.9818112921562
162557.0 1045.0813710879286
165912.0 1045.0813710879286
166038.0 1157.7424737033007
168795.0 1157.7424737033007
168955.0 1171.5998512458164
171644.0 1171.5998512458164
171732.0 1302.5683192261185
175040.0 1302.5683192261185
175142.0 1310.9312681510164
180307.0 1310.9312681510164
180438.0 954.1525592511451
185459.0 954.1525592511451
