11.0 4062.59217877095
369.0 4062.59217877095
414.0 4080.7868852459014
719.0 4080.7868852459014
814.0 4005.8003422703937
2567.0 4005.8003422703937
2610.0 4005.4763948497853
4474.0 4005.4763948497853
4511.0 4005.0185836263186
6502.0 4005.0185836263186
6611.0 4007.7948717948716
8210.0 4007.7948717948716
8310.0 4006.7035398230087
10118.0 4006.7035398230087
10211.0 4003.7262859839548
12330.0 4003.7262859839548
12414.0 5058.059673946478
15665.0 5058.059673946478
15707.0 4676.261924009701
19418.0 4676.261924009701
19508.0 4800.711209276643
23130.0 4800.711209276643
23209.0 4682.521158129176
26801.0 4682.521158129176
26909.0 4931.837053571428
30493.0 4931.837053571428
30609.0 5158.120714083309
34138.0 5158.120714083309
34208.0 5057.752837326608
37380.0 5057.752837326608
37408.0 4910.140861134873
40915.0 4910.140861134873
41200.0 5093.8576195773085
44796.0 5093.8576195773085
44908.0 4245.322339603195
48789.0 4245.322339603195
48915.0 3790.4433539577553
53602.0 3790.4433539577553
53709.0 5042.031560490941
57131.0 5042.031560490941
57207.0 4959.9343465045595
60497.0 4959.9343465045595
60608.0 4933.905355624823
64137.0 4933.905355624823
64210.0 4855.750819672131
67870.0 4855.750819672131
67909.0 4928.450874020495
71227.0 4928.450874020495
71308.0 4998.377142857143
74808.0 4998.377142857143
75101.0 4548.163110991089
78804.0 4548.163110991089
78909.0 4435.247396436011
83230.0 4435.247396436011
83312.0 4273.12676056338
87004.0 4273.12676056338
87109.0 4397.8655678599025
90992.0 4397.8655678599025
91110.0 4655.315945146544
94829.0 4655.315945146544
94909.0 4702.515716272601
98504.0 4702.515716272601
98610.0 4845.6897913141565
102156.0 4845.6897913141565
102207.0 4852.87707641196
105819.0 4852.87707641196
105910.0 5005.22243502052
109565.0 5005.22243502052
109800.0 5051.243775649795
113455.0 5051.243775649795
113509.0 4821.924093337082
117066.0 4821.924093337082
117109.0 4442.652010413653
120566.0 4442.652010413653
120610.0 4532.911873350923
124400.0 4532.911873350923
124508.0 4912.506474820144
127983.0 4912.506474820144
128010.0 4915.24763813341
131503.0 4915.24763813341
131609.0 4455.342842049657
135395.0 4455.342842049657
135510.0 4433.426686960934
139452.0 4433.426686960934
139510.0 4830.797951052931
143024.0 4830.797951052931
143300.0 4857.131600547195
146955.0 4857.131600547195
147010.0 4739.224979091163
150597.0 4739.224979091163
150711.0 4704.724607329843
154531.0 4704.724607329843
154609.0 4711.447447447447
157939.0 4711.447447447447
158010.0 4668.317357162199
161703.0 4668.317357162199
161809.0 4531.514816278151
164340.0 4531.514816278151
