14.0 3290.5158371040725
456.0 3290.5158371040725
514.0 3310.2127659574467
890.0 3310.2127659574467
1012.0 3259.5772357723577
1873.0 3259.5772357723577
1912.0 3257.3816743572843
3429.0 3257.3816743572843
3513.0 1660.357034795764
5496.0 1660.357034795764
5634.0 1905.5795420755278
8997.0 1905.5795420755278
9112.0 2504.8824343015212
12004.0 2504.8824343015212
12117.0 1859.2802980495287
16680.0 1859.2802980495287
16711.0 2945.8825561312606
19027.0 2945.8825561312606
19109.0 3075.7694572991163
21486.0 3075.7694572991163
21616.0 2478.0988793671722
24650.0 2478.0988793671722
24708.0 3537.0718072289155
26783.0 3537.0718072289155
26811.0 3534.6747550163323
28954.0 3534.6747550163323
29203.0 3537.38566552901
31547.0 3537.38566552901
31612.0 3598.742036787797
36070.0 3598.742036787797
36108.0 4272.919106699752
40138.0 4272.919106699752
40209.0 3899.002128565347
44907.0 3899.002128565347
45010.0 2869.4002089864157
50752.0 2869.4002089864157
50819.0 2882.188189487346
56983.0 2882.188189487346
57113.0 3280.196197718631
62373.0 3280.196197718631
62412.0 3300.6035598705503
67356.0 3300.6035598705503
67413.0 2466.9526778124114
74471.0 2466.9526778124114
74707.0 2529.828896797153
81732.0 2529.828896797153
81814.0 3061.9089316987743
84098.0 3061.9089316987743
84214.0 3060.8470387729017
86561.0 3060.8470387729017
86614.0 3054.1424357353562
88987.0 3054.1424357353562
89115.0 2623.4517209869023
92398.0 2623.4517209869023
92515.0 2419.4559234144394
95022.0 2419.4559234144394
95115.0 2419.14330121231
98332.0 2419.14330121231
98414.0 2419.866088034718
101640.0 2419.866088034718
101715.0 2745.5528487229863
104260.0 2745.5528487229863
104502.0 2936.7784615384617
107102.0 2936.7784615384617
107213.0 2941.6269214790195
109620.0 2941.6269214790195
109713.0 2996.6107091172216
112477.0 2996.6107091172216
112510.0 3015.5944158706834
115232.0 3015.5944158706834
115310.0 3004.9884600079586
117823.0 3004.9884600079586
117915.0 2599.5680433310763
123823.0 2599.5680433310763
123916.0 2912.3132734361757
129815.0 2912.3132734361757
129913.0 3800.3027604630456
134405.0 3800.3027604630456
134510.0 2990.5870057481275
140251.0 2990.5870057481275
140311.0 2783.02722323049
146372.0 2783.02722323049
146415.0 2705.769933426227
152874.0 2705.769933426227
152914.0 3441.8945660989457
157846.0 3441.8945660989457
157914.0 3115.464214314274
160415.0 3115.464214314274
160512.0 3113.616883116883
162976.0 3113.616883116883
163012.0 2297.897630886224
166431.0 2297.897630886224
166524.0 1866.808988764045
170084.0 1866.808988764045
170121.0 1865.7922292642602
173750.0 1865.7922292642602
173826.0 1851.1591962905718
176414.0 1851.1591962905718
