20.0 2693.348148148148
560.0 2693.348148148148
618.0 2705.7391304347825
1078.0 2705.7391304347825
1115.0 2696.0385542168674
1530.0 2696.0385542168674
1618.0 2646.731655061596
3485.0 2646.731655061596
3618.0 2636.0304132231404
6643.0 2636.0304132231404
6714.0 3142.944580676802
8753.0 3142.944580676802
8809.0 3540.6256109481915
10855.0 3540.6256109481915
10911.0 3573.671440606571
13285.0 3573.671440606571
13410.0 3387.6186693147965
15424.0 3387.6186693147965
15511.0 3335.3576642335765
17703.0 3335.3576642335765
17815.0 3319.4490066225167
20080.0 3319.4490066225167
20114.0 3086.38519764508
22492.0 3086.38519764508
22615.0 2952.8406281323087
28601.0 2952.8406281323087
28715.0 3009.7566137566137
34763.0 3009.7566137566137
34817.0 3212.493392070485
39811.0 3212.493392070485
39918.0 3014.1543847365656
45631.0 3014.1543847365656
45715.0 3305.2168892096715
51257.0 3305.2168892096715
51312.0 3367.2789699570817
56205.0 3367.2789699570817
56312.0 3411.253456221198
61520.0 3411.253456221198
61614.0 3456.9889801642958
66605.0 3456.9889801642958
66903.0 3401.0387661525638
71701.0 3401.0387661525638
71814.0 3352.281863688872
77008.0 3352.281863688872
77116.0 3345.01185770751
82429.0 3345.01185770751
82515.0 3448.422090729783
84543.0 3448.422090729783
84613.0 3442.1696214662193
86700.0 3442.1696214662193
86813.0 3481.018251681076
88895.0 3481.018251681076
89009.0 3509.6951915240425
91463.0 3509.6951915240425
91512.0 3379.1509749303623
93307.0 3379.1509749303623
93408.0 3358.8191627104015
95725.0 3358.8191627104015
95816.0 3468.5098583726744
99417.0 3468.5098583726744
99512.0 3308.973184576238
104621.0 3308.973184576238
104714.0 3287.318920987182
109941.0 3287.318920987182
110009.0 3351.547227533461
115239.0 3351.547227533461
115315.0 3394.079406307978
120705.0 3394.079406307978
120811.0 3429.7410365966934
126194.0 3429.7410365966934
126312.0 3420.056630109671
131327.0 3420.056630109671
131417.0 3314.9682710986403
136050.0 3314.9682710986403
136108.0 3244.5204910292728
141403.0 3244.5204910292728
141515.0 3378.646153846154
144895.0 3378.646153846154
145016.0 3456.1819870009285
147170.0 3456.1819870009285
147214.0 3456.2657272269753
149201.0 3456.2657272269753
149314.0 3401.0949813355455
151725.0 3401.0949813355455
151815.0 3436.7619970916144
153878.0 3436.7619970916144
153910.0 3463.0115555555553
156160.0 3463.0115555555553
156209.0 3477.766092475068
158415.0 3477.766092475068
158508.0 3347.4699616531743
160855.0 3347.4699616531743
160916.0 3200.5548755609957
165818.0 3200.5548755609957
165911.0 3093.503678449668
171484.0 3093.503678449668
171613.0 3183.2539550374686
175216.0 3183.2539550374686
