37.0 1109.3882532418002
1348.0 1109.3882532418002
1446.0 1120.2880288028803
2557.0 1120.2880288028803
2645.0 996.3098842386465
3768.0 996.3098842386465
3848.0 745.9244151169767
5515.0 745.9244151169767
5669.0 707.9242014076881
7516.0 707.9242014076881
7670.0 715.0120311394197
9083.0 715.0120311394197
9170.0 603.5236220472441
11202.0 603.5236220472441
11393.0 499.3867145421903
14178.0 499.3867145421903
14321.0 515.6185006045949
27553.0 515.6185006045949
27688.0 570.1024590163935
29640.0 570.1024590163935
29764.0 688.9617486338798
31411.0 688.9617486338798
31746.0 684.4843835616439
33571.0 684.4843835616439
33676.0 692.1248654467169
35534.0 692.1248654467169
35673.0 693.542912246866
37747.0 693.542912246866
37887.0 478.77342419080065
46692.0 478.77342419080065
46899.0 295.6985569214324
50641.0 295.6985569214324
50893.0 283.82496909765143
54938.0 283.82496909765143
55222.0 283.1793184488837
59477.0 283.1793184488837
59687.0 298.45973381457253
64120.0 298.45973381457253
64380.0 307.51650750341065
68045.0 307.51650750341065
68382.0 306.0829895656394
72503.0 306.0829895656394
72775.0 401.17445185891324
75922.0 401.17445185891324
76156.0 418.81500781657115
83832.0 418.81500781657115
84023.0 444.4035512510089
86501.0 444.4035512510089
86721.0 439.2188552188552
89394.0 439.2188552188552
89613.0 414.36877523553164
92585.0 414.36877523553164
92744.0 378.46762028608583
96589.0 378.46762028608583
96842.0 383.12796208530807
99163.0 383.12796208530807
99335.0 420.2599179206566
102259.0 420.2599179206566
102554.0 492.8615130219099
104973.0 492.8615130219099
105096.0 487.5602013162989
107679.0 487.5602013162989
107802.0 513.1991853360489
110257.0 513.1991853360489
110389.0 550.2141491395794
112481.0 550.2141491395794
112592.0 611.0445883441258
117997.0 611.0445883441258
118151.0 1014.5855728429985
119565.0 1014.5855728429985
119648.0 668.1592638471067
130950.0 668.1592638471067
131065.0 467.5080968414302
143539.0 467.5080968414302
143720.0 442.69879518072287
145961.0 442.69879518072287
146261.0 454.3433070866142
148801.0 454.3433070866142
149015.0 452.29099133056917
151668.0 452.29099133056917
151802.0 459.527950310559
154378.0 459.527950310559
154494.0 525.2965517241379
156959.0 525.2965517241379
157098.0 531.0872435325603
162703.0 531.0872435325603
162886.0 658.6220735785953
164979.0 658.6220735785953
165071.0 662.1407333994053
167089.0 662.1407333994053
167279.0 732.558352402746
169027.0 732.558352402746
169162.0 813.6508875739645
170514.0 813.6508875739645
170664.0 775.3335390311632
173905.0 775.3335390311632
174082.0 701.5375604041587
180911.0 701.5375604041587
