11.0 3817.3438320209975
392.0 3817.3438320209975
512.0 3841.4814814814813
836.0 3841.4814814814813
915.0 3787.4439946018892
1656.0 3787.4439946018892
1710.0 3781.0135970333745
2519.0 3781.0135970333745
2614.0 3729.650140318054
4752.0 3729.650140318054
4812.0 2707.4203633291086
7179.0 2707.4203633291086
7218.0 3086.763736263736
8674.0 3086.763736263736
8711.0 3772.297020898177
10960.0 3772.297020898177
11014.0 3269.1355864811135
16044.0 3269.1355864811135
16106.0 4625.1620469083155
19858.0 4625.1620469083155
19907.0 3860.607460035524
24411.0 3860.607460035524
24509.0 4964.467532467533
27897.0 4964.467532467533
28006.0 5623.832007636017
31149.0 5623.832007636017
31208.0 5526.110503946569
34502.0 5526.110503946569
34608.0 4888.236441194394
37890.0 4888.236441194394
38008.0 4883.682359614294
41534.0 4883.682359614294
41823.0 2059.3043282743115
50718.0 2059.3043282743115
50815.0 3073.8985074626867
56175.0 3073.8985074626867
56223.0 3793.6809737347853
60906.0 3793.6809737347853
61013.0 3517.6008154943934
65918.0 3517.6008154943934
66010.0 3712.897383390216
70405.0 3712.897383390216
70512.0 3633.5041736227045
75304.0 3633.5041736227045
75408.0 4617.315666406859
79257.0 4617.315666406859
79308.0 4476.485080755543
82961.0 4476.485080755543
83010.0 4199.308689390303
87176.0 4199.308689390303
87402.0 4201.009728111749
91411.0 4201.009728111749
91509.0 4303.773635751179
95962.0 4303.773635751179
96009.0 4348.507166482911
99637.0 4348.507166482911
99712.0 4345.270229007633
103642.0 4345.270229007633
103712.0 4635.373493975903
107447.0 4635.373493975903
107510.0 4635.465862352618
111157.0 4635.465862352618
111209.0 4546.921407779836
114988.0 4546.921407779836
115108.0 4393.130827067669
119098.0 4393.130827067669
119211.0 4391.283725396063
123377.0 4391.283725396063
123700.0 4932.4862409831685
127443.0 4932.4862409831685
127507.0 5133.667764142472
130848.0 5133.667764142472
130907.0 5100.713384257721
133918.0 5100.713384257721
134007.0 4608.298283261803
137735.0 4608.298283261803
137810.0 4612.526344231289
141511.0 4612.526344231289
141608.0 3806.8647450110866
146118.0 3806.8647450110866
146211.0 3361.4842566759667
151229.0 3361.4842566759667
151313.0 3362.171604463255
156511.0 3362.171604463255
156613.0 4007.418319169027
160849.0 4007.418319169027
161102.0 4238.972301814709
165290.0 4238.972301814709
165410.0 4257.350363135487
169403.0 4257.350363135487
169511.0 4284.1592371871275
173706.0 4284.1592371871275
173811.0 4551.528865680301
177258.0 4551.528865680301
177308.0 4878.3520090548955
180842.0 4878.3520090548955
180907.0 4884.695059625213
183255.0 4884.695059625213
