12.0 3049.0733752620545
489.0 3049.0733752620545
612.0 3065.615763546798
1018.0 3065.615763546798
1116.0 3056.9836065573772
1482.0 3056.9836065573772
1517.0 3010.6692913385828
2533.0 3010.6692913385828
2616.0 3012.3403476669714
3709.0 3012.3403476669714
3816.0 3003.029053420806
5950.0 3003.029053420806
6016.0 3008.355481727575
8424.0 3008.355481727575
8509.0 4812.192853091322
10272.0 4812.192853091322
10308.0 3824.1283720930232
14608.0 3824.1283720930232
14709.0 3123.3995680345574
20265.0 3123.3995680345574
20317.0 2963.725242883927
26184.0 2963.725242883927
26313.0 2161.348753533796
34095.0 2161.348753533796
34220.0 2428.601474831677
37339.0 2428.601474831677
37603.0 3450.5334997919267
40006.0 3450.5334997919267
40110.0 3455.8611987381705
42012.0 3455.8611987381705
42114.0 3668.8325881768505
44127.0 3668.8325881768505
44207.0 4315.620535714285
45999.0 4315.620535714285
46108.0 4440.9962264150945
49818.0 4440.9962264150945
49906.0 4729.9808306709265
53662.0 4729.9808306709265
53707.0 3329.5700501736783
58889.0 3329.5700501736783
59014.0 2937.0381569474443
64570.0 2937.0381569474443
64605.0 5154.455891059799
67983.0 5154.455891059799
68108.0 5157.297736506094
71554.0 5157.297736506094
71608.0 3869.5220066256506
75834.0 3869.5220066256506
75914.0 3500.2641056422567
80912.0 3500.2641056422567
81202.0 3659.6801390699698
85804.0 3659.6801390699698
85913.0 2751.57272074659
92878.0 2751.57272074659
92917.0 2369.537999399219
99575.0 2369.537999399219
99613.0 3648.133304849391
104294.0 3648.133304849391
104414.0 2157.666999002991
112438.0 2157.666999002991
112523.0 2077.1200951248516
115887.0 2077.1200951248516
116031.0 1551.9560975609756
120951.0 1551.9560975609756
121034.0 1556.7072927072927
124037.0 1556.7072927072927
124129.0 1558.6106654082114
126248.0 1558.6106654082114
126332.0 1560.6536964980544
128388.0 1560.6536964980544
128425.0 1900.720634920635
130945.0 1900.720634920635
131018.0 2249.134851138354
132160.0 2249.134851138354
132217.0 2244.019493177388
134269.0 2244.019493177388
134315.0 2235.7343173431736
136483.0 2235.7343173431736
136520.0 2211.7100415923946
139886.0 2211.7100415923946
139923.0 1823.5793945831122
143689.0 1823.5793945831122
143826.0 1821.0170997113037
148329.0 1821.0170997113037
148425.0 1908.4899057873486
152140.0 1908.4899057873486
152215.0 2515.910881498224
155312.0 2515.910881498224
155415.0 2516.2190882256477
158464.0 2516.2190882256477
158514.0 2705.410468319559
161418.0 2705.410468319559
161511.0 3265.769041769042
163546.0 3265.769041769042
163805.0 3261.5414258188825
165881.0 3261.5414258188825
165915.0 3008.726128016789
169727.0 3008.726128016789
