10.0 3807.3507853403144
392.0 3807.3507853403144
514.0 3829.6615384615384
839.0 3829.6615384615384
915.0 3767.1087248322146
1660.0 3767.1087248322146
1716.0 3746.2157551430005
3709.0 3746.2157551430005
3814.0 3009.0535849056605
6464.0 3009.0535849056605
6522.0 1934.3386658617567
9835.0 1934.3386658617567
9919.0 2380.584949063424
12962.0 2380.584949063424
13016.0 3062.7783393501804
15786.0 3062.7783393501804
15913.0 3288.030843373494
17988.0 3288.030843373494
18114.0 3096.613299449386
20475.0 3096.613299449386
20516.0 3030.452237001209
22997.0 3030.452237001209
23303.0 3027.815181518152
25727.0 3027.815181518152
25821.0 2326.4152334152336
29077.0 2326.4152334152336
29124.0 2211.101866666667
32874.0 2211.101866666667
32919.0 3377.7225077081193
34865.0 3377.7225077081193
34912.0 3745.1115618661256
36884.0 3745.1115618661256
36915.0 3785.392023145278
41754.0 3785.392023145278
41812.0 3274.2639109697934
46844.0 3274.2639109697934
46920.0 3266.3739658025374
52359.0 3266.3739658025374
52415.0 3756.549531896364
57008.0 3756.549531896364
57113.0 3807.3224451703218
61399.0 3807.3224451703218
61513.0 3814.184446878423
66078.0 3814.184446878423
66114.0 3760.4841303427847
70840.0 3760.4841303427847
70914.0 3733.470319634703
75294.0 3733.470319634703
75604.0 3520.692292211713
80573.0 3520.692292211713
80616.0 3422.444218654745
85537.0 3422.444218654745
85616.0 3358.6933052926743
91322.0 3358.6933052926743
91418.0 3340.331145458395
96141.0 3340.331145458395
96215.0 3185.9910447761195
101575.0 3185.9910447761195
101615.0 3821.880794701987
106145.0 3821.880794701987
106214.0 3704.1069237510956
110778.0 3704.1069237510956
110913.0 3058.5290138839446
116531.0 3058.5290138839446
116623.0 2433.1601374570446
119533.0 2433.1601374570446
119619.0 2431.776864357017
123025.0 2431.776864357017
123117.0 2427.8166223010944
126498.0 2427.8166223010944
126628.0 2467.822222222222
129688.0 2467.822222222222
129818.0 2552.1645514223196
132103.0 2552.1645514223196
132215.0 2553.1098265895953
135156.0 2553.1098265895953
135216.0 2658.8588149231896
137950.0 2658.8588149231896
138013.0 3932.7078711040676
139906.0 3932.7078711040676
140203.0 3935.5873925501432
141948.0 3935.5873925501432
142013.0 3033.681095079541
144716.0 3033.681095079541
144812.0 4371.171393341554
146434.0 4371.171393341554
146512.0 4361.871253071253
150582.0 4361.871253071253
150712.0 3852.164060729662
155125.0 3852.164060729662
155215.0 3427.817661644097
160458.0 3427.817661644097
160517.0 3565.7090909090907
164917.0 3565.7090909090907
165011.0 4264.184021766016
169054.0 4264.184021766016
169110.0 4611.686369119421
171597.0 4611.686369119421
