11.0 3847.6402116402114
389.0 3847.6402116402114
511.0 3865.341614906832
833.0 3865.341614906832
914.0 3808.0
1651.0 3808.0
1713.0 3801.113846153846
3013.0 3801.113846153846
3113.0 3981.0244633050424
5116.0 3981.0244633050424
5206.0 5118.581469648562
6458.0 5118.581469648562
6508.0 4202.649135622109
10615.0 4202.649135622109
10715.0 3395.991844300278
16110.0 3395.991844300278
16207.0 4638.576022566996
19752.0 4638.576022566996
19811.0 4707.978296256104
23497.0 4707.978296256104
23608.0 3054.3080976637975
29301.0 3054.3080976637975
29422.0 3245.7769201080664
34604.0 3245.7769201080664
34714.0 3599.939714867617
39624.0 3599.939714867617
39708.0 4174.044485209814
44069.0 4174.044485209814
44302.0 3419.9940311234277
48993.0 3419.9940311234277
49114.0 3119.540579710145
54634.0 3119.540579710145
54716.0 3127.2106752931663
57189.0 3127.2106752931663
57312.0 3106.405962297238
59593.0 3106.405962297238
59717.0 3087.79366940211
62276.0 3087.79366940211
62315.0 3085.6116910229644
64710.0 3085.6116910229644
64814.0 3083.80112408128
67127.0 3083.80112408128
67214.0 3637.243217515469
69315.0 3637.243217515469
69411.0 4075.898947368421
71311.0 4075.898947368421
71409.0 4077.7842565597666
73124.0 4077.7842565597666
73213.0 4163.331746787244
77415.0 4163.331746787244
77509.0 4320.638276038994
81407.0 4320.638276038994
81508.0 4381.505258344764
85882.0 4381.505258344764
86010.0 4381.111913357401
89611.0 4381.111913357401
89709.0 4356.355102040817
93629.0 4356.355102040817
93709.0 4356.597886260694
97683.0 4356.597886260694
97813.0 3671.9252823631623
102417.0 3671.9252823631623
102514.0 3660.591393268002
107208.0 3660.591393268002
107504.0 4728.511464796331
111211.0 4728.511464796331
111310.0 4921.734732311003
115027.0 4921.734732311003
115112.0 4390.55790725327
119317.0 4390.55790725327
119409.0 4132.911807228916
123559.0 4132.911807228916
123616.0 4019.431562418215
127437.0 4019.431562418215
127514.0 3952.0901771336553
131861.0 3952.0901771336553
131910.0 3755.986798679868
136455.0 3755.986798679868
136513.0 3798.4424778761063
141033.0 3798.4424778761063
141109.0 4309.639243740419
145023.0 4309.639243740419
145301.0 4305.633899975363
149360.0 4305.633899975363
149414.0 4117.250545719136
153537.0 4117.250545719136
153616.0 4101.852125693161
157944.0 4101.852125693161
158014.0 3593.2361023039525
162745.0 3593.2361023039525
162812.0 3505.373122683831
167939.0 3505.373122683831
168015.0 5022.125480153649
171139.0 5022.125480153649
171210.0 6835.882632831086
173732.0 6835.882632831086
173810.0 6126.74358974359
175682.0 6126.74358974359
