28.0 1317.3985507246377
1132.0 1317.3985507246377
1243.0 1329.7435897435898
2179.0 1329.7435897435898
2243.0 1327.2313167259786
3086.0 1327.2313167259786
3234.0 1328.4786324786326
4170.0 1328.4786324786326
4234.0 1319.4106962663975
5225.0 1319.4106962663975
5337.0 1331.1093544137022
6096.0 1331.1093544137022
6245.0 1303.8375398897592
9692.0 1303.8375398897592
9839.0 1130.7338397974145
17342.0 1130.7338397974145
17437.0 1080.5612923661704
23751.0 1080.5612923661704
23856.0 928.276282376841
31732.0 928.276282376841
31834.0 1292.3917995444192
32712.0 1292.3917995444192
33014.0 1286.4922760041195
33985.0 1286.4922760041195
34137.0 1284.6833166833167
35138.0 1284.6833166833167
35232.0 1270.678445229682
36364.0 1270.678445229682
36439.0 1292.0325826545281
38526.0 1292.0325826545281
38628.0 1403.11877394636
40716.0 1403.11877394636
40828.0 615.0952040085898
53401.0 615.0952040085898
53569.0 736.2543640897755
63193.0 736.2543640897755
63354.0 957.3603473227207
64736.0 957.3603473227207
64849.0 956.7470288624788
66027.0 956.7470288624788
66330.0 957.7585421412301
67647.0 957.7585421412301
67749.0 945.6898876404495
69084.0 945.6898876404495
69424.0 930.2152777777778
72880.0 930.2152777777778
72956.0 1164.436917866215
75318.0 1164.436917866215
75438.0 1135.788560157791
77973.0 1135.788560157791
78046.0 994.4401756311745
85334.0 994.4401756311745
85445.0 1110.0389225415647
93204.0 1110.0389225415647
93366.0 718.3297015632402
101810.0 718.3297015632402
101975.0 635.4003919007184
114223.0 635.4003919007184
114541.0 643.7537796976242
116393.0 643.7537796976242
116582.0 641.2260692464358
118546.0 641.2260692464358
118678.0 1002.3102625298329
119935.0 1002.3102625298329
120035.0 1332.7351351351351
122255.0 1332.7351351351351
122337.0 1285.095719844358
124907.0 1285.095719844358
125041.0 1148.8378088077336
127834.0 1148.8378088077336
127937.0 1177.4639258363563
130418.0 1177.4639258363563
130537.0 1251.4369098712446
135197.0 1251.4369098712446
135333.0 1326.1561285764747
140995.0 1326.1561285764747
141136.0 964.8685956994956
148670.0 964.8685956994956
148750.0 893.4683544303797
150093.0 893.4683544303797
150258.0 960.8311688311688
151490.0 960.8311688311688
151656.0 954.20486366986
153013.0 954.20486366986
153153.0 959.2733278282411
154364.0 959.2733278282411
154453.0 1010.1549985594929
157924.0 1010.1549985594929
158223.0 1045.6524465040206
165560.0 1045.6524465040206
165642.0 890.5590569031965
174464.0 890.5590569031965
174532.0 1312.3696682464456
179596.0 1312.3696682464456
179741.0 1142.5852176847789
185667.0 1142.5852176847789
185736.0 1178.8385826771653
189800.0 1178.8385826771653
