14.0 2829.5875486381324
528.0 2829.5875486381324
622.0 2854.678899082569
1058.0 2854.678899082569
1117.0 2839.736040609137
1511.0 2839.736040609137
1622.0 2851.9633027522937
2058.0 2851.9633027522937
2118.0 2781.1458998935036
3996.0 2781.1458998935036
4120.0 2907.6515426497276
6324.0 2907.6515426497276
6411.0 1774.2150379622826
10494.0 1774.2150379622826
10659.0 2214.538240668233
14490.0 2214.538240668233
14614.0 2756.631919191919
17089.0 2756.631919191919
17214.0 2650.871646120377
19972.0 2650.871646120377
20015.0 2803.337807606264
22697.0 2803.337807606264
22813.0 2858.031152647975
25381.0 2858.031152647975
25419.0 2648.534265734266
28279.0 2648.534265734266
28510.0 2985.8235505941666
31287.0 2985.8235505941666
31415.0 3134.500715307582
33512.0 3134.500715307582
33621.0 3133.1630276564774
39117.0 3133.1630276564774
39215.0 3228.8933544861625
44888.0 3228.8933544861625
45015.0 3123.430521327014
50290.0 3123.430521327014
50419.0 3023.452688904016
56295.0 3023.452688904016
56417.0 2584.456560814859
63093.0 2584.456560814859
63218.0 2592.6571337782016
69512.0 2592.6571337782016
69621.0 2751.8357940223264
72398.0 2751.8357940223264
72706.0 1711.0490499337163
77232.0 1711.0490499337163
77337.0 1228.2051282051282
83031.0 1228.2051282051282
83136.0 1264.3097500879971
88818.0 1264.3097500879971
88917.0 2476.9241285030757
91843.0 2476.9241285030757
91919.0 2788.213661379087
95008.0 2788.213661379087
95115.0 3179.0230607966455
97023.0 3179.0230607966455
97116.0 2756.7778958554727
99939.0 2756.7778958554727
100021.0 2246.471366906475
103496.0 2246.471366906475
103622.0 1459.3634085213032
108410.0 1459.3634085213032
108717.0 1496.8876690844932
113818.0 1496.8876690844932
113913.0 2815.306560636183
116428.0 2815.306560636183
116519.0 2947.555871886121
119329.0 2947.555871886121
119417.0 2984.8901818181816
122167.0 2984.8901818181816
122221.0 2790.663710273466
124927.0 2790.663710273466
125020.0 2857.2738853503183
127061.0 2857.2738853503183
127118.0 2976.098295679746
129641.0 2976.098295679746
129714.0 2725.6542932133484
132381.0 2725.6542932133484
132414.0 2718.005111354509
135153.0 2718.005111354509
135406.0 2716.6139240506327
137934.0 2716.6139240506327
138020.0 2901.6418966737438
140846.0 2901.6418966737438
140916.0 3159.394007072399
146289.0 3159.394007072399
146418.0 3199.8586878154288
151966.0 3199.8586878154288
152016.0 3230.020900627019
157279.0 3230.020900627019
157315.0 2981.42800265428
163343.0 2981.42800265428
163419.0 2983.8569798402436
168677.0 2983.8569798402436
168718.0 3051.88458134183
174367.0 3051.88458134183
174413.0 3024.5949367088606
178205.0 3024.5949367088606
