23.0 1778.0048899755502
841.0 1778.0048899755502
922.0 1796.017316017316
1615.0 1796.017316017316
1725.0 1801.7004830917874
2346.0 1801.7004830917874
2425.0 1802.1101449275363
3115.0 1802.1101449275363
3224.0 1781.384196185286
3958.0 1781.384196185286
4033.0 1691.3937423811458
6494.0 1691.3937423811458
6634.0 1398.4787644787646
11814.0 1398.4787644787646
11933.0 1391.943560295324
18028.0 1391.943560295324
18132.0 1073.7588920365124
24486.0 1073.7588920365124
24653.0 1210.0470043032108
30695.0 1210.0470043032108
30814.0 2085.0116472545756
34420.0 2085.0116472545756
34513.0 4034.8675096206707
36332.0 4034.8675096206707
36408.0 5406.715203426124
37809.0 5406.715203426124
37904.0 3157.5140898705254
40530.0 3157.5140898705254
40806.0 2431.7602663706994
43509.0 2431.7602663706994
43617.0 2466.7201068804275
46611.0 2466.7201068804275
46720.0 2470.796166134185
49850.0 2470.796166134185
49916.0 2525.20028510335
52722.0 2525.20028510335
52819.0 2549.7463697967087
55918.0 2549.7463697967087
56013.0 5089.559228650138
57465.0 5089.559228650138
57520.0 2635.79130996608
63711.0 2635.79130996608
63834.0 2183.0180541624873
71810.0 2183.0180541624873
71917.0 2643.063915450428
73904.0 2643.063915450428
74210.0 1947.4798106377054
77801.0 1947.4798106377054
77918.0 2074.4464337279815
81381.0 2074.4464337279815
81520.0 2445.9939250759367
84483.0 2445.9939250759367
84614.0 2807.298565840939
87682.0 2807.298565840939
87817.0 1883.1344303011488
91038.0 1883.1344303011488
91120.0 2556.6307490144545
94164.0 2556.6307490144545
94219.0 2240.6681974741678
97703.0 2240.6681974741678
97819.0 2212.6130462317924
100977.0 2212.6130462317924
101026.0 1935.519391634981
104971.0 1935.519391634981
105208.0 2020.689497716895
108712.0 2020.689497716895
108817.0 1134.2963571624211
116119.0 1134.2963571624211
116216.0 2491.183004552352
119511.0 2491.183004552352
119622.0 1257.3320013320013
125628.0 1257.3320013320013
125722.0 2237.795855717575
128328.0 2237.795855717575
128432.0 1395.1497584541062
133814.0 1395.1497584541062
133911.0 3123.9020197679415
136238.0 3123.9020197679415
136320.0 2054.820866685068
139943.0 2054.820866685068
140030.0 1924.7757847533633
143598.0 1924.7757847533633
143904.0 2249.0510148107514
147550.0 2249.0510148107514
147616.0 2426.4339493497605
150538.0 2426.4339493497605
150621.0 2257.1772885283895
154073.0 2257.1772885283895
154128.0 1872.5779838906517
158225.0 1872.5779838906517
158327.0 1628.9678623263528
163150.0 1628.9678623263528
163227.0 1948.3553210202288
166638.0 1948.3553210202288
166721.0 2373.277252015422
169574.0 2373.277252015422
169624.0 1857.6192322605662
172203.0 1857.6192322605662
