10.0 4516.795031055901
332.0 4516.795031055901
409.0 4559.120879120879
682.0 4559.120879120879
707.0 4529.781376518219
954.0 4529.781376518219
1009.0 4471.988304093567
1693.0 4471.988304093567
1809.0 4452.256839754327
3600.0 4452.256839754327
3708.0 4450.322222222222
5148.0 4450.322222222222
5211.0 4441.657231085949
9097.0 4441.657231085949
9209.0 3251.3533274179235
14844.0 3251.3533274179235
14917.0 2014.6718941435922
23079.0 2014.6718941435922
23122.0 1915.4092715231789
32182.0 1915.4092715231789
32326.0 1699.1077966101695
36751.0 1699.1077966101695
36827.0 1695.017090069284
41157.0 1695.017090069284
41223.0 1780.4193548387098
42959.0 1780.4193548387098
43020.0 1776.723926380368
44976.0 1776.723926380368
45022.0 1784.5612177365983
46533.0 1784.5612177365983
46620.0 1887.701030927835
48172.0 1887.701030927835
48221.0 2159.048616305161
49558.0 2159.048616305161
49618.0 2170.2027565084227
52883.0 2170.2027565084227
52918.0 2708.83236201577
55835.0 2708.83236201577
55912.0 2426.942528735632
58957.0 2426.942528735632
59021.0 2022.3510065211228
62548.0 2022.3510065211228
62617.0 2766.7805937726284
65379.0 2766.7805937726284
65414.0 3247.0473794549266
67799.0 3247.0473794549266
67914.0 2994.433253982787
73375.0 2994.433253982787
73410.0 3609.3088508355686
78257.0 3609.3088508355686
78314.0 4600.340890467085
81975.0 4600.340890467085
82006.0 5625.096565893748
85413.0 5625.096565893748
85512.0 3325.5446880269815
90256.0 3325.5446880269815
90311.0 4803.632067510549
93866.0 4803.632067510549
93905.0 5291.295843520782
97177.0 5291.295843520782
97210.0 3327.208029915371
102291.0 3327.208029915371
102601.0 4360.014209591474
106542.0 4360.014209591474
106609.0 4904.474538332401
110183.0 4904.474538332401
110306.0 5211.990883190883
113816.0 5211.990883190883
113908.0 5658.074164878945
117171.0 5658.074164878945
117204.0 4510.014199316329
121007.0 4510.014199316329
121115.0 3371.7339187705816
125670.0 3371.7339187705816
125709.0 4744.472797569732
129330.0 4744.472797569732
129410.0 4008.2084996478047
133669.0 4008.2084996478047
133712.0 3670.934359632243
138389.0 3670.934359632243
138702.0 2601.0683114880494
145187.0 2601.0683114880494
145316.0 2556.9228968544257
152151.0 2556.9228968544257
152216.0 2413.3386408871197
159250.0 2413.3386408871197
159320.0 2422.0627914205784
162537.0 2422.0627914205784
162614.0 2255.129923574368
166016.0 2255.129923574368
166115.0 2249.860252004582
169607.0 2249.860252004582
169717.0 2249.015228426396
172672.0 2249.015228426396
172718.0 2209.8433420365536
175782.0 2209.8433420365536
175819.0 2195.6003666361134
178001.0 2195.6003666361134
