11.0 4167.358166189112
360.0 4167.358166189112
410.0 4148.8
710.0 4148.8
812.0 4109.071742313324
1495.0 4109.071742313324
1611.0 4100.321715817694
2357.0 4100.321715817694
2415.0 4089.2266666666665
4365.0 4089.2266666666665
4410.0 4089.638800255265
5977.0 4089.638800255265
6010.0 4092.723163841808
7780.0 4092.723163841808
7810.0 4225.04780876494
9818.0 4225.04780876494
9907.0 4982.955151515152
13207.0 4982.955151515152
13308.0 4548.783224115335
17123.0 4548.783224115335
17208.0 3229.601783060921
22592.0 3229.601783060921
22717.0 2649.592942659105
29065.0 2649.592942659105
29115.0 2687.911192214112
35691.0 2687.911192214112
35819.0 2776.9653699466057
42374.0 2776.9653699466057
42412.0 2753.723309303124
48238.0 2753.723309303124
48313.0 2767.576984892318
54535.0 2767.576984892318
54611.0 2804.058013052937
57369.0 2804.058013052937
57414.0 2804.00158290463
59941.0 2804.00158290463
60012.0 2803.002483150053
62831.0 2803.002483150053
62915.0 2854.3993820007727
65504.0 2854.3993820007727
65611.0 2874.98266827892
68092.0 2874.98266827892
68211.0 2906.750855838722
70840.0 2906.750855838722
70916.0 2858.6961978589884
73625.0 2858.6961978589884
73715.0 2758.737672583826
76250.0 2758.737672583826
76506.0 2748.205049732211
79120.0 2748.205049732211
79214.0 2743.179409538229
81856.0 2743.179409538229
81911.0 2778.32
85011.0 2778.32
85112.0 2793.908797789037
87283.0 2793.908797789037
87315.0 2792.387513455328
90102.0 2792.387513455328
90212.0 2832.5428156748912
92968.0 2832.5428156748912
93017.0 2834.123051131601
98982.0 2834.123051131601
99014.0 2916.295994568907
104906.0 2916.295994568907
105012.0 2736.704449648712
111417.0 2736.704449648712
111514.0 2736.1782829793597
118200.0 2736.1782829793597
118317.0 2861.083304287208
121186.0 2861.083304287208
121314.0 2749.012013105206
124061.0 2749.012013105206
124120.0 1925.2875536480688
127149.0 1925.2875536480688
127222.0 1925.3066666666666
131122.0 1925.3066666666666
131225.0 1925.6476821192052
135000.0 1925.6476821192052
135122.0 2634.3297947629158
137948.0 2634.3297947629158
138013.0 2833.168316831683
140437.0 2833.168316831683
140515.0 2825.6512749827707
143417.0 2825.6512749827707
143706.0 2788.0613448682657
146249.0 2788.0613448682657
146312.0 2791.7506270154067
149103.0 2791.7506270154067
149213.0 2801.004746257758
151952.0 2801.004746257758
152012.0 2931.5343283582088
154692.0 2931.5343283582088
154816.0 2910.2429975885734
160207.0 2910.2429975885734
160319.0 2799.1712940412403
166478.0 2799.1712940412403
166512.0 2875.9438314944837
170500.0 2875.9438314944837
