22.0 2132.5630498533724
704.0 2132.5630498533724
823.0 2160.8333333333335
1399.0 2160.8333333333335
1522.0 2155.791907514451
2041.0 2155.791907514451
2120.0 2147.5924006908463
2699.0 2147.5924006908463
2824.0 2120.082421120412
4377.0 2120.082421120412
4422.0 2106.661406969099
7464.0 2106.661406969099
7522.0 2107.686936281641
10959.0 2107.686936281641
11019.0 2104.6628628131975
15050.0 2104.6628628131975
15121.0 2486.393586005831
17865.0 2486.393586005831
17915.0 2586.1704987619382
20742.0 2586.1704987619382
20813.0 2640.868282402529
23660.0 2640.868282402529
23712.0 2664.0377495462794
26467.0 2664.0377495462794
26515.0 2663.434599156118
29359.0 2663.434599156118
29605.0 2681.640362225097
32697.0 2681.640362225097
32816.0 2713.892650701899
35238.0 2713.892650701899
35311.0 2721.2085482682387
38025.0 2721.2085482682387
38120.0 2659.3368176538906
45008.0 2659.3368176538906
45116.0 2660.438559664137
51309.0 2660.438559664137
51415.0 2596.201665935993
58258.0 2596.201665935993
58313.0 2669.6320594151325
64776.0 2669.6320594151325
64815.0 2680.385019710907
70903.0 2680.385019710907
71016.0 2628.5857487922704
77640.0 2628.5857487922704
77906.0 2619.826792963464
80862.0 2619.826792963464
80915.0 2636.034677723332
83568.0 2636.034677723332
83616.0 2641.105882352941
86336.0 2641.105882352941
86415.0 2645.065693430657
89155.0 2645.065693430657
89211.0 2702.4763100094133
92398.0 2702.4763100094133
92519.0 2713.983286908078
93955.0 2713.983286908078
94016.0 2705.0344108446297
96893.0 2705.0344108446297
97015.0 2703.0775623268696
99903.0 2703.0775623268696
100012.0 2682.315547024952
102617.0 2682.315547024952
102907.0 2688.6
105747.0 2688.6
105812.0 2694.2526636225266
108440.0 2694.2526636225266
108514.0 2684.807779578606
111599.0 2684.807779578606
111712.0 2680.7472240365773
114774.0 2680.7472240365773
114811.0 2680.7014554490593
117628.0 2680.7014554490593
117715.0 2686.179640718563
119886.0 2686.179640718563
120019.0 2677.2223780582826
126436.0 2677.2223780582826
126516.0 2659.856653162979
132934.0 2659.856653162979
133016.0 2660.61676739501
139469.0 2660.61676739501
139513.0 2689.8306490192954
145784.0 2689.8306490192954
145917.0 2679.222443660892
152440.0 2679.222443660892
152521.0 2685.55987976586
158842.0 2685.55987976586
158922.0 2699.8530838530837
161808.0 2699.8530838530837
161912.0 2706.155908289242
164747.0 2706.155908289242
164813.0 2685.069036226931
167739.0 2685.069036226931
167813.0 2686.2732417138236
170287.0 2686.2732417138236
170414.0 2679.4459833795013
172941.0 2679.4459833795013
173016.0 2679.4183445190156
174804.0 2679.4183445190156
