21.0 1986.896174863388
753.0 1986.896174863388
826.0 2007.483870967742
1446.0 2007.483870967742
1526.0 2005.1182795698924
2084.0 2005.1182795698924
2132.0 1983.18341307815
2759.0 1983.18341307815
2820.0 1990.1613394216133
3477.0 1990.1613394216133
3525.0 1964.3794242567249
5644.0 1964.3794242567249
5728.0 1995.0757367116496
9359.0 1995.0757367116496
9421.0 2022.3828367103695
13616.0 2022.3828367103695
13723.0 2445.399283154122
16513.0 2445.399283154122
16616.0 2441.9185036740146
19610.0 2441.9185036740146
19718.0 2452.2348336594914
22784.0 2452.2348336594914
22923.0 2368.320103259116
26022.0 2368.320103259116
26124.0 2305.877625570776
29409.0 2305.877625570776
29528.0 1709.967415962054
34377.0 1709.967415962054
34613.0 1810.2583310382815
38244.0 1810.2583310382815
38325.0 1878.7484100737727
42256.0 1878.7484100737727
42324.0 888.1019751952227
51032.0 888.1019751952227
51134.0 1811.7391971362822
55045.0 1811.7391971362822
55123.0 1872.8760369755867
59342.0 1872.8760369755867
59421.0 1602.3503902862099
64033.0 1602.3503902862099
64128.0 2031.5670749074338
67639.0 2031.5670749074338
67721.0 2288.6636717580113
71060.0 2288.6636717580113
71115.0 2285.775678866588
74503.0 2285.775678866588
74808.0 1885.5217039633324
78517.0 1885.5217039633324
78625.0 1506.9872036920494
83392.0 1506.9872036920494
83585.0 744.7061241265927
93317.0 744.7061241265927
93467.0 942.6279960599759
102604.0 942.6279960599759
102726.0 2297.777777777778
103113.0 2297.777777777778
103225.0 2284.089219330855
103763.0 2284.089219330855
103828.0 2193.062286105407
105289.0 2193.062286105407
105418.0 2116.482374768089
107574.0 2116.482374768089
107620.0 2052.5870967741935
111340.0 2052.5870967741935
111613.0 1129.6260370134014
117881.0 1129.6260370134014
117934.0 1662.1778045354204
122917.0 1662.1778045354204
123024.0 2099.347314578005
126934.0 2099.347314578005
127019.0 2233.5214433599526
130400.0 2233.5214433599526
130522.0 2254.2311557788944
133109.0 2254.2311557788944
133218.0 2405.862223646267
136339.0 2405.862223646267
136418.0 2405.466578424884
139440.0 2405.466578424884
139518.0 1968.9542449087544
143299.0 1968.9542449087544
143426.0 1960.491007707679
146929.0 1960.491007707679
147214.0 1826.2895322939867
151704.0 1826.2895322939867
151827.0 1795.8561296859168
155775.0 1795.8561296859168
155826.0 1841.156899810964
160058.0 1841.156899810964
160118.0 2299.0566376985316
163455.0 2299.0566376985316
163526.0 2016.558521560575
167422.0 2016.558521560575
167523.0 1987.986838169309
170866.0 1987.986838169309
170920.0 2119.2363067292645
174115.0 2119.2363067292645
174220.0 2200.6430868167204
176397.0 2200.6430868167204
