14.0 3239.216035634744
463.0 3239.216035634744
512.0 3224.455958549223
898.0 3224.455958549223
1014.0 3243.060869565217
1359.0 3243.060869565217
1419.0 3186.2916666666665
2379.0 3186.2916666666665
2413.0 3193.4898157129
3444.0 3193.4898157129
3518.0 3414.2056473095363
5395.0 3414.2056473095363
5512.0 3991.250688705234
7327.0 3991.250688705234
7417.0 3443.8676691729324
12737.0 3443.8676691729324
12811.0 3480.895850973751
17535.0 3480.895850973751
17614.0 3410.0231872666536
22703.0 3410.0231872666536
22815.0 3607.5053941908714
27635.0 3607.5053941908714
27711.0 3699.8715354157503
32257.0 3699.8715354157503
32310.0 3880.5058177826563
36865.0 3880.5058177826563
36911.0 2938.813044882144
43105.0 2938.813044882144
43224.0 1147.9922719141323
57199.0 1147.9922719141323
57346.0 1111.0018960940463
59983.0 1111.0018960940463
60045.0 1171.5020408163266
61025.0 1171.5020408163266
61140.0 1082.5947888589399
62253.0 1082.5947888589399
62349.0 875.6267372600927
63860.0 875.6267372600927
63960.0 871.6073314694004
67179.0 871.6073314694004
67247.0 1106.9731471535983
70040.0 1106.9731471535983
70132.0 1440.4106258442143
72353.0 1440.4106258442143
72427.0 937.78251392589
80685.0 937.78251392589
80870.0 856.7193433786598
89033.0 856.7193433786598
89306.0 1893.6
89926.0 1893.6
90034.0 1183.0009606147935
91075.0 1183.0009606147935
91176.0 721.4714923153198
93193.0 721.4714923153198
93361.0 690.4064636420137
96579.0 690.4064636420137
96693.0 531.3815527538155
102721.0 531.3815527538155
102900.0 614.5525773195876
104840.0 614.5525773195876
104968.0 656.227158232196
109335.0 656.227158232196
109481.0 668.7388535031847
111365.0 668.7388535031847
111473.0 672.3411214953271
113185.0 672.3411214953271
113437.0 671.572675911659
115384.0 671.572675911659
115474.0 834.7008338417735
125308.0 834.7008338417735
125613.0 705.1141684769491
129756.0 705.1141684769491
129876.0 593.1342554922701
139708.0 593.1342554922701
139870.0 758.4770642201835
141178.0 758.4770642201835
141259.0 745.9806076276665
142806.0 745.9806076276665
142967.0 748.5514660012476
144570.0 748.5514660012476
144666.0 433.92375366568916
147394.0 433.92375366568916
147619.0 473.23692307692306
154119.0 473.23692307692306
154282.0 643.4811932555123
158908.0 643.4811932555123
159117.0 463.0487067517635
162094.0 463.0487067517635
162302.0 465.0887573964497
165175.0 465.0887573964497
165305.0 505.5317804974339
167838.0 505.5317804974339
167992.0 556.1456016177957
169970.0 556.1456016177957
170101.0 552.401166180758
171816.0 552.401166180758
171991.0 499.17893710385175
176093.0 499.17893710385175
