11.0 4062.59217877095
369.0 4062.59217877095
410.0 4054.2019543973943
717.0 4054.2019543973943
810.0 4083.4160583941607
1084.0 4083.4160583941607
1111.0 4003.717277486911
1875.0 4003.717277486911
1916.0 3993.8403755868544
6389.0 3993.8403755868544
6511.0 4049.2700729927005
10347.0 4049.2700729927005
10410.0 4025.251865671642
14698.0 4025.251865671642
14813.0 4005.5478793178836
19387.0 4005.5478793178836
19508.0 4047.194683731233
23571.0 4047.194683731233
23612.0 3971.0773455377575
27982.0 3971.0773455377575
28110.0 4001.8817031070193
32455.0 4001.8817031070193
32511.0 4031.5474592521573
36683.0 4031.5474592521573
37000.0 4082.1487297921476
41330.0 4082.1487297921476
41410.0 3927.2940668824162
46045.0 3927.2940668824162
46112.0 3826.1845933699024
50305.0 3826.1845933699024
50411.0 4103.8760724499525
54607.0 4103.8760724499525
54709.0 3984.666521644551
59306.0 3984.666521644551
59415.0 4217.685714285714
61095.0 4217.685714285714
61209.0 4004.8981246832236
63182.0 4004.8981246832236
63310.0 4001.104493773687
65157.0 4001.104493773687
65208.0 4004.9590117911284
66989.0 4004.9590117911284
67108.0 4043.30582010582
68998.0 4043.30582010582
69108.0 4058.8092243186584
71016.0 4058.8092243186584
71111.0 4120.08062484253
75080.0 4120.08062484253
75110.0 3984.131177408335
79501.0 3984.131177408335
79609.0 4030.1143814309644
83788.0 4030.1143814309644
83910.0 4064.6243902439023
88625.0 4064.6243902439023
88710.0 4113.789830508475
92545.0 4113.789830508475
92608.0 4072.719294061531
96801.0 4072.719294061531
96906.0 4059.348182883939
101171.0 4059.348182883939
101209.0 4152.676000982559
105280.0 4152.676000982559
105501.0 4066.938698224852
109726.0 4066.938698224852
109810.0 3991.9362332042815
114201.0 3991.9362332042815
114312.0 4066.2565014447655
118811.0 4066.2565014447655
118911.0 4105.469424060485
123408.0 4105.469424060485
123512.0 4009.2529219261337
127790.0 4009.2529219261337
127911.0 4096.625233395572
131660.0 4096.625233395572
131709.0 3999.938533178114
136004.0 3999.938533178114
136109.0 3997.8829039812645
140379.0 3997.8829039812645
140410.0 4029.326449190331
144671.0 4029.326449190331
144903.0 4007.5856497980517
149112.0 4007.5856497980517
149211.0 4036.158891454965
153541.0 4036.158891454965
153611.0 3943.1879210220673
157916.0 3943.1879210220673
158011.0 3892.3078272308703
162572.0 3892.3078272308703
162612.0 4068.8367640019146
166790.0 4068.8367640019146
166910.0 4090.133818843878
171304.0 4090.133818843878
171413.0 4011.536691383278
175324.0 4011.536691383278
175411.0 4043.174484052533
179675.0 4043.174484052533
179710.0 4003.2335078534034
182575.0 4003.2335078534034
