15.0 2469.283531409168
604.0 2469.283531409168
716.0 2509.3548387096776
1212.0 2509.3548387096776
1319.0 2453.230769230769
2463.0 2453.230769230769
2515.0 1759.976985040276
4253.0 1759.976985040276
4322.0 1885.7319587628865
6068.0 1885.7319587628865
6142.0 1482.41128845709
10465.0 1482.41128845709
10532.0 1770.3128054740957
14624.0 1770.3128054740957
14729.0 1622.4700707592274
19958.0 1622.4700707592274
20024.0 1749.8497050525775
23923.0 1749.8497050525775
24027.0 1745.7268385864375
28215.0 1745.7268385864375
28321.0 1750.9436422915696
32615.0 1750.9436422915696
32731.0 1693.8435264251095
37064.0 1693.8435264251095
37125.0 1809.1253881060425
41312.0 1809.1253881060425
41602.0 4084.5477832512315
43632.0 4084.5477832512315
43709.0 4090.2601120099566
45316.0 4090.2601120099566
45411.0 4752.483912483913
46965.0 4752.483912483913
47008.0 4833.495
48608.0 4833.495
48708.0 4843.275461380725
50171.0 4843.275461380725
50210.0 3697.358584807492
55015.0 3697.358584807492
55114.0 3841.013357079252
59606.0 3841.013357079252
59710.0 2186.251875669882
67174.0 2186.251875669882
67223.0 2438.6207282913165
74363.0 2438.6207282913165
74410.0 4310.46519524618
78533.0 4310.46519524618
78610.0 4250.740837015856
82457.0 4250.740837015856
82511.0 4317.453109575518
86563.0 4317.453109575518
86610.0 3893.1687471104947
90936.0 3893.1687471104947
91202.0 4379.502742230347
95578.0 4379.502742230347
95609.0 3815.3286577992744
99744.0 3815.3286577992744
99811.0 2945.3107968264917
105609.0 2945.3107968264917
105720.0 2814.9072956664836
107543.0 2814.9072956664836
107621.0 2779.4081145584723
110135.0 2779.4081145584723
110213.0 2683.874868189807
113058.0 2683.874868189807
113118.0 2827.8625715773037
116960.0 2827.8625715773037
117013.0 2980.4361281036345
119792.0 2980.4361281036345
119914.0 3022.256259204713
122630.0 3022.256259204713
122710.0 3188.9932432432433
125078.0 3188.9932432432433
125110.0 3188.4614543466373
126939.0 3188.4614543466373
127017.0 2987.561534628799
131031.0 2987.561534628799
131114.0 2818.3853392768697
137171.0 2818.3853392768697
137218.0 2961.6974297050197
143015.0 2961.6974297050197
143116.0 2865.28418549346
149003.0 2865.28418549346
149115.0 2586.7634069400633
152285.0 2586.7634069400633
152315.0 2669.4427710843374
154971.0 2669.4427710843374
155017.0 2671.160781624957
157934.0 2671.160781624957
158013.0 2086.470492249116
161690.0 2086.470492249116
161821.0 2867.3401459854013
164561.0 2867.3401459854013
164617.0 3230.841030627127
166674.0 3230.841030627127
166710.0 3426.5991902834007
168686.0 3426.5991902834007
168712.0 3588.630788485607
171908.0 3588.630788485607
