13.0 3382.344186046512
443.0 3382.344186046512
517.0 3391.389645776567
884.0 3391.389645776567
1013.0 3390.4727272727273
1343.0 3390.4727272727273
1414.0 3397.4207650273224
1780.0 3397.4207650273224
1819.0 3332.2156289176764
4212.0 3332.2156289176764
4315.0 3332.5345813832555
6238.0 3332.5345813832555
6312.0 3426.736045411542
8426.0 3426.736045411542
8511.0 2600.826486817903
11773.0 2600.826486817903
11815.0 2183.951344430218
14939.0 2183.951344430218
15018.0 1899.9750519750519
18866.0 1899.9750519750519
18931.0 1901.0245259165613
22886.0 1901.0245259165613
23022.0 1519.5494824016564
27852.0 1519.5494824016564
28129.0 1563.42786377709
32974.0 1563.42786377709
33026.0 1557.4064613072878
38350.0 1557.4064613072878
38430.0 1384.674109964188
43177.0 1384.674109964188
43220.0 1791.6933527413876
47342.0 1791.6933527413876
47428.0 1395.9552346570397
52968.0 1395.9552346570397
53033.0 1279.7023659021131
58570.0 1279.7023659021131
58623.0 1562.8291139240507
63679.0 1562.8291139240507
63722.0 683.5667375820923
74533.0 683.5667375820923
74630.0 1576.71
75430.0 1576.71
75523.0 1578.12
76323.0 1578.12
76424.0 1294.5863770977296
77437.0 1294.5863770977296
77546.0 1238.3610986042324
79767.0 1238.3610986042324
79819.0 2030.4823695345558
81237.0 2030.4823695345558
81319.0 1813.2299224418314
85316.0 1813.2299224418314
85424.0 1458.8062330623306
91328.0 1458.8062330623306
91430.0 1442.8106565176022
95634.0 1442.8106565176022
95730.0 900.9474415373929
104368.0 900.9474415373929
104471.0 1088.770990237099
111641.0 1088.770990237099
111734.0 703.0316933293088
121673.0 703.0316933293088
121752.0 993.615141955836
123020.0 993.615141955836
123142.0 1002.6550522648083
124290.0 1002.6550522648083
124447.0 1002.7239263803681
125751.0 1002.7239263803681
125841.0 1080.289156626506
127169.0 1080.289156626506
127248.0 1071.6390315480558
129974.0 1071.6390315480558
130036.0 1125.060008760403
132319.0 1125.060008760403
132435.0 1598.9607517965726
134244.0 1598.9607517965726
134322.0 849.4180883383968
142880.0 849.4180883383968
143061.0 1038.3006973500696
150231.0 1038.3006973500696
150332.0 773.3989927252378
153906.0 773.3989927252378
154077.0 707.1851447296559
155908.0 707.1851447296559
156062.0 601.2836438923396
157994.0 601.2836438923396
158195.0 535.5462315462315
160769.0 535.5462315462315
160903.0 540.9716599190283
163373.0 540.9716599190283
163484.0 730.7891440501044
167795.0 730.7891440501044
167957.0 819.4381188118812
171189.0 819.4381188118812
171378.0 721.3171849427168
177488.0 721.3171849427168
177686.0 780.1335287412473
183827.0 780.1335287412473
