15.0 2286.805031446541
651.0 2286.805031446541
720.0 2322.089552238806
1256.0 2322.089552238806
1319.0 2297.4455852156057
1806.0 2297.4455852156057
1922.0 2272.5408618127785
3268.0 2272.5408618127785
3315.0 2625.5885167464116
4569.0 2625.5885167464116
4621.0 2228.255910987483
7497.0 2228.255910987483
7614.0 2478.316797810469
10537.0 2478.316797810469
10616.0 2713.110329389191
13743.0 2713.110329389191
13812.0 2699.9066086268303
16339.0 2699.9066086268303
16413.0 2369.887844408428
19498.0 2369.887844408428
19618.0 2021.6595859101908
23337.0 2021.6595859101908
23423.0 1969.7863660762212
27149.0 1969.7863660762212
27217.0 2118.8274125874127
30792.0 2118.8274125874127
31107.0 1953.7304429783223
35351.0 1953.7304429783223
35417.0 2394.553005464481
38162.0 2394.553005464481
38214.0 2707.2434017595306
40942.0 2707.2434017595306
41011.0 3107.1080755323424
43500.0 3107.1080755323424
43607.0 4807.131614654003
45081.0 4807.131614654003
45109.0 4751.486493714897
48848.0 4751.486493714897
48908.0 4826.246713286713
52483.0 4826.246713286713
52607.0 4906.248947684907
55933.0 4906.248947684907
56008.0 4939.504113475177
59533.0 4939.504113475177
59607.0 4684.250922509225
63401.0 4684.250922509225
63508.0 4182.2506393861895
67418.0 4182.2506393861895
67510.0 3082.15644820296
73186.0 3082.15644820296
73310.0 4078.916929038508
77439.0 4078.916929038508
77699.0 4322.215606675688
82133.0 4322.215606675688
82210.0 4202.553010122536
85964.0 4202.553010122536
86011.0 4573.356186395286
89745.0 4573.356186395286
89807.0 4241.332680058795
93889.0 4241.332680058795
94013.0 3517.591344153142
98819.0 3517.591344153142
98909.0 4813.113725490196
102479.0 4813.113725490196
102507.0 4824.8257638315445
106140.0 4824.8257638315445
106208.0 4687.186266974122
110111.0 4687.186266974122
110208.0 4205.534396355353
114598.0 4205.534396355353
114901.0 3827.624191028788
119382.0 3827.624191028788
119510.0 3879.3250820914373
123469.0 3879.3250820914373
123510.0 4067.1723484848485
127734.0 4067.1723484848485
127810.0 4322.85641934667
131759.0 4322.85641934667
131808.0 4512.210249671485
135613.0 4512.210249671485
135708.0 4562.598863943738
139405.0 4562.598863943738
139509.0 4256.348757915246
143615.0 4256.348757915246
143709.0 4193.533596837945
147757.0 4193.533596837945
147810.0 4413.927399303829
151832.0 4413.927399303829
152101.0 4753.8031319910515
155677.0 4753.8031319910515
155706.0 4898.350504224584
159375.0 4898.350504224584
159407.0 4834.859784283513
162652.0 4834.859784283513
162707.0 4907.513805863934
166220.0 4907.513805863934
166308.0 4816.994540109198
168689.0 4816.994540109198
