38.0 1132.7165109034268
1322.0 1132.7165109034268
1441.0 1145.0229990800367
2528.0 1145.0229990800367
2644.0 1140.5259938837921
3625.0 1140.5259938837921
3741.0 1141.8328741965106
4830.0 1141.8328741965106
4936.0 1135.013888888889
6088.0 1135.013888888889
6242.0 1150.6970387243737
7120.0 1150.6970387243737
7243.0 1139.7397769516729
8319.0 1139.7397769516729
8447.0 1119.5802761341222
13517.0 1119.5802761341222
13654.0 1120.6741130091984
19742.0 1120.6741130091984
19835.0 1152.989118435578
26176.0 1152.989118435578
26234.0 1178.0871200250706
32616.0 1178.0871200250706
32738.0 1111.3603876438522
39342.0 1111.3603876438522
39445.0 1036.5090311986864
46753.0 1036.5090311986864
46841.0 1206.7181208053692
48033.0 1206.7181208053692
48134.0 1217.8347826086956
49054.0 1217.8347826086956
49134.0 1215.9384615384615
50044.0 1215.9384615384615
50145.0 1199.2721229746573
52552.0 1199.2721229746573
52663.0 1130.6191739295189
55302.0 1130.6191739295189
55440.0 1110.4521172638435
60045.0 1110.4521172638435
60141.0 1175.2608142493639
66429.0 1175.2608142493639
66538.0 831.5262298904173
75116.0 831.5262298904173
75426.0 762.3768115942029
77082.0 762.3768115942029
77162.0 894.5538881309686
78628.0 894.5538881309686
78739.0 1211.4763476347634
79648.0 1211.4763476347634
79739.0 1180.1885986528669
85826.0 1180.1885986528669
85935.0 1168.3830404642915
92138.0 1168.3830404642915
92236.0 1188.7911663216012
99481.0 1188.7911663216012
99720.0 1191.8993908429948
104809.0 1191.8993908429948
104936.0 1183.632547528517
111511.0 1183.632547528517
111640.0 1201.8467741935483
112632.0 1201.8467741935483
112914.0 1198.256898192198
113965.0 1198.256898192198
114036.0 1196.4900284900284
115089.0 1196.4900284900284
115238.0 1201.7351746547522
117700.0 1201.7351746547522
117839.0 1219.7313432835822
118911.0 1219.7313432835822
119041.0 1199.067264573991
121717.0 1199.067264573991
121839.0 1166.8009888751544
128311.0 1166.8009888751544
128617.0 1209.6444721012238
133438.0 1209.6444721012238
133535.0 1114.5459403295235
140272.0 1114.5459403295235
140350.0 1098.9145880574451
146965.0 1098.9145880574451
147044.0 1171.458064516129
153399.0 1171.458064516129
153539.0 1206.670744138634
154520.0 1206.670744138634
154642.0 1196.724584103512
155724.0 1196.724584103512
155836.0 1210.0833333333333
156796.0 1210.0833333333333
156938.0 1171.0915163660654
159932.0 1171.0915163660654
160044.0 1167.05521023766
162779.0 1167.05521023766
163026.0 1167.9072394826817
169753.0 1167.9072394826817
169843.0 1169.0131926121371
175528.0 1169.0131926121371
175638.0 1172.460606060606
181413.0 1172.460606060606
181543.0 1193.8200847246449
185556.0 1193.8200847246449
