8.0 6351.126637554585
237.0 6351.126637554585
308.0 6382.7692307692305
503.0 6382.7692307692305
609.0 6250.547884187083
1058.0 6250.547884187083
1109.0 6254.997468354431
1899.0 6254.997468354431
2008.0 6234.551993745114
3287.0 6234.551993745114
3408.0 5286.929884275017
6346.0 5286.929884275017
6408.0 5055.735207967194
9822.0 5055.735207967194
9909.0 7142.836647173489
12474.0 7142.836647173489
12506.0 7103.132613390929
14821.0 7103.132613390929
14907.0 5689.707540983606
17957.0 5689.707540983606
18007.0 5059.114343904568
21444.0 5059.114343904568
21509.0 4062.7091787439613
25649.0 4062.7091787439613
25710.0 4527.588114754099
29614.0 4527.588114754099
29899.0 5428.87205487623
33252.0 5428.87205487623
33307.0 5171.886524822695
36409.0 5171.886524822695
36510.0 4533.929436545551
40308.0 4533.929436545551
40411.0 3635.869789599047
45449.0 3635.869789599047
45511.0 3419.6961394769614
50329.0 3419.6961394769614
50416.0 2988.3613120269133
56361.0 2988.3613120269133
56415.0 3226.824761548532
61762.0 3226.824761548532
61813.0 4236.288681204569
65665.0 4236.288681204569
65708.0 3847.0508174988954
70234.0 3847.0508174988954
70501.0 3700.9679300291546
75303.0 3700.9679300291546
75412.0 3479.276595744681
80112.0 3479.276595744681
80213.0 3422.2065727699533
85325.0 3422.2065727699533
85414.0 3290.0660285211957
90533.0 3290.0660285211957
90614.0 3226.924398046809
96553.0 3226.924398046809
96615.0 3192.9536531066587
101556.0 3192.9536531066587
101615.0 3601.288292457196
103776.0 3601.288292457196
103811.0 3634.3054003724396
105959.0 3634.3054003724396
106012.0 3633.609984399376
107935.0 3633.609984399376
108013.0 3706.6135922330095
110073.0 3706.6135922330095
110109.0 4568.061935483871
111659.0 4568.061935483871
111709.0 4880.749558043606
113406.0 4880.749558043606
113512.0 4871.31820580475
117302.0 4871.31820580475
117412.0 4210.010800196367
121486.0 4210.010800196367
121613.0 3879.3250820914373
125572.0 3879.3250820914373
125610.0 4005.534157146188
129899.0 4005.534157146188
130012.0 4353.726090283091
133933.0 4353.726090283091
134011.0 4405.6864254554785
137908.0 4405.6864254554785
138007.0 5812.518263266713
140909.0 5812.518263266713
141009.0 5817.765645805593
144013.0 5817.765645805593
144300.0 5947.941135248773
147154.0 5947.941135248773
147207.0 6083.8985606579845
150125.0 6083.8985606579845
150209.0 6090.863489788606
153000.0 6090.863489788606
153109.0 4525.82422563586
157080.0 4525.82422563586
157213.0 3876.728440820361
161260.0 3876.728440820361
161318.0 3880.282691874859
165761.0 3880.282691874859
165812.0 4988.805567638104
168111.0 4988.805567638104
