18.0 2403.980165289256
623.0 2403.980165289256
724.0 2421.47859922179
1238.0 2421.47859922179
1324.0 2367.0507772020724
3254.0 2367.0507772020724
3319.0 2609.649772806711
6180.0 2609.649772806711
6213.0 3037.711238095238
8838.0 3037.711238095238
8916.0 2670.193333333333
11316.0 2670.193333333333
11417.0 3653.1114473020675
13400.0 3653.1114473020675
13512.0 4034.187351402758
15615.0 4034.187351402758
15710.0 3305.5542635658917
17774.0 3305.5542635658917
17812.0 5321.036390101893
19186.0 5321.036390101893
19309.0 7418.163822525597
21653.0 7418.163822525597
21705.0 4027.6858237547895
25881.0 4027.6858237547895
26014.0 2868.501135994807
32176.0 2868.501135994807
32316.0 3678.8617623282134
37264.0 3678.8617623282134
37310.0 3853.75738650012
41473.0 3853.75738650012
41512.0 3767.19842485233
46083.0 3767.19842485233
46207.0 5266.679700977574
49685.0 5266.679700977574
49809.0 5292.67459042724
52922.0 5292.67459042724
53199.0 4902.264900662251
56823.0 4902.264900662251
56910.0 4202.1022893326835
61016.0 4202.1022893326835
61112.0 4806.534315169367
64507.0 4806.534315169367
64608.0 6315.470438882844
67365.0 6315.470438882844
67408.0 5935.887775551102
70402.0 5935.887775551102
70511.0 5002.324869990823
73780.0 5002.324869990823
73910.0 4445.824650571792
77845.0 4445.824650571792
77914.0 3332.379897111199
82968.0 3332.379897111199
83014.0 3368.137785588752
88704.0 3368.137785588752
89001.0 4572.864927536232
92451.0 4572.864927536232
92512.0 3754.8179419525068
97060.0 3754.8179419525068
97112.0 3563.83696994648
101970.0 3563.83696994648
102012.0 4051.172777378385
106185.0 4051.172777378385
106310.0 4154.452611218569
110446.0 4154.452611218569
110510.0 4666.82428115016
114266.0 4666.82428115016
114309.0 4545.1150310559005
118334.0 4545.1150310559005
118413.0 4389.514027579648
122619.0 4389.514027579648
122714.0 4408.014392187099
126605.0 4408.014392187099
126901.0 4423.458525345623
130373.0 4423.458525345623
130509.0 4288.501248127808
134515.0 4288.501248127808
134612.0 3841.350135013501
139056.0 3841.350135013501
139113.0 3846.093189964158
143577.0 3846.093189964158
143610.0 5339.64165875277
146769.0 5339.64165875277
146814.0 5336.356641221374
150089.0 5336.356641221374
150212.0 5602.450165016502
153242.0 5602.450165016502
153310.0 5641.187162376867
156457.0 5641.187162376867
156510.0 4223.503105590062
160535.0 4223.503105590062
160801.0 3993.7884444444444
165301.0 3993.7884444444444
165413.0 3870.034533793784
169467.0 3870.034533793784
169513.0 3815.868968570164
174031.0 3815.868968570164
174114.0 3724.9964274114973
177193.0 3724.9964274114973
