24.0 2057.1541725601132
731.0 2057.1541725601132
818.0 2077.8631051752923
1417.0 2077.8631051752923
1517.0 2071.9555555555557
2057.0 2071.9555555555557
2133.0 2027.064280980782
3642.0 2027.064280980782
3717.0 2033.6553428042
5336.0 2033.6553428042
5418.0 2029.0700636942674
6674.0 2029.0700636942674
6720.0 1685.2664277180406
8394.0 1685.2664277180406
8539.0 952.1768799102132
17449.0 952.1768799102132
17542.0 1388.131027466938
22457.0 1388.131027466938
22516.0 3349.108566193312
24699.0 3349.108566193312
24811.0 2452.2348336594914
27877.0 2452.2348336594914
27913.0 3386.9053991693586
30080.0 3386.9053991693586
30112.0 2295.3963636363637
33412.0 2295.3963636363637
33520.0 1660.3187825390469
38514.0 1660.3187825390469
38628.0 1759.8522088353413
42363.0 1759.8522088353413
42605.0 1544.4081974069427
47387.0 1544.4081974069427
47540.0 574.6037595660896
60999.0 574.6037595660896
61214.0 470.49121436938697
63775.0 470.49121436938697
63903.0 464.561797752809
66751.0 464.561797752809
66906.0 463.2338676531032
69339.0 463.2338676531032
69548.0 452.75233309404166
72334.0 452.75233309404166
72523.0 452.994617868676
75310.0 452.994617868676
75525.0 383.0070093457944
78949.0 383.0070093457944
79194.0 296.18934911242604
82912.0 296.18934911242604
83156.0 293.2880339745191
87159.0 293.2880339745191
87485.0 491.030303030303
89993.0 491.030303030303
90132.0 1307.4645103324349
91245.0 1307.4645103324349
91339.0 1319.347181008902
92013.0 1319.347181008902
92134.0 1577.1383554899064
94165.0 1577.1383554899064
94237.0 2215.706390328152
96553.0 2215.706390328152
96618.0 2880.2275350370983
99044.0 2880.2275350370983
99116.0 3164.369664318276
101529.0 3164.369664318276
101626.0 1302.7591536338546
107061.0 1302.7591536338546
107108.0 629.1880887268308
120272.0 629.1880887268308
120394.0 622.6540241219752
133577.0 622.6540241219752
133628.0 1605.159347553325
134425.0 1605.159347553325
134531.0 2269.137931034483
134995.0 2269.137931034483
135123.0 2247.4902874902873
136410.0 2247.4902874902873
136516.0 2262.0448430493275
137854.0 2262.0448430493275
137916.0 2274.7016011644832
139290.0 2274.7016011644832
139418.0 2186.8101265822784
140682.0 2186.8101265822784
140726.0 1930.3295668549906
144974.0 1930.3295668549906
145025.0 2445.684718868575
147924.0 2445.684718868575
148013.0 3775.0852713178297
150077.0 3775.0852713178297
150117.0 3279.2438271604938
155301.0 3279.2438271604938
155415.0 4105.081772498858
159793.0 4105.081772498858
159907.0 1356.9555440235254
171469.0 1356.9555440235254
171639.0 442.9227448158566
186926.0 442.9227448158566
187029.0 1957.583173996176
188075.0 1957.583173996176
