53.0 845.586046511628
1773.0 845.586046511628
1845.0 847.2702518720217
3314.0 847.2702518720217
3443.0 848.2608036391206
4762.0 848.2608036391206
4848.0 846.4642614023145
6317.0 846.4642614023145
6446.0 840.8591639871382
8001.0 840.8591639871382
8144.0 849.7157275021026
9333.0 849.7157275021026
9448.0 847.519004837595
10895.0 847.519004837595
11047.0 843.9271844660194
12695.0 843.9271844660194
12868.0 836.2132614290967
21027.0 836.2132614290967
21126.0 1145.0436961628818
27511.0 1145.0436961628818
27623.0 1032.7681318681318
34903.0 1032.7681318681318
35049.0 1098.22295376328
41732.0 1098.22295376328
41834.0 1352.6512035010942
44119.0 1352.6512035010942
44222.0 1478.322713257965
45195.0 1478.322713257965
45318.0 1667.2738095238096
45990.0 1667.2738095238096
46122.0 1784.2338611449452
47764.0 1784.2338611449452
47820.0 1718.1405706332637
50694.0 1718.1405706332637
50826.0 413.86087261258103
67947.0 413.86087261258103
68018.0 1501.784335981839
68899.0 1501.784335981839
69019.0 1502.7306666666666
69769.0 1502.7306666666666
69818.0 923.1049566455287
77545.0 923.1049566455287
77831.0 673.3312
79706.0 673.3312
79868.0 728.5644444444445
81668.0 728.5644444444445
81758.0 828.6170052671181
83087.0 828.6170052671181
83251.0 884.0602409638554
84579.0 884.0602409638554
84744.0 1014.2237061769616
87739.0 1014.2237061769616
87826.0 1043.5952986792681
96079.0 1043.5952986792681
96217.0 1222.4054816606208
101179.0 1222.4054816606208
101347.0 471.8312113495817
117841.0 471.8312113495817
118013.0 590.5061911837544
120032.0 590.5061911837544
120340.0 587.1179487179487
122485.0 587.1179487179487
122671.0 587.09412861137
124817.0 587.09412861137
124982.0 935.8113821138211
126212.0 935.8113821138211
126341.0 942.7195385724585
127728.0 942.7195385724585
127843.0 974.6974483596598
131135.0 974.6974483596598
131244.0 930.4087272727272
132619.0 930.4087272727272
132750.0 1184.738007380074
134918.0 1184.738007380074
135022.0 1076.36123853211
141998.0 1076.36123853211
142136.0 1352.4316279069767
147511.0 1352.4316279069767
147621.0 380.27358635133066
167198.0 380.27358635133066
167451.0 333.6369785794814
170999.0 333.6369785794814
171236.0 330.82677567705673
175150.0 330.82677567705673
175341.0 382.88727752142387
178375.0 382.88727752142387
178534.0 377.4633077765608
182186.0 377.4633077765608
182441.0 365.3814602132896
186098.0 365.3814602132896
186331.0 358.586390366844
189902.0 358.586390366844
190166.0 358.791911285062
193232.0 358.791911285062
193428.0 370.3549648162627
195986.0 370.3549648162627
196364.0 369.7653355290243
198793.0 369.7653355290243
