12.0 3738.8380462724936
401.0 3738.8380462724936
514.0 3748.9156626506024
846.0 3748.9156626506024
911.0 3754.55033557047
1209.0 3754.55033557047
1316.0 3694.2512077294687
2144.0 3694.2512077294687
2216.0 3679.737886479003
4383.0 3679.737886479003
4414.0 3676.4564564564566
7078.0 3676.4564564564566
7114.0 3963.3249138920783
11469.0 3963.3249138920783
11513.0 3759.0020517029134
16387.0 3759.0020517029134
16510.0 4413.245303274289
20236.0 4413.245303274289
20310.0 5572.7707129094415
23424.0 5572.7707129094415
23509.0 4583.072219293622
27303.0 4583.072219293622
27412.0 4360.802696396163
31269.0 4360.802696396163
31309.0 4086.867976878613
35634.0 4086.867976878613
35712.0 3736.249589490969
40584.0 3736.249589490969
40901.0 5060.943848580441
44071.0 5060.943848580441
44108.0 5623.730894839974
47170.0 5623.730894839974
47211.0 4844.62099973552
50992.0 4844.62099973552
51110.0 5078.944512946979
54354.0 5078.944512946979
54409.0 5576.210922787194
57595.0 5576.210922787194
57708.0 5403.642968994676
60901.0 5403.642968994676
61010.0 5070.908638906153
64228.0 5070.908638906153
64311.0 5076.312536443149
67741.0 5076.312536443149
67807.0 5073.379389095061
71310.0 5073.379389095061
71601.0 5073.720136518771
74824.0 5073.720136518771
74908.0 5005.527896995708
78403.0 5005.527896995708
78510.0 3022.04342364974
84083.0 3022.04342364974
84222.0 3342.875283446712
89955.0 3342.875283446712
90012.0 4337.746494363487
93649.0 4337.746494363487
93710.0 5032.983200707338
97103.0 5032.983200707338
97212.0 5533.1160115052735
100341.0 5533.1160115052735
100408.0 5663.498827470687
103393.0 5663.498827470687
103509.0 4185.826065773447
107614.0 4185.826065773447
107902.0 3439.0017657445555
112999.0 3439.0017657445555
113112.0 4080.7691278161947
117595.0 4080.7691278161947
117710.0 3099.2607016954844
123667.0 3099.2607016954844
123717.0 3477.6123276561234
128649.0 3477.6123276561234
128711.0 2163.7430262045646
135809.0 2163.7430262045646
135920.0 3351.613191727222
139498.0 3351.613191727222
139615.0 5002.973158981417
141068.0 5002.973158981417
141108.0 5148.420470262794
142554.0 5148.420470262794
142608.0 5633.910487641951
145602.0 5633.910487641951
145900.0 5580.002554278416
149032.0 5580.002554278416
149110.0 5596.908671282558
152143.0 5596.908671282558
152209.0 5484.342292245907
155446.0 5484.342292245907
155508.0 5698.826684545759
158491.0 5698.826684545759
158607.0 5600.513555624805
161816.0 5600.513555624805
161908.0 5298.588314758527
164869.0 5298.588314758527
164911.0 5160.1604310086805
168252.0 5160.1604310086805
168306.0 5658.245683275777
170333.0 5658.245683275777
