13.0 3351.1705069124423
447.0 3351.1705069124423
515.0 3354.8247978436657
886.0 3354.8247978436657
915.0 3370.0481927710844
1247.0 3370.0481927710844
1319.0 3306.854054054054
2244.0 3306.854054054054
2312.0 3193.428914697637
4809.0 3193.428914697637
4912.0 2020.959949542731
8083.0 2020.959949542731
8117.0 2451.4788494077834
11072.0 2451.4788494077834
11105.0 4820.395454545454
12865.0 4820.395454545454
12907.0 3605.5125376128385
15898.0 3605.5125376128385
16020.0 3711.207869974337
20696.0 3711.207869974337
20809.0 2858.017094017094
26893.0 2858.017094017094
27008.0 3617.899763389976
31657.0 3617.899763389976
31711.0 3620.5866448176976
36593.0 3620.5866448176976
36713.0 4295.18829636621
40951.0 4295.18829636621
41009.0 4488.8617795187465
44583.0 4488.8617795187465
44709.0 4489.015641293014
48545.0 4489.015641293014
48609.0 3338.3473665026427
54096.0 3338.3473665026427
54404.0 3331.1961180752123
59350.0 3331.1961180752123
59413.0 3865.4934725848566
64009.0 3865.4934725848566
64107.0 4380.2569179994925
68046.0 4380.2569179994925
68109.0 4378.369734370807
71836.0 4378.369734370807
71907.0 4408.038481012658
75857.0 4408.038481012658
75911.0 4414.3189269746645
79937.0 4414.3189269746645
80010.0 4412.466270912035
83716.0 4412.466270912035
83810.0 4008.7809349220897
88174.0 4008.7809349220897
88212.0 4010.91879018814
92411.0 4010.91879018814
92700.0 3740.914308022643
97823.0 3740.914308022643
97907.0 3580.6591012256013
102313.0 3580.6591012256013
102413.0 3584.7001381851683
104584.0 3584.7001381851683
104612.0 3580.957798165138
106792.0 3580.957798165138
106913.0 4310.568784700802
108534.0 4310.568784700802
108607.0 4945.352331606217
110151.0 4945.352331606217
110207.0 4940.41488162345
113755.0 4940.41488162345
113809.0 4734.494824016563
117673.0 4734.494824016563
117710.0 4131.191765495637
122179.0 4131.191765495637
122401.0 4129.926318324103
126554.0 4129.926318324103
126613.0 3492.098226466576
131011.0 3492.098226466576
131117.0 2928.6968973747016
136983.0 2928.6968973747016
137014.0 2930.1338825952625
142840.0 2930.1338825952625
142914.0 3671.7194183062447
147590.0 3671.7194183062447
147712.0 3815.4100882153357
152133.0 3815.4100882153357
152213.0 4320.535970333745
156258.0 4320.535970333745
156308.0 4609.129513983165
159991.0 4609.129513983165
160111.0 3861.8264085273004
164708.0 3861.8264085273004
165004.0 3107.2198866751964
170475.0 3107.2198866751964
170521.0 2829.1364782139
173298.0 2829.1364782139
173415.0 3341.2971342383107
175404.0 3341.2971342383107
175515.0 3424.865958523015
177492.0 3424.865958523015
177613.0 3429.3486041517535
179010.0 3429.3486041517535
