13.0 3161.75652173913
473.0 3161.75652173913
515.0 3183.2225063938617
906.0 3183.2225063938617
1021.0 3111.4146341463415
1923.0 3111.4146341463415
2015.0 3114.908350305499
2997.0 3114.908350305499
3116.0 3107.0743604997024
4797.0 3107.0743604997024
4915.0 3103.372397094431
6980.0 3103.372397094431
7016.0 3097.101325352715
9355.0 3097.101325352715
9411.0 3103.1075347476226
12145.0 3103.1075347476226
12211.0 3113.9497946143315
14402.0 3113.9497946143315
14511.0 3104.5027600849257
16866.0 3104.5027600849257
16914.0 3108.3618162316766
22508.0 3108.3618162316766
22617.0 3090.1370567701633
28060.0 3090.1370567701633
28113.0 3035.4978533402027
33936.0 3035.4978533402027
34019.0 3080.0351945854486
39929.0 3080.0351945854486
40011.0 3084.6360315323977
45212.0 3084.6360315323977
45318.0 3107.008834665545
47695.0 3107.008834665545
47817.0 3123.421647819063
50293.0 3123.421647819063
50413.0 3115.9683377308706
52687.0 3115.9683377308706
52813.0 3165.730769230769
55309.0 3165.730769230769
55412.0 3171.6909871244634
57742.0 3171.6909871244634
57812.0 3164.521739130435
60066.0 3164.521739130435
60116.0 3176.319587628866
61668.0 3176.319587628866
61716.0 3176.459392945037
64154.0 3176.459392945037
64213.0 2951.7328519855596
69753.0 2951.7328519855596
69814.0 1995.0188162846391
78583.0 1995.0188162846391
78715.0 2198.100756982511
86377.0 2198.100756982511
86421.0 2191.5501272264632
90351.0 2191.5501272264632
90417.0 2384.2672955974845
92961.0 2384.2672955974845
93014.0 3093.1573926868045
95530.0 3093.1573926868045
95617.0 2749.731595632265
98456.0 2749.731595632265
98516.0 2552.020452885318
101254.0 2552.020452885318
101318.0 3057.919102923508
103815.0 3057.919102923508
103912.0 3102.7589833479406
106194.0 3102.7589833479406
106316.0 2987.962481962482
109088.0 2987.962481962482
109407.0 2405.7584994138333
112819.0 2405.7584994138333
112918.0 2521.3809682804676
115913.0 2521.3809682804676
116016.0 2749.5030645921734
118137.0 2749.5030645921734
118217.0 2831.202373104812
124285.0 2831.202373104812
124414.0 3180.72666294019
129781.0 3180.72666294019
129817.0 3146.8035190615838
135273.0 3146.8035190615838
135310.0 3125.426718547341
140707.0 3125.426718547341
140812.0 3098.132955149796
146453.0 3098.132955149796
146513.0 3097.705109489051
151993.0 3097.705109489051
152120.0 3117.811029153495
157814.0 3117.811029153495
157915.0 3131.258058574323
163344.0 3131.258058574323
163606.0 3074.772968349016
169451.0 3074.772968349016
169517.0 3092.061489948758
174591.0 3092.061489948758
174717.0 2966.2931865106675
180529.0 2966.2931865106675
180615.0 2641.470290188853
184957.0 2641.470290188853
