12.0 4155.451428571429
362.0 4155.451428571429
411.0 4162.675585284281
710.0 4162.675585284281
812.0 4103.06432748538
1496.0 4103.06432748538
1609.0 4100.321715817694
2355.0 4100.321715817694
2413.0 4089.2266666666665
4363.0 4089.2266666666665
4411.0 4084.4257488846397
5980.0 4084.4257488846397
6012.0 5002.979710144928
9462.0 5002.979710144928
9507.0 4926.425383167518
13226.0 4926.425383167518
13310.0 4663.571185479296
16836.0 4663.571185479296
16907.0 4571.551106427819
20703.0 4571.551106427819
20809.0 4325.416915422886
24829.0 4325.416915422886
24909.0 4479.258588548601
28664.0 4479.258588548601
28709.0 4442.247800955014
32688.0 4442.247800955014
32809.0 3644.245845845846
37804.0 3644.245845845846
38101.0 3885.490917897796
42230.0 3885.490917897796
42312.0 3594.9611691022965
47102.0 3594.9611691022965
47211.0 4550.934658385093
51236.0 4550.934658385093
51307.0 5032.405620036652
54581.0 5032.405620036652
54609.0 4159.636619058769
58880.0 4159.636619058769
58919.0 2894.4526086227143
64880.0 2894.4526086227143
64905.0 5520.359945872801
67861.0 5520.359945872801
67908.0 4491.037400051587
71785.0 4491.037400051587
71909.0 2632.896
78659.0 2632.896
78924.0 1844.8330324909748
87788.0 1844.8330324909748
87910.0 4481.477230193387
89513.0 4481.477230193387
89608.0 4910.216802168022
91084.0 4910.216802168022
91109.0 4683.410549211528
92948.0 4683.410549211528
93008.0 4574.340874811463
94334.0 4574.340874811463
94409.0 4482.940092165899
96145.0 4482.940092165899
96211.0 4126.101048617731
100407.0 4126.101048617731
100511.0 4686.871084003327
104118.0 4686.871084003327
104208.0 4585.752868961836
107955.0 4585.752868961836
108204.0 3981.05655235067
112607.0 3981.05655235067
112709.0 4270.328664799253
116993.0 4270.328664799253
117111.0 4323.722716627634
121381.0 4323.722716627634
121410.0 4686.225136612022
125070.0 4686.225136612022
125108.0 4610.701891323927
128439.0 4610.701891323927
128510.0 3943.9247015610654
132866.0 3943.9247015610654
132914.0 3878.8820722563055
137315.0 3878.8820722563055
137409.0 3936.02934433746
141771.0 3936.02934433746
141808.0 4990.51124260355
145188.0 4990.51124260355
145505.0 3995.557384545039
149879.0 3995.557384545039
149910.0 4482.551888038025
153697.0 4482.551888038025
153809.0 4242.010991636798
157994.0 4242.010991636798
158111.0 2626.2320407847983
164584.0 2626.2320407847983
164714.0 4183.437616387337
169010.0 4183.437616387337
169131.0 1621.2793221039578
178808.0 1621.2793221039578
178930.0 3091.7625570776254
181120.0 3091.7625570776254
181210.0 3965.8940397350993
182418.0 3965.8940397350993
