10.0 4691.63870967742
320.0 4691.63870967742
407.0 4714.545454545455
671.0 4714.545454545455
711.0 4638.836363636364
1316.0 4638.836363636364
1408.0 4634.606060606061
2068.0 4634.606060606061
2107.0 4643.847672778561
2816.0 4643.847672778561
2908.0 4617.048991354467
4296.0 4617.048991354467
4406.0 2534.5491923641703
11216.0 2534.5491923641703
11315.0 2705.060682120183
18088.0 2705.060682120183
18219.0 2742.4536357571715
24215.0 2742.4536357571715
24312.0 3759.4471403812827
28928.0 3759.4471403812827
29010.0 2655.494196701283
35558.0 2655.494196701283
35616.0 3316.5554780181437
37049.0 3316.5554780181437
37111.0 3102.022360248447
38721.0 3102.022360248447
39004.0 2747.392975480451
42022.0 2747.392975480451
42114.0 2241.830832196453
45046.0 2241.830832196453
45114.0 2820.993124522536
47732.0 2820.993124522536
47816.0 2797.971056439942
50580.0 2797.971056439942
50610.0 2858.2944735780557
53089.0 2858.2944735780557
53224.0 2539.095115681234
56336.0 2539.095115681234
56411.0 5308.936781609195
57803.0 5308.936781609195
57909.0 3528.256
62534.0 3528.256
62614.0 3204.2237762237764
68048.0 3204.2237762237764
68108.0 4982.351555929353
71675.0 4982.351555929353
71707.0 5247.946084724005
74823.0 5247.946084724005
74907.0 5275.729794933655
78223.0 5275.729794933655
78305.0 5232.012426219323
81524.0 5232.012426219323
81604.0 5226.262339787292
85271.0 5226.262339787292
85313.0 5222.238993710692
88334.0 5222.238993710692
88601.0 5277.166872682324
91837.0 5277.166872682324
91909.0 5194.455445544554
95242.0 5194.455445544554
95310.0 5179.394607843137
98574.0 5179.394607843137
98609.0 5163.1057692307695
101937.0 5163.1057692307695
102006.0 5221.504915102771
105363.0 5221.504915102771
105410.0 5261.45757837216
108887.0 5261.45757837216
109009.0 5230.112181303116
112539.0 5230.112181303116
112608.0 5163.029500301023
115930.0 5163.029500301023
116008.0 5116.005329780147
119010.0 5116.005329780147
119299.0 5143.633532934132
122639.0 5143.633532934132
122707.0 5298.2495344506515
125929.0 5298.2495344506515
126008.0 5258.486983154671
129273.0 5258.486983154671
129310.0 5249.899782135076
132523.0 5249.899782135076
132612.0 5199.811960725974
135973.0 5199.811960725974
136010.0 4755.020728291316
139580.0 4755.020728291316
139613.0 3551.2734546909383
144612.0 3551.2734546909383
144714.0 4630.781803323345
148385.0 4630.781803323345
148507.0 5061.123063925655
152058.0 5061.123063925655
152302.0 5157.50164365549
155344.0 5157.50164365549
155412.0 5049.823081429408
158826.0 5049.823081429408
158909.0 5159.3630229419705
161132.0 5159.3630229419705
