10.0 3738.8380462724936
399.0 3738.8380462724936
510.0 3760.2416918429003
841.0 3760.2416918429003
916.0 3697.623188405797
1675.0 3697.623188405797
1710.0 3689.794933655006
2539.0 3689.794933655006
2616.0 3903.0797846304454
4659.0 3903.0797846304454
4711.0 4066.284263959391
6287.0 4066.284263959391
6412.0 4249.207287050714
10474.0 4249.207287050714
10509.0 4176.2881240027355
14896.0 4176.2881240027355
15008.0 4297.896497647674
18834.0 4297.896497647674
18909.0 4208.975988357992
23032.0 4208.975988357992
23110.0 4295.498023715415
27158.0 4295.498023715415
27210.0 4276.535977625223
31143.0 4276.535977625223
31211.0 4156.055490242182
35464.0 4156.055490242182
35510.0 4287.0956194065
39756.0 4287.0956194065
40002.0 4226.3414120126445
43798.0 4226.3414120126445
43910.0 4175.524733268671
48034.0 4175.524733268671
48110.0 3740.5578925872983
53007.0 3740.5578925872983
53112.0 3642.7362370108335
57635.0 3642.7362370108335
57713.0 3627.8962630181745
62610.0 3627.8962630181745
62715.0 3857.3288620612566
67188.0 3857.3288620612566
67311.0 4225.319523562921
71173.0 4225.319523562921
71211.0 4259.234833659491
75299.0 4259.234833659491
75412.0 4233.455931395903
79610.0 4233.455931395903
79902.0 4284.149855907781
83719.0 4284.149855907781
83809.0 4319.585185185185
87859.0 4319.585185185185
87911.0 4317.315560112792
91812.0 4317.315560112792
91911.0 4160.812852800695
96517.0 4160.812852800695
96611.0 4238.684578183772
100333.0 4238.684578183772
100411.0 4317.803286978508
104366.0 4317.803286978508
104410.0 4323.956043956044
108414.0 4323.956043956044
108510.0 4251.897384305835
112486.0 4251.897384305835
112612.0 3914.0810933940775
117002.0 3914.0810933940775
117303.0 3443.054802592811
122394.0 3443.054802592811
122510.0 3845.719571158293
127267.0 3845.719571158293
127318.0 3763.4339741569493
130491.0 3763.4339741569493
130611.0 4068.7155172413795
132467.0 4068.7155172413795
132509.0 3653.9448621553884
134105.0 3653.9448621553884
134209.0 2705.8363963963966
136984.0 2705.8363963963966
137011.0 4056.5401785714284
138803.0 4056.5401785714284
138911.0 4052.594447468699
140748.0 4052.594447468699
140810.0 4075.363131191109
144949.0 4075.363131191109
145203.0 4148.247804414907
149416.0 4148.247804414907
149513.0 4105.302055622733
153648.0 4105.302055622733
153713.0 4327.84397854705
157815.0 4327.84397854705
157911.0 4319.004065040651
161847.0 4319.004065040651
161910.0 4320.203846153846
166070.0 4320.203846153846
166109.0 4328.033103448276
169734.0 4328.033103448276
169810.0 4331.682412060301
173790.0 4331.682412060301
173910.0 4336.205671077505
176555.0 4336.205671077505
