17.0 2693.348148148148
557.0 2693.348148148148
623.0 2705.7391304347825
1083.0 2705.7391304347825
1119.0 2657.6666666666665
2175.0 2657.6666666666665
2220.0 2657.5499565595132
3371.0 2657.5499565595132
3420.0 2657.375302663438
4659.0 2657.375302663438
4717.0 2648.125619834711
7137.0 2648.125619834711
7218.0 2453.970189701897
10170.0 2453.970189701897
10215.0 2745.597411003236
13305.0 2745.597411003236
13422.0 2582.3860711582133
16064.0 2582.3860711582133
16114.0 2652.7953555878084
18870.0 2652.7953555878084
18915.0 2609.702186740715
21796.0 2609.702186740715
21921.0 2702.2916053019144
24637.0 2702.2916053019144
24712.0 2793.070796460177
27424.0 2793.070796460177
27706.0 2729.3061224489797
30744.0 2729.3061224489797
30812.0 2445.3303571428573
33500.0 2445.3303571428573
33623.0 2471.9873672121735
40589.0 2471.9873672121735
40723.0 2537.7545026323082
47941.0 2537.7545026323082
48016.0 2670.7887826227916
54185.0 2670.7887826227916
54317.0 2619.552934237688
61099.0 2619.552934237688
61223.0 2716.926470588235
63943.0 2716.926470588235
64020.0 2474.1005896635447
66903.0 2474.1005896635447
67017.0 2446.957412744156
70140.0 2446.957412744156
70407.0 2643.0744027303754
73337.0 2643.0744027303754
73420.0 2639.0188679245284
76070.0 2639.0188679245284
76122.0 2649.8738472888235
78833.0 2649.8738472888235
78921.0 2663.5354649026094
81642.0 2663.5354649026094
81717.0 2601.266082754455
85028.0 2601.266082754455
85118.0 2792.622467771639
87290.0 2792.622467771639
87420.0 2788.385524901469
90211.0 2788.385524901469
90315.0 2575.5486638073244
93346.0 2575.5486638073244
93414.0 2691.6147919876735
96010.0 2691.6147919876735
96119.0 2552.4087938205585
102851.0 2552.4087938205585
102921.0 2543.3244341265236
109813.0 2543.3244341265236
109922.0 2708.2291635825313
116677.0 2708.2291635825313
116723.0 2610.9879790694386
123794.0 2610.9879790694386
123921.0 2640.330049261084
130417.0 2640.330049261084
130523.0 2642.3633892161306
132730.0 2642.3633892161306
132815.0 2649.5045871559632
135649.0 2649.5045871559632
135719.0 2735.912683477606
138376.0 2735.912683477606
138417.0 2568.88060731539
141315.0 2568.88060731539
141420.0 2443.551724137931
143276.0 2443.551724137931
143324.0 2581.876574307305
146500.0 2581.876574307305
146623.0 2625.9407407407407
149323.0 2625.9407407407407
149419.0 2449.473750392958
152600.0 2449.473750392958
152906.0 2407.2645120803263
156093.0 2407.2645120803263
156216.0 2590.3435542367292
159249.0 2590.3435542367292
159317.0 2749.623500206868
161734.0 2749.623500206868
161824.0 2492.9896907216494
164540.0 2492.9896907216494
164620.0 2475.8656330749354
166555.0 2475.8656330749354
