41.0 1029.305024769993
1454.0 1029.305024769993
1549.0 1037.2
2749.0 1037.2
2843.0 1033.1080332409972
3926.0 1033.1080332409972
4043.0 796.066581306018
5605.0 796.066581306018
5760.0 822.3496855345912
7350.0 822.3496855345912
7441.0 1095.7830802603037
8363.0 1095.7830802603037
8441.0 977.1792828685259
9696.0 977.1792828685259
9870.0 929.9458511454566
18993.0 929.9458511454566
19141.0 1017.3969579481062
25847.0 1017.3969579481062
25935.0 1164.5594138260592
32213.0 1164.5594138260592
32350.0 1224.8634590377112
34657.0 1224.8634590377112
34914.0 1321.8878306878307
35859.0 1321.8878306878307
35933.0 1160.620938628159
37041.0 1160.620938628159
37137.0 1122.8790007806401
38418.0 1122.8790007806401
38547.0 1130.1223805532272
40933.0 1130.1223805532272
41040.0 1159.8226444972288
43566.0 1159.8226444972288
43638.0 1482.9514860977947
48853.0 1482.9514860977947
48922.0 1853.927786499215
52744.0 1853.927786499215
52820.0 2160.695652173913
56477.0 2160.695652173913
56525.0 2116.8834144944144
60016.0 2116.8834144944144
60116.0 2129.203582089552
63466.0 2129.203582089552
63525.0 2133.4025683975433
67107.0 2133.4025683975433
67222.0 2490.8999678353166
70331.0 2490.8999678353166
70420.0 2338.1477766633234
73411.0 2338.1477766633234
73710.0 2309.163612986178
76821.0 2309.163612986178
76920.0 2343.9456662354464
80012.0 2343.9456662354464
80117.0 1569.3862973760934
85605.0 1569.3862973760934
85726.0 1676.0364741641338
89345.0 1676.0364741641338
89426.0 1762.714382785957
93841.0 1762.714382785957
93922.0 1864.9039655996178
98108.0 1864.9039655996178
98223.0 1731.2765113974233
102259.0 1731.2765113974233
102320.0 2111.0378766933923
105937.0 2111.0378766933923
106019.0 2082.4988235294118
109419.0 2082.4988235294118
109705.0 2160.8745108270286
113538.0 2160.8745108270286
113624.0 1906.2814677194613
117930.0 1906.2814677194613
118015.0 2467.822222222222
121075.0 2467.822222222222
121117.0 2005.3975240715267
124025.0 2005.3975240715267
124120.0 1998.5882352941176
127877.0 1998.5882352941176
127923.0 1459.9959831291424
132902.0 1459.9959831291424
133033.0 1318.798228520815
138678.0 1318.798228520815
138731.0 1305.1311288483466
143993.0 1305.1311288483466
144152.0 1102.4522721161602
151590.0 1102.4522721161602
151926.0 795.5610412926392
160838.0 795.5610412926392
160966.0 845.7371106045805
170179.0 845.7371106045805
170248.0 1114.4888268156424
173112.0 1114.4888268156424
173250.0 1077.8077317824154
176173.0 1077.8077317824154
176267.0 813.8979717271051
179521.0 813.8979717271051
179668.0 775.5728395061728
182908.0 775.5728395061728
183070.0 744.1259320629661
184277.0 744.1259320629661
