27.0 1793.351418002466
838.0 1793.351418002466
926.0 1809.0697674418604
1614.0 1809.0697674418604
1722.0 1813.3808752025932
2339.0 1813.3808752025932
2421.0 1807.3488372093022
3109.0 1807.3488372093022
3232.0 2060.3518737672584
5767.0 2060.3518737672584
5823.0 2144.0160588825693
8812.0 2144.0160588825693
8923.0 1712.5579196217493
13153.0 1712.5579196217493
13235.0 1313.9067678488461
19692.0 1313.9067678488461
19828.0 1468.8189451022604
24473.0 1468.8189451022604
24527.0 1677.6282698485543
28885.0 1677.6282698485543
29027.0 1678.2482142857143
33507.0 1678.2482142857143
33613.0 2528.220461591457
36516.0 2528.220461591457
36613.0 2533.380602006689
39603.0 2533.380602006689
39904.0 3043.9177679882528
42628.0 3043.9177679882528
42712.0 3758.174957118353
44461.0 3758.174957118353
44511.0 3160.1882755669662
46848.0 3160.1882755669662
46913.0 3191.7424680148574
49336.0 3191.7424680148574
49415.0 3257.7986206896553
51590.0 3257.7986206896553
51714.0 3227.8039215686276
54162.0 3227.8039215686276
54216.0 3255.5242290748897
56486.0 3255.5242290748897
56621.0 3250.6342629482074
61641.0 3250.6342629482074
61716.0 3260.6277153558053
67056.0 3260.6277153558053
67114.0 3548.023158315033
72123.0 3548.023158315033
72213.0 1651.110662358643
82117.0 1651.110662358643
82234.0 1883.5364446775038
86048.0 1883.5364446775038
86118.0 2002.0662983425414
89738.0 2002.0662983425414
89824.0 2337.891422366992
93508.0 2337.891422366992
93609.0 3893.1810012836972
95167.0 3893.1810012836972
95214.0 3126.7111289674567
97703.0 3126.7111289674567
97813.0 3817.353545232274
99858.0 3817.353545232274
99909.0 3183.3403189066057
102104.0 3183.3403189066057
102219.0 2606.0150170648462
105149.0 2606.0150170648462
105405.0 2874.7446203816485
107868.0 2874.7446203816485
107916.0 2870.929636048527
110801.0 2870.929636048527
110910.0 2016.322279538197
114981.0 2016.322279538197
115028.0 1468.5989887203423
120170.0 1468.5989887203423
120233.0 1468.5711407705867
124204.0 1468.5711407705867
124333.0 2228.761056693381
127702.0 2228.761056693381
127813.0 2635.721537345903
130571.0 2635.721537345903
130613.0 2635.262300884956
133438.0 2635.262300884956
133524.0 1932.9017731494512
137077.0 1932.9017731494512
137312.0 1814.5695950431511
141831.0 1814.5695950431511
141927.0 1441.0650406504064
146847.0 1441.0650406504064
146931.0 1407.7282746160795
152466.0 1407.7282746160795
152534.0 1570.1907490790013
157420.0 1570.1907490790013
157528.0 1912.4907497565725
161636.0 1912.4907497565725
161727.0 2255.8859470468433
164673.0 2255.8859470468433
164715.0 2988.0670785525153
166981.0 2988.0670785525153
167017.0 3347.8686233403214
168448.0 3347.8686233403214
