23.0 1962.7638326585695
764.0 1962.7638326585695
826.0 1994.6153846153845
1450.0 1994.6153846153845
1530.0 1948.9555555555555
2970.0 1948.9555555555555
3019.0 1944.5899554990465
4592.0 1944.5899554990465
4728.0 1943.8005210271679
7415.0 1943.8005210271679
7524.0 2294.473326172574
10317.0 2294.473326172574
10417.0 2639.985422740525
13161.0 2639.985422740525
13215.0 2784.3439448638005
16262.0 2784.3439448638005
16315.0 2835.6874480465503
18721.0 2835.6874480465503
18818.0 2925.6118447378954
21317.0 2925.6118447378954
21414.0 2664.2636428065202
24236.0 2664.2636428065202
24315.0 2504.922866894198
27245.0 2504.922866894198
27315.0 2646.683438155136
30177.0 2646.683438155136
30405.0 3584.7955036748813
32718.0 3584.7955036748813
32811.0 3135.2730115301933
37928.0 3135.2730115301933
38018.0 2381.065265486726
45250.0 2381.065265486726
45311.0 3678.9540068286806
50290.0 3678.9540068286806
50413.0 2006.8326431181486
58623.0 2006.8326431181486
58712.0 4113.307652264446
60633.0 4113.307652264446
60709.0 4103.298167684619
62510.0 4103.298167684619
62611.0 4108.774193548387
64347.0 4108.774193548387
64412.0 4259.670011148272
66206.0 4259.670011148272
66503.0 2231.8282054502074
74466.0 2231.8282054502074
74528.0 2182.383557987455
82021.0 2182.383557987455
82113.0 2699.664787673807
84774.0 2699.664787673807
84812.0 3364.661095636026
86966.0 3364.661095636026
87014.0 3898.955183340878
89223.0 3898.955183340878
89308.0 4341.858267716535
90705.0 4341.858267716535
90808.0 4039.960255500355
95035.0 4039.960255500355
95113.0 3117.7957860615884
100666.0 3117.7957860615884
100718.0 3305.737974188502
105832.0 3305.737974188502
106102.0 4414.906474820144
109994.0 4414.906474820144
110111.0 4417.487903225807
114079.0 4417.487903225807
114109.0 4417.7947355711185
118250.0 4417.7947355711185
118312.0 4416.817224880383
122492.0 4416.817224880383
122610.0 4550.698859113823
126379.0 4550.698859113823
126411.0 3805.3141724479683
130447.0 3805.3141724479683
130512.0 2673.4727668845317
136938.0 2673.4727668845317
137031.0 1729.2301458670988
146903.0 1729.2301458670988
147022.0 2496.5177733065057
150004.0 2496.5177733065057
150112.0 3273.403241182078
152210.0 3273.403241182078
152311.0 3269.5534290271135
154819.0 3269.5534290271135
154915.0 2229.770786516854
156250.0 2229.770786516854
156339.0 1328.6275104206138
158978.0 1328.6275104206138
159032.0 1323.663216011042
164828.0 1323.663216011042
164935.0 1324.2056295297489
170868.0 1324.2056295297489
170938.0 1972.059347181009
174308.0 1972.059347181009
174602.0 4138.728606356968
176238.0 4138.728606356968
176311.0 4144.2906574394465
177467.0 4144.2906574394465
