8.0 4215.675362318841
353.0 4215.675362318841
410.0 4247.918088737201
703.0 4247.918088737201
810.0 4182.55737704918
1481.0 4182.55737704918
1509.0 4173.0422919508865
2242.0 4173.0422919508865
2314.0 4155.285044293903
4233.0 4155.285044293903
4309.0 4269.463024650233
5810.0 4269.463024650233
5909.0 3724.483290488432
7854.0 3724.483290488432
7917.0 3509.8421455938696
13137.0 3509.8421455938696
13207.0 3878.243396226415
17447.0 3878.243396226415
17511.0 6042.342618384401
20383.0 6042.342618384401
20506.0 6729.170278637771
23090.0 6729.170278637771
23204.0 6663.873217115689
25728.0 6663.873217115689
25804.0 6326.3078024337865
28598.0 6326.3078024337865
28707.0 6327.079596802225
31584.0 6327.079596802225
31707.0 3277.465168539326
36602.0 3277.465168539326
36902.0 3277.476969927674
42156.0 3277.476969927674
42211.0 3346.2754841066862
47685.0 3346.2754841066862
47812.0 3467.9217006945905
52563.0 3467.9217006945905
52613.0 3465.8228638314476
57739.0 3465.8228638314476
57810.0 5008.369230769231
61255.0 5008.369230769231
61305.0 6902.78510998308
63669.0 6902.78510998308
63705.0 6909.425396825397
66225.0 6909.425396825397
66305.0 6673.694329703342
68968.0 6673.694329703342
69005.0 6633.914807302232
71470.0 6633.914807302232
71698.0 6812.429906542056
74266.0 6812.429906542056
74304.0 7097.281078803203
76677.0 7097.281078803203
76706.0 7098.038518518519
79406.0 7098.038518518519
79504.0 5421.437800687285
82414.0 5421.437800687285
82505.0 5280.430426716141
85739.0 5280.430426716141
85805.0 5401.909516380655
89010.0 5401.909516380655
89106.0 6647.874164372788
91649.0 6647.874164372788
91705.0 6639.41885625966
94293.0 6639.41885625966
94405.0 3712.1118170266836
99127.0 3712.1118170266836
99406.0 2570.11632481034
106524.0 2570.11632481034
106618.0 2568.1313117262484
113807.0 2568.1313117262484
113916.0 2593.6162104944806
120529.0 2593.6162104944806
120616.0 4042.7080810739667
124415.0 4042.7080810739667
124510.0 4086.521408182683
128714.0 4086.521408182683
128812.0 4756.4669824463635
132401.0 4756.4669824463635
132508.0 5188.564521003324
135817.0 5188.564521003324
135910.0 4812.532952924394
139415.0 4812.532952924394
139509.0 4811.830396475771
143141.0 4811.830396475771
143401.0 4520.752063914781
147156.0 4520.752063914781
147211.0 4033.8141331515567
151612.0 4033.8141331515567
151711.0 4034.076886568581
155925.0 4034.076886568581
156013.0 2235.607413857445
164052.0 2235.607413857445
164123.0 2053.2809841643766
171764.0 2053.2809841643766
171824.0 1283.987189990318
185251.0 1283.987189990318
185336.0 1350.662531716944
188883.0 1350.662531716944
