9.0 5615.474903474904
268.0 5615.474903474904
311.0 5549.426086956521
886.0 5549.426086956521
907.0 5557.417821782178
1412.0 5557.417821782178
1507.0 5551.433756805807
2058.0 5551.433756805807
2112.0 5528.13890192398
4243.0 5528.13890192398
4308.0 5194.983277591973
7298.0 5194.983277591973
7412.0 4721.083150984683
11068.0 4721.083150984683
11108.0 4741.556935817805
14972.0 4741.556935817805
15008.0 4649.067571388182
18545.0 4649.067571388182
18610.0 4594.54805401112
22387.0 4594.54805401112
22508.0 4547.117154811715
26332.0 4547.117154811715
26407.0 4533.589218328841
30117.0 4533.589218328841
30208.0 4533.394203641959
34107.0 4533.394203641959
34402.0 4595.558697298662
38363.0 4595.558697298662
38409.0 4628.733987305251
41875.0 4628.733987305251
41909.0 4635.225841184388
45624.0 4635.225841184388
45707.0 4653.839430894309
49643.0 4653.839430894309
49709.0 4597.125
53293.0 4597.125
53413.0 4634.961648839029
57246.0 4634.961648839029
57308.0 4687.267590328715
60989.0 4687.267590328715
61108.0 4662.338285714286
64608.0 4662.338285714286
64708.0 4629.553842063281
68469.0 4629.553842063281
68700.0 4606.54432348367
72558.0 4606.54432348367
72611.0 4616.770186335404
76153.0 4616.770186335404
76213.0 4635.484896661367
79987.0 4635.484896661367
80111.0 4570.379375848032
83796.0 4570.379375848032
83910.0 4550.024691358025
88122.0 4550.024691358025
88211.0 4534.746766312159
91690.0 4534.746766312159
91814.0 4579.488334674175
95543.0 4579.488334674175
95611.0 4626.702298236237
99353.0 4626.702298236237
99410.0 4613.958515283843
103074.0 4613.958515283843
103302.0 4546.921407779836
107081.0 4546.921407779836
107209.0 4579.047021943574
111037.0 4579.047021943574
111110.0 4566.671992011982
115116.0 4566.671992011982
115210.0 4662.19595959596
119170.0 4662.19595959596
119208.0 4624.3149096791585
122917.0 4624.3149096791585
123009.0 4637.152173913043
126321.0 4637.152173913043
126409.0 4613.248120300752
130133.0 4613.248120300752
130209.0 4593.907427341227
133925.0 4593.907427341227
134010.0 4602.938337801608
137740.0 4602.938337801608
138002.0 4618.819277108434
141654.0 4618.819277108434
141709.0 4607.58449775903
145502.0 4607.58449775903
145612.0 4587.952432432432
149312.0 4587.952432432432
149412.0 4599.175129533679
153272.0 4599.175129533679
153309.0 4606.9376693766935
156999.0 4606.9376693766935
157113.0 4597.607572269122
161022.0 4597.607572269122
161110.0 4590.146284376829
164528.0 4590.146284376829
164610.0 4572.96976127321
168380.0 4572.96976127321
168408.0 4615.397987927566
170893.0 4615.397987927566
