18.0 2498.9828178694156
600.0 2498.9828178694156
716.0 2524.6247464503044
1209.0 2524.6247464503044
1321.0 2514.2831460674156
1766.0 2514.2831460674156
1815.0 2522.2231237322517
2308.0 2522.2231237322517
2426.0 2471.837837837838
3758.0 2471.837837837838
3821.0 2462.899308224443
6423.0 2462.899308224443
6514.0 2460.6385869565215
9458.0 2460.6385869565215
9515.0 2891.580095432856
12449.0 2891.580095432856
12510.0 3948.300925925926
14238.0 3948.300925925926
14309.0 3540.107711138311
19211.0 3540.107711138311
19309.0 3716.216285531096
23988.0 3716.216285531096
24111.0 4058.7876447876447
28255.0 4058.7876447876447
28308.0 3808.598146951088
32949.0 3808.598146951088
33014.0 3525.6649234940924
38177.0 3525.6649234940924
38213.0 3972.070314434266
42252.0 3972.070314434266
42310.0 3988.8496641186007
46627.0 3988.8496641186007
46712.0 3943.49020452099
51357.0 3943.49020452099
51605.0 3847.7571228397946
55887.0 3847.7571228397946
56014.0 3951.4697508896797
60510.0 3951.4697508896797
60614.0 3977.3702166897187
64952.0 3977.3702166897187
65012.0 3993.681840430739
69098.0 3993.681840430739
69211.0 4006.385641969627
73557.0 4006.385641969627
73609.0 3971.407374301676
78084.0 3971.407374301676
78212.0 4000.146771037182
82300.0 4000.146771037182
82410.0 4007.8625429553263
86775.0 4007.8625429553263
86811.0 4036.8763183125598
90983.0 4036.8763183125598
91302.0 4049.1662793154446
96035.0 4049.1662793154446
96111.0 4049.3798767967146
100007.0 4049.3798767967146
100109.0 4045.7029140014215
104330.0 4045.7029140014215
104413.0 4041.344537815126
108697.0 4041.344537815126
108810.0 4043.421191102607
112991.0 4043.421191102607
113109.0 3933.7948717948716
117477.0 3933.7948717948716
117507.0 3875.4348883484413
122030.0 3875.4348883484413
122109.0 3959.7593073593075
126729.0 3959.7593073593075
126810.0 3992.71107266436
131434.0 3992.71107266436
131702.0 4020.530707923113
135968.0 4020.530707923113
136010.0 4019.431562418215
139831.0 4019.431562418215
139909.0 4021.4737827715358
144181.0 4021.4737827715358
144315.0 3974.4778567523235
146144.0 3974.4778567523235
146209.0 3957.7969165337586
148090.0 3957.7969165337586
148209.0 3958.270893371758
149944.0 3958.270893371758
150010.0 3980.9949886104782
154400.0 3980.9949886104782
154511.0 4019.7546767700687
158734.0 4019.7546767700687
158812.0 4031.981830570066
163215.0 4031.981830570066
163501.0 4028.341232227488
167721.0 4028.341232227488
167807.0 3723.2334783509427
172634.0 3723.2334783509427
172712.0 3808.9633406166545
176831.0 3808.9633406166545
176911.0 4023.359626604434
181196.0 4023.359626604434
181311.0 3847.4552163703456
184292.0 3847.4552163703456
