10.0 4155.451428571429
360.0 4155.451428571429
415.0 4106.718146718146
1192.0 4106.718146718146
1311.0 4097.074452554744
1996.0 4097.074452554744
2109.0 4094.8326639892907
2856.0 4094.8326639892907
2913.0 4091.324781939456
4862.0 4091.324781939456
4911.0 3004.436943272386
7044.0 3004.436943272386
7114.0 3682.8266395526184
9081.0 3682.8266395526184
9109.0 4086.655105973025
11185.0 4086.655105973025
11312.0 3875.5012962526516
15555.0 3875.5012962526516
15610.0 3708.828382132934
20289.0 3708.828382132934
20413.0 2975.3894592744696
26257.0 2975.3894592744696
26316.0 2978.504692757216
31963.0 2978.504692757216
32012.0 2976.208789358478
37951.0 2976.208789358478
38015.0 2980.4572250179726
40797.0 2980.4572250179726
40911.0 2987.7490909090907
43111.0 2987.7490909090907
43210.0 2985.1899757477768
45684.0 2985.1899757477768
45718.0 3351.0272395394554
49279.0 3351.0272395394554
49310.0 4197.696682464455
50998.0 4197.696682464455
51110.0 4052.1353846153847
53060.0 4052.1353846153847
53110.0 3905.940803382664
55002.0 3905.940803382664
55110.0 3957.8423478049963
59233.0 3957.8423478049963
59310.0 4018.4057235171936
63643.0 4018.4057235171936
63711.0 4040.020004546488
68110.0 4040.020004546488
68210.0 3971.005342399223
72328.0 3971.005342399223
72412.0 3885.0366422385077
76915.0 3885.0366422385077
77008.0 4132.968834355828
81083.0 4132.968834355828
81211.0 3953.115511551155
86059.0 3953.115511551155
86111.0 3927.4045307443366
90128.0 3927.4045307443366
90402.0 4018.0969411764704
94652.0 4018.0969411764704
94711.0 4033.81174277726
99003.0 4033.81174277726
99111.0 3914.226441305858
103430.0 3914.226441305858
103510.0 4007.186567164179
107798.0 4007.186567164179
107910.0 4028.635256262928
112261.0 4028.635256262928
112310.0 3968.3488069414316
116920.0 3968.3488069414316
117012.0 4037.239448939427
121585.0 4037.239448939427
121709.0 3633.8101694915254
126429.0 3633.8101694915254
126514.0 3919.9203675344565
130432.0 3919.9203675344565
130703.0 3943.9247015610654
135059.0 3943.9247015610654
135110.0 3841.350135013501
139554.0 3841.350135013501
139614.0 3992.781395348837
143914.0 3992.781395348837
144010.0 4005.682260745666
148221.0 4005.682260745666
148312.0 3637.162955254943
153117.0 3637.162955254943
153210.0 4007.418319169027
157446.0 4007.418319169027
157513.0 4032.8977737392092
161915.0 4032.8977737392092
162015.0 3638.6130136986303
166687.0 3638.6130136986303
166813.0 4032.319497419789
171270.0 4032.319497419789
171503.0 3675.9887535145267
175771.0 3675.9887535145267
175815.0 3764.213100436681
180395.0 3764.213100436681
180512.0 3954.918620689655
183412.0 3954.918620689655
