15.0 3320.566210045662
453.0 3320.566210045662
519.0 3279.4655704008223
1492.0 3279.4655704008223
1613.0 3339.8686567164177
1948.0 3339.8686567164177
2014.0 3271.486631016043
2949.0 3271.486631016043
3014.0 3279.370517928287
4018.0 3279.370517928287
4116.0 3170.9371598218704
6137.0 3170.9371598218704
6215.0 3291.2857791912766
8416.0 3291.2857791912766
8512.0 3933.1923968474734
10669.0 3933.1923968474734
10712.0 3882.8221959858324
14947.0 3882.8221959858324
15009.0 4297.575037147102
19047.0 4297.575037147102
19112.0 4378.79022916142
23083.0 4378.79022916142
23213.0 4466.175252257037
26979.0 4466.175252257037
27112.0 5111.539618276461
30570.0 5111.539618276461
30610.0 5162.509359047079
34136.0 5162.509359047079
34207.0 4947.021893308664
37450.0 4947.021893308664
37509.0 4907.342262752921
41018.0 4907.342262752921
41299.0 3342.0018244845833
46780.0 3342.0018244845833
46910.0 5287.578947368421
50026.0 5287.578947368421
50108.0 4914.469709543569
53723.0 4914.469709543569
53811.0 4055.9078514339444
58065.0 4055.9078514339444
58112.0 4268.423750980905
61935.0 4268.423750980905
62010.0 4404.693144447256
65963.0 4404.693144447256
66012.0 4116.758860319666
70329.0 4116.758860319666
70412.0 4071.862549800797
74428.0 4071.862549800797
74515.0 4138.708303761533
78742.0 4138.708303761533
79000.0 4209.409647588103
83001.0 4209.409647588103
83113.0 3797.2466811967506
88160.0 3797.2466811967506
88218.0 3109.87265917603
93291.0 3109.87265917603
93415.0 3538.523000414422
98241.0 3538.523000414422
98313.0 3562.3703703703704
103173.0 3562.3703703703704
103213.0 3719.591639163916
107758.0 3719.591639163916
107813.0 3391.791551519937
112879.0 3391.791551519937
113019.0 2977.5084083573975
118906.0 2977.5084083573975
119017.0 3271.181674565561
121549.0 3271.181674565561
121612.0 3793.1829944547135
123776.0 3793.1829944547135
123812.0 3802.3846928499497
125798.0 3802.3846928499497
125916.0 3536.322357817177
130259.0 3536.322357817177
130314.0 3365.935736677116
135418.0 3365.935736677116
135512.0 3610.6091370558374
140240.0 3610.6091370558374
140313.0 4118.244183257376
144482.0 4118.244183257376
144615.0 4211.717353308364
148620.0 4211.717353308364
148713.0 4510.082064516129
152588.0 4510.082064516129
152714.0 4182.169007144617
156773.0 4182.169007144617
156815.0 4041.160027316185
161208.0 4041.160027316185
161503.0 3513.7660190161223
166341.0 3513.7660190161223
166417.0 4179.5460465116275
170717.0 4179.5460465116275
170813.0 4462.207053469852
174329.0 4462.207053469852
174413.0 4644.422413793103
178125.0 4644.422413793103
178213.0 4747.211920529801
180629.0 4747.211920529801
