20.0 1898.7049608355092
786.0 1898.7049608355092
919.0 1917.7812018489985
1568.0 1917.7812018489985
1625.0 1919.1355060034305
2208.0 1919.1355060034305
2322.0 1918.9135802469136
2970.0 1918.9135802469136
3021.0 1903.254730713246
3708.0 1903.254730713246
3830.0 1867.8122996211018
7261.0 1867.8122996211018
7322.0 1586.882803943045
11887.0 1586.882803943045
12025.0 1272.902625656414
18690.0 1272.902625656414
18828.0 1849.9631236442517
22516.0 1849.9631236442517
22619.0 2672.187134502924
25355.0 2672.187134502924
25412.0 2256.46818727491
28744.0 2256.46818727491
28876.0 1972.963440860215
32596.0 1972.963440860215
32719.0 2212.914986853637
36142.0 2212.914986853637
36406.0 2145.8674948240164
40270.0 2145.8674948240164
40324.0 1927.0149516270887
43735.0 1927.0149516270887
43820.0 1925.7783572359845
47655.0 1925.7783572359845
47721.0 2090.7250608272507
51420.0 2090.7250608272507
51519.0 2239.4791403286977
54683.0 2239.4791403286977
54718.0 2240.3356960589736
58245.0 2240.3356960589736
58317.0 2719.9263894000737
61034.0 2719.9263894000737
61119.0 2758.2490332559937
63705.0 2758.2490332559937
63812.0 2739.0136200716847
66602.0 2739.0136200716847
66906.0 2311.703880597015
70256.0 2311.703880597015
70316.0 2311.8677685950415
73341.0 2311.8677685950415
73417.0 3076.5773019271946
75752.0 3076.5773019271946
75811.0 3728.127572016461
77755.0 3728.127572016461
77814.0 3328.9393781483413
83571.0 3328.9393781483413
83610.0 2918.3100258971513
89016.0 2918.3100258971513
89113.0 2547.272076372315
95817.0 2547.272076372315
95916.0 2543.8025271818983
102722.0 2543.8025271818983
102816.0 2535.3245350929815
109484.0 2535.3245350929815
109631.0 1792.55894673848
116315.0 1792.55894673848
116426.0 1794.8025348542458
120371.0 1794.8025348542458
120429.0 1658.7351485148515
123661.0 1658.7351485148515
123730.0 1928.0810055865923
126594.0 1928.0810055865923
126718.0 2521.3809682804676
129713.0 2521.3809682804676
129822.0 1816.7277258566978
133032.0 1816.7277258566978
133123.0 1804.975
137283.0 1804.975
137322.0 1747.012737322759
141483.0 1747.012737322759
141525.0 1818.4211040547143
145619.0 1818.4211040547143
145911.0 1840.6861431251675
149642.0 1840.6861431251675
149725.0 2071.7635169277414
153683.0 2071.7635169277414
153720.0 2556.8121168409666
156493.0 2556.8121168409666
156614.0 3344.109871244635
158944.0 3344.109871244635
159010.0 3296.9282337773957
161337.0 3296.9282337773957
161416.0 2685.069036226931
164342.0 2685.069036226931
164418.0 2317.2384937238494
167286.0 2317.2384937238494
167316.0 1974.6165062700495
170745.0 1974.6165062700495
170815.0 2686.932136848009
172598.0 2686.932136848009
