7.0 4646.670926517572
320.0 4646.670926517572
408.0 4696.754716981132
673.0 4696.754716981132
707.0 4701.075630252101
945.0 4701.075630252101
1008.0 4613.634992458522
1671.0 4613.634992458522
1715.0 4593.3133640553
3451.0 4593.3133640553
3506.0 3515.3395501919913
5329.0 3515.3395501919913
5413.0 3463.4312441534144
8620.0 3463.4312441534144
8717.0 2246.0924359445876
16874.0 2246.0924359445876
16917.0 2914.008860535176
22560.0 2914.008860535176
22611.0 4331.904143784323
26617.0 4331.904143784323
26707.0 3644.5558583106267
31478.0 3644.5558583106267
31517.0 2927.1869126348765
37263.0 2927.1869126348765
37502.0 3596.774928774929
39608.0 3596.774928774929
39713.0 3591.005630142919
42022.0 3591.005630142919
42111.0 3609.246575342466
43279.0 3609.246575342466
43311.0 4506.015863331299
44950.0 4506.015863331299
45008.0 4797.672079622839
48826.0 4797.672079622839
48909.0 4152.241935483871
52877.0 4152.241935483871
52911.0 3976.2327663384062
57379.0 3976.2327663384062
57410.0 3924.0009097111665
61807.0 3924.0009097111665
61911.0 4421.073963695476
65602.0 4421.073963695476
65707.0 5258.759287224403
69018.0 5258.759287224403
69107.0 5258.002366863905
72487.0 5258.002366863905
72609.0 3906.497849976111
76795.0 3906.497849976111
77104.0 3864.440026507621
81631.0 3864.440026507621
81713.0 4038.812470023981
85883.0 4038.812470023981
86009.0 4499.813101667058
90268.0 4499.813101667058
90308.0 4507.538285714286
93808.0 4507.538285714286
93908.0 4037.095035460993
98138.0 4037.095035460993
98208.0 3926.767974597414
102617.0 3926.767974597414
102707.0 3970.301550023485
106965.0 3970.301550023485
107008.0 4840.22985915493
110558.0 4840.22985915493
110608.0 4814.224663553969
114249.0 4814.224663553969
114501.0 4666.8591836734695
118421.0 4666.8591836734695
118510.0 4550.726152329307
122567.0 4550.726152329307
122608.0 4079.824928639391
126812.0 4079.824928639391
126909.0 4060.8799576943416
130691.0 4060.8799576943416
130810.0 3925.0025131368516
135187.0 3925.0025131368516
135310.0 3927.0669427191165
139657.0 3927.0669427191165
139710.0 4488.616993464052
143535.0 4488.616993464052
143608.0 4493.32125732552
147362.0 4493.32125732552
147411.0 4498.473101673102
151296.0 4498.473101673102
151602.0 4501.570936091222
155373.0 4501.570936091222
155409.0 4694.0285563194075
159191.0 4694.0285563194075
159308.0 4748.491620111732
162888.0 4748.491620111732
163008.0 4556.807302231237
166952.0 4556.807302231237
167009.0 4412.013498312711
170565.0 4412.013498312711
170609.0 4769.044536652836
174224.0 4769.044536652836
174308.0 5297.581524249423
176473.0 5297.581524249423
