10.0 3817.3438320209975
391.0 3817.3438320209975
513.0 3817.9141104294476
839.0 3817.9141104294476
912.0 3772.1720430107525
1656.0 3772.1720430107525
1711.0 3776.3456790123455
2521.0 3776.3456790123455
2607.0 3767.148741418764
3481.0 3767.148741418764
3512.0 3749.832650672908
5221.0 3749.832650672908
5308.0 3671.626964014192
7281.0 3671.626964014192
7413.0 3016.360882449786
13487.0 3016.360882449786
13617.0 2808.0177595628415
19473.0 2808.0177595628415
19516.0 2732.4213509683514
25867.0 2732.4213509683514
25922.0 2413.013599777963
33128.0 2413.013599777963
33214.0 2212.6692794694
36531.0 2212.6692794694
36619.0 2805.4844444444443
39319.0 2805.4844444444443
39605.0 2823.163772557031
42542.0 2823.163772557031
42615.0 2811.397775876818
44953.0 2811.397775876818
45018.0 2671.016274864376
47783.0 2671.016274864376
47916.0 2690.2590866728797
48989.0 2690.2590866728797
49115.0 2671.8371040723982
51767.0 2671.8371040723982
51815.0 2910.3734806629836
54530.0 2910.3734806629836
54611.0 3414.9907578558227
56775.0 3414.9907578558227
56813.0 2692.6508116270293
59462.0 2692.6508116270293
59517.0 2393.312871907297
62710.0 2393.312871907297
63008.0 2081.7763440860217
66728.0 2081.7763440860217
66818.0 2130.1858056655497
70101.0 2130.1858056655497
70225.0 2192.1904180653037
73502.0 2192.1904180653037
73620.0 2205.5629945222154
76906.0 2205.5629945222154
77020.0 2479.2147380541164
80494.0 2479.2147380541164
80618.0 2480.8081799591
83063.0 2480.8081799591
83119.0 2636.1395492435936
89597.0 2636.1395492435936
89717.0 2354.885745375408
97069.0 2354.885745375408
97122.0 2303.835377487054
104460.0 2303.835377487054
104705.0 2417.8670044331857
107863.0 2417.8670044331857
107920.0 1826.2821769409338
111797.0 1826.2821769409338
111925.0 1672.9210260553423
116876.0 1672.9210260553423
116911.0 3161.9599383667182
119507.0 3161.9599383667182
119616.0 2758.048210372535
122354.0 2758.048210372535
122419.0 2188.2536585365856
125084.0 2188.2536585365856
125222.0 1784.810078440694
129429.0 1784.810078440694
129527.0 1962.55939524838
133231.0 1962.55939524838
133315.0 3294.0778761061947
135575.0 3294.0778761061947
135801.0 3565.7320872274145
137727.0 3565.7320872274145
137811.0 3560.590534085975
140114.0 3560.590534085975
140212.0 3173.569639184894
145561.0 3173.569639184894
145617.0 2843.6354316834854
151860.0 2843.6354316834854
151920.0 2589.8232784887264
158484.0 2589.8232784887264
158620.0 2694.0560635586867
165291.0 2694.0560635586867
165415.0 3500.4730031236054
169897.0 3500.4730031236054
170015.0 3190.2472242783124
175419.0 3190.2472242783124
175516.0 3222.608597920764
179075.0 3222.608597920764
