27.0 1658.3899657924744
904.0 1658.3899657924744
1021.0 1670.6577181208054
1766.0 1670.6577181208054
1823.0 1664.9642857142858
2495.0 1664.9642857142858
2627.0 1671.3118279569892
3371.0 1671.3118279569892
3437.0 1642.9580838323354
5441.0 1642.9580838323354
5526.0 1683.8533333333332
6126.0 1683.8533333333332
6228.0 1661.7344173441734
6966.0 1661.7344173441734
7031.0 2342.323578133628
10653.0 2342.323578133628
10725.0 2179.764856230032
13855.0 2179.764856230032
13918.0 2038.2224700306663
17505.0 2038.2224700306663
17614.0 1886.713174404015
21599.0 1886.713174404015
21725.0 1267.1657458563536
27517.0 1267.1657458563536
27646.0 1389.1083807078671
33099.0 1389.1083807078671
33227.0 1837.2771992023045
37740.0 1837.2771992023045
37823.0 2096.666028708134
40958.0 2096.666028708134
41207.0 1592.0155205863332
45846.0 1592.0155205863332
45936.0 1423.9720125207143
51367.0 1423.9720125207143
51423.0 1926.5122349102774
55101.0 1926.5122349102774
55218.0 1893.0675610924773
59392.0 1893.0675610924773
59524.0 1942.7024185068349
63328.0 1942.7024185068349
63422.0 1841.2059886422303
67296.0 1841.2059886422303
67423.0 1528.9811924769908
72421.0 1528.9811924769908
72527.0 1528.3615551608448
77594.0 1528.3615551608448
77725.0 1573.6723672367236
82169.0 1573.6723672367236
82413.0 1639.0161989504904
86796.0 1639.0161989504904
86926.0 2164.719235364397
90274.0 2164.719235364397
90315.0 2384.4939091915835
93927.0 2384.4939091915835
94021.0 1936.6462324393358
97153.0 1936.6462324393358
97227.0 1736.364123159304
101709.0 1736.364123159304
101830.0 1601.3308717948719
106705.0 1601.3308717948719
106819.0 1937.186581646798
110426.0 1937.186581646798
110530.0 1936.992389649924
114472.0 1936.992389649924
114519.0 1966.2582615940016
118120.0 1966.2582615940016
118413.0 1937.4577777777777
122688.0 1937.4577777777777
122820.0 1852.504626495148
127251.0 1852.504626495148
127321.0 1429.6736084816357
132603.0 1429.6736084816357
132743.0 1083.5555555555557
138125.0 1083.5555555555557
138245.0 1273.1161971830986
140517.0 1273.1161971830986
140607.0 5404.671428571429
141167.0 5404.671428571429
141208.0 4986.346952444742
142701.0 4986.346952444742
142812.0 1600.0931966449207
147104.0 1600.0931966449207
147231.0 1349.134583744653
153309.0 1349.134583744653
153616.0 1431.7528271405492
158568.0 1431.7528271405492
158632.0 910.8926817862988
167186.0 910.8926817862988
167368.0 781.8607372732592
169077.0 781.8607372732592
169168.0 938.1040293040293
170533.0 938.1040293040293
170618.0 2902.5224274406332
170997.0 2902.5224274406332
171120.0 2836.180586907449
172006.0 2836.180586907449
172125.0 2828.906955736224
173232.0 2828.906955736224
