35.0 1246.279348757498
1202.0 1246.279348757498
1335.0 1254.6774193548388
2327.0 1254.6774193548388
2433.0 1252.9182530795072
3326.0 1252.9182530795072
3432.0 1253.483870967742
4424.0 1253.483870967742
4541.0 1246.459485224023
5590.0 1246.459485224023
5746.0 1458.7898930116094
10139.0 1458.7898930116094
10226.0 2222.122699386503
13486.0 2222.122699386503
13519.0 2086.5459911460894
17585.0 2086.5459911460894
17625.0 632.5481179306508
28411.0 632.5481179306508
28624.0 481.95755738414897
30933.0 481.95755738414897
31092.0 530.987365465606
33229.0 530.987365465606
33575.0 404.3975396568469
36664.0 404.3975396568469
36812.0 359.4097261039687
40390.0 359.4097261039687
40694.0 459.2668164398044
48261.0 459.2668164398044
48427.0 443.02412020561485
50956.0 443.02412020561485
51122.0 419.60712931361394
53759.0 419.60712931361394
53933.0 419.0043795620438
56673.0 419.0043795620438
56817.0 387.56127372145386
59926.0 387.56127372145386
60189.0 278.54147368421053
64939.0 278.54147368421053
65150.0 341.633222188542
68449.0 341.633222188542
68766.0 778.1418877236274
70387.0 778.1418877236274
70449.0 982.487159533074
71734.0 982.487159533074
71846.0 509.2877669902913
74421.0 509.2877669902913
74623.0 419.35719725818734
77249.0 419.35719725818734
77425.0 407.0846047156727
80309.0 407.0846047156727
80517.0 406.3028703398218
83548.0 406.3028703398218
83726.0 455.56346128126256
91203.0 455.56346128126256
91459.0 347.359375
94019.0 347.359375
94262.0 415.7104194857916
97218.0 415.7104194857916
97542.0 519.2648083623693
99838.0 519.2648083623693
100011.0 448.9650634497885
106394.0 448.9650634497885
106658.0 407.0381291306558
114526.0 407.0381291306558
114700.0 530.6814200092208
116869.0 530.6814200092208
116999.0 427.3122008021736
124728.0 427.3122008021736
124954.0 453.27772511848343
128119.0 453.27772511848343
128301.0 490.34572633192795
130910.0 490.34572633192795
131102.0 457.97303175293604
133401.0 457.97303175293604
133637.0 422.8849104859335
135983.0 422.8849104859335
136117.0 469.2427906976744
142567.0 469.2427906976744
142701.0 538.3257065948856
144930.0 538.3257065948856
145088.0 323.3389784211964
148749.0 323.3389784211964
148982.0 494.97553516819573
151598.0 494.97553516819573
151802.0 375.7050452781371
154894.0 375.7050452781371
155144.0 397.71956145412577
158610.0 397.71956145412577
158834.0 425.20379094385635
176877.0 425.20379094385635
177041.0 361.8287651879062
180580.0 361.8287651879062
180747.0 369.14630872483224
183727.0 369.14630872483224
184076.0 372.68607395751377
186618.0 372.68607395751377
186851.0 307.06324786324785
189776.0 307.06324786324785
