34.0 1157.968152866242
1290.0 1157.968152866242
1437.0 1170.8748824082784
2500.0 1170.8748824082784
2637.0 1169.128526645768
3594.0 1169.128526645768
3742.0 1168.6616541353383
4806.0 1168.6616541353383
4942.0 1159.163120567376
6070.0 1159.163120567376
6132.0 1167.9907514450867
6997.0 1167.9907514450867
7133.0 1162.4265402843603
8188.0 1162.4265402843603
8351.0 1106.5470196947958
16018.0 1106.5470196947958
16147.0 1120.1221474306353
22238.0 1120.1221474306353
22343.0 1111.278917768658
28922.0 1111.278917768658
29037.0 1113.5296208530806
35789.0 1113.5296208530806
35936.0 1098.8806707590957
42615.0 1098.8806707590957
42746.0 1101.943444730077
43913.0 1101.943444730077
44035.0 1088.054462934947
45357.0 1088.054462934947
45435.0 1108.217606330366
46446.0 1108.217606330366
46547.0 1102.6390666164848
49204.0 1102.6390666164848
49342.0 1133.3385982230998
50355.0 1133.3385982230998
50441.0 1117.0737551478846
53112.0 1117.0737551478846
53237.0 1098.6740823136818
60429.0 1098.6740823136818
60536.0 1101.0190703218116
67248.0 1101.0190703218116
67342.0 1099.0496147919878
73832.0 1099.0496147919878
73939.0 1092.7853567853567
80932.0 1092.7853567853567
81036.0 1130.5310344827585
82196.0 1130.5310344827585
82334.0 1149.5114822546973
83292.0 1149.5114822546973
83440.0 1137.6279069767443
84472.0 1137.6279069767443
84536.0 1109.0178897407814
87275.0 1109.0178897407814
87342.0 1086.8691767709
90476.0 1086.8691767709
90541.0 1062.086499737349
96252.0 1062.086499737349
96344.0 1032.5572508955818
103881.0 1032.5572508955818
104038.0 1116.3289003289003
111031.0 1116.3289003289003
111326.0 1100.8461538461538
112470.0 1100.8461538461538
112536.0 1102.278215223097
113679.0 1102.278215223097
113735.0 1102.536398467433
114779.0 1102.536398467433
115020.0 1087.844532279315
118056.0 1087.844532279315
118154.0 1084.0251276010993
123248.0 1084.0251276010993
123522.0 1089.6877344877346
130452.0 1089.6877344877346
130545.0 1092.0779026217228
135885.0 1092.0779026217228
136038.0 1085.071676300578
142958.0 1085.071676300578
143043.0 1104.2013863553448
145784.0 1104.2013863553448
146119.0 1102.875
147207.0 1102.875
147337.0 1104.767386091127
149839.0 1104.767386091127
149947.0 1092.34375
152763.0 1092.34375
153018.0 1087.9912280701753
155754.0 1087.9912280701753
155842.0 1082.4569479965899
160534.0 1082.4569479965899
160822.0 1075.1053811659192
167958.0 1075.1053811659192
168041.0 1108.8937191249117
175126.0 1108.8937191249117
175247.0 1130.3559539052496
177590.0 1130.3559539052496
177739.0 1142.7840772014474
178568.0 1142.7840772014474
178643.0 1131.9137645107794
180452.0 1131.9137645107794
