13.0 3438.3167848699763
436.0 3438.3167848699763
514.0 3438.232044198895
876.0 3438.232044198895
911.0 3463.950464396285
1234.0 3463.950464396285
1312.0 3434.961325966851
1674.0 3434.961325966851
1716.0 3378.8101694915254
4076.0 3378.8101694915254
4112.0 3379.9915611814345
6008.0 3379.9915611814345
6112.0 3380.363975734951
8255.0 3380.363975734951
8316.0 3300.5541343902
13867.0 3300.5541343902
13917.0 3595.0485351989505
18491.0 3595.0485351989505
18612.0 3787.3435181143604
23194.0 3787.3435181143604
23310.0 3101.7081698180523
28916.0 3101.7081698180523
29010.0 3057.0003635041803
34512.0 3057.0003635041803
34618.0 3323.6064233576644
38043.0 3323.6064233576644
38108.0 3974.895493767977
40194.0 3974.895493767977
40336.0 3530.6532663316584
41530.0 3530.6532663316584
41611.0 3367.6972184222527
43804.0 3367.6972184222527
43912.0 3169.504918032787
46352.0 3169.504918032787
46416.0 3114.5986813186814
48691.0 3114.5986813186814
48810.0 4419.275167785235
50598.0 4419.275167785235
50712.0 3542.1539724902486
55583.0 3542.1539724902486
55717.0 3063.2971653838936
61044.0 3063.2971653838936
61116.0 5688.256125449199
64177.0 5688.256125449199
64210.0 4280.358381502891
68362.0 4280.358381502891
68414.0 3472.626884688894
73123.0 3472.626884688894
73212.0 3701.7181548878543
77938.0 3701.7181548878543
78016.0 4037.8441620714457
82187.0 4037.8441620714457
82310.0 4225.022927689594
86846.0 4225.022927689594
87100.0 3762.5528261388026
91293.0 3762.5528261388026
91412.0 3667.721649484536
96068.0 3667.721649484536
96113.0 3460.5476713971616
101116.0 3460.5476713971616
101215.0 3203.62781883646
106492.0 3203.62781883646
106616.0 3153.9676945668134
112064.0 3153.9676945668134
112114.0 3257.497119494518
117495.0 3257.497119494518
117615.0 3284.9861734602264
123184.0 3284.9861734602264
123315.0 3388.1989355845108
128764.0 3388.1989355845108
128815.0 3399.719326065411
133860.0 3399.719326065411
133915.0 3458.948007590133
136550.0 3458.948007590133
136613.0 3594.397319291527
138702.0 3594.397319291527
138814.0 3565.139774399215
140853.0 3565.139774399215
140914.0 3224.173235166739
143223.0 3224.173235166739
143314.0 3222.712341623651
145445.0 3222.712341623651
145516.0 3263.5981325863677
150871.0 3263.5981325863677
150917.0 3101.1004749725976
156391.0 3101.1004749725976
156518.0 3251.431501831502
161978.0 3251.431501831502
162115.0 2657.433171799281
168512.0 2657.433171799281
168805.0 2598.9123387363547
171828.0 2598.9123387363547
171918.0 2605.1901215209723
174469.0 2605.1901215209723
174519.0 2448.8101265822784
177284.0 2448.8101265822784
177421.0 1821.596958174905
180051.0 1821.596958174905
