11.0 3909.6989247311826
383.0 3909.6989247311826
414.0 3926.3091482649843
731.0 3926.3091482649843
812.0 3925.8105263157895
1097.0 3925.8105263157895
1212.0 3862.1717171717173
2004.0 3862.1717171717173
2112.0 3848.925571112749
3469.0 3848.925571112749
3513.0 3844.3095380923814
5180.0 3844.3095380923814
5213.0 3489.039822114413
10160.0 3489.039822114413
10210.0 4671.437021927588
14132.0 4671.437021927588
14208.0 4599.650909090909
17783.0 4599.650909090909
17907.0 3319.993877941458
23134.0 3319.993877941458
23210.0 4672.984681537221
26931.0 4672.984681537221
27006.0 4989.503411450608
30377.0 4989.503411450608
30408.0 4405.70887337986
34420.0 4405.70887337986
34515.0 4043.3158596179474
39017.0 4043.3158596179474
39300.0 4936.366769230769
42550.0 4936.366769230769
42607.0 4875.386183465459
46139.0 4875.386183465459
46210.0 3537.565083043646
51388.0 3537.565083043646
51513.0 4240.951351351351
55398.0 4240.951351351351
55511.0 3947.0802043990225
60012.0 3947.0802043990225
60110.0 4454.901110250452
63983.0 4454.901110250452
64110.0 4049.177171215881
68140.0 4049.177171215881
68211.0 4714.7988085567285
71904.0 4714.7988085567285
72010.0 5182.866141732284
75439.0 5182.866141732284
75701.0 4301.052077853761
79503.0 4301.052077853761
79608.0 4375.767883941971
83606.0 4375.767883941971
83710.0 3575.0048821906175
88421.0 3575.0048821906175
88511.0 4214.801847371894
93058.0 4214.801847371894
93111.0 4998.8542458808615
96267.0 4998.8542458808615
96308.0 5041.899025686448
99695.0 5041.899025686448
99808.0 5110.12987012987
103196.0 5110.12987012987
103308.0 4221.109612983771
107313.0 4221.109612983771
107416.0 3542.118326118326
112267.0 3542.118326118326
112499.0 4926.529510961214
116057.0 4926.529510961214
116109.0 5115.796420581655
119685.0 5115.796420581655
119808.0 4607.510856001996
123815.0 4607.510856001996
123908.0 4147.90423216445
128043.0 4147.90423216445
128110.0 4746.0593325092705
131346.0 4746.0593325092705
131409.0 4808.210467394347
134982.0 4808.210467394347
135008.0 3007.568710359408
140684.0 3007.568710359408
140807.0 4913.840870062965
144301.0 4913.840870062965
144409.0 4517.388323513658
148143.0 4517.388323513658
148401.0 3525.6340528545493
153358.0 3525.6340528545493
153415.0 4966.478642480983
156833.0 4966.478642480983
156908.0 4972.777591036414
160478.0 4972.777591036414
160508.0 4792.669861855089
164055.0 4792.669861855089
164108.0 4292.344877000239
168295.0 4292.344877000239
168415.0 3564.898886616678
172816.0 3564.898886616678
172910.0 3993.5362520268704
177227.0 3993.5362520268704
177307.0 4751.144987572494
179721.0 4751.144987572494
