32.0 1146.1055949566587
1301.0 1146.1055949566587
1440.0 1159.9627213420317
2513.0 1159.9627213420317
2640.0 1153.459793814433
3610.0 1153.459793814433
3736.0 1154.5552460538534
4813.0 1154.5552460538534
4939.0 1147.9683933274803
6078.0 1147.9683933274803
6151.0 1145.913669064748
8375.0 1145.913669064748
8447.0 1142.6056782334385
14787.0 1142.6056782334385
14945.0 1113.8106866220296
22562.0 1113.8106866220296
22647.0 1109.9176834228078
28794.0 1109.9176834228078
28943.0 1148.4416924664604
29912.0 1148.4416924664604
30039.0 1145.0252270433905
31030.0 1145.0252270433905
31323.0 1138.7274384685506
32420.0 1138.7274384685506
32537.0 1138.024778761062
33667.0 1138.024778761062
33924.0 1126.5063209076175
37009.0 1126.5063209076175
37137.0 1127.28762541806
39529.0 1127.28762541806
39647.0 1119.5028043049872
46244.0 1119.5028043049872
46339.0 1114.029386343993
53281.0 1114.029386343993
53343.0 1103.349735284958
59765.0 1103.349735284958
59839.0 894.258035310095
68675.0 894.258035310095
68775.0 713.7732742241925
70354.0 713.7732742241925
70642.0 708.235822571589
72423.0 708.235822571589
72575.0 715.7006802721088
74339.0 715.7006802721088
74475.0 886.6910074374578
75954.0 886.6910074374578
76046.0 1040.6356413166857
78689.0 1040.6356413166857
78850.0 1088.4557575757576
85450.0 1088.4557575757576
85542.0 1137.751962323391
91912.0 1137.751962323391
92037.0 1127.3287958115184
99677.0 1127.3287958115184
99738.0 1142.982005141388
100516.0 1142.982005141388
100644.0 1143.106976744186
101719.0 1143.106976744186
102017.0 1141.984674329502
103061.0 1141.984674329502
103146.0 1127.455684870188
104263.0 1127.455684870188
104520.0 1123.3167309715889
107371.0 1123.3167309715889
107618.0 1054.5868334822758
114332.0 1054.5868334822758
114438.0 1119.2745945945946
121838.0 1119.2745945945946
121942.0 1117.555888359428
129287.0 1117.555888359428
129444.0 1126.086489710707
136150.0 1126.086489710707
136246.0 1131.489328676756
141400.0 1131.489328676756
141537.0 1136.9968553459119
144081.0 1136.9968553459119
144144.0 1136.9706987227648
146806.0 1136.9706987227648
146943.0 1137.7648343647616
149690.0 1137.7648343647616
150017.0 1136.5657894736842
152449.0 1136.5657894736842
152545.0 1125.5177460665934
155278.0 1125.5177460665934
155352.0 1118.9491367242183
159638.0 1118.9491367242183
159743.0 1131.2102206736354
166631.0 1131.2102206736354
166745.0 1125.889241622575
169580.0 1125.889241622575
169643.0 1146.3849597135184
170760.0 1146.3849597135184
170845.0 1148.2839248434238
171803.0 1148.2839248434238
171941.0 1129.3734831460674
174166.0 1129.3734831460674
174239.0 1119.0843260920346
178520.0 1119.0843260920346
