9.0 3654.291457286432
407.0 3654.291457286432
513.0 3671.504424778761
852.0 3671.504424778761
914.0 3621.285161290323
1689.0 3621.285161290323
1812.0 3606.863768115942
3882.0 3606.863768115942
4010.0 3609.7745586238116
6219.0 3609.7745586238116
6310.0 3630.857790368272
8075.0 3630.857790368272
8110.0 3656.799596163554
10091.0 3656.799596163554
10210.0 3636.4749249892843
12543.0 3636.4749249892843
12612.0 3622.7697730777704
17151.0 3622.7697730777704
17212.0 3590.649286157666
22045.0 3590.649286157666
22112.0 3655.281900357368
26869.0 3655.281900357368
26911.0 3605.491103965702
31576.0 3605.491103965702
31611.0 3469.906556733412
36705.0 3469.906556733412
36812.0 3335.717060656038
42269.0 3335.717060656038
42314.0 3589.080984340045
46784.0 3589.080984340045
46913.0 3358.662765749951
52040.0 3358.662765749951
52115.0 3365.3577023498697
54413.0 3365.3577023498697
54514.0 3419.745173745174
56586.0 3419.745173745174
56709.0 3578.6521739130435
58917.0 3578.6521739130435
59010.0 3687.6447105788425
61014.0 3687.6447105788425
61111.0 3690.0320744956025
63044.0 3690.0320744956025
63110.0 3863.4216380182
65088.0 3863.4216380182
65211.0 3623.990212071778
70115.0 3623.990212071778
70213.0 3729.21322690992
74598.0 3729.21322690992
74713.0 3672.191435768262
79477.0 3672.191435768262
79614.0 3313.3676962423765
84697.0 3313.3676962423765
84814.0 3214.4756793022475
90776.0 3214.4756793022475
90813.0 3621.759412304867
95169.0 3621.759412304867
95210.0 3567.351577188218
99997.0 3567.351577188218
100112.0 3657.959011197972
104845.0 3657.959011197972
105102.0 3599.221630828188
109799.0 3599.221630828188
109911.0 3648.9309832236145
114620.0 3648.9309832236145
114713.0 3669.3724094620056
119490.0 3669.3724094620056
119615.0 3659.5495099019804
124614.0 3659.5495099019804
124710.0 3596.0841449162444
129844.0 3596.0841449162444
129914.0 3434.0773078672123
132113.0 3434.0773078672123
132212.0 3473.3150684931506
133891.0 3473.3150684931506
134009.0 3769.425702811245
136001.0 3769.425702811245
136109.0 3695.6380274529743
138076.0 3695.6380274529743
138113.0 3416.528682882056
140292.0 3416.528682882056
140412.0 3423.529411764706
142418.0 3423.529411764706
142512.0 3600.4466419447876
147366.0 3600.4466419447876
147414.0 3603.35894714498
152125.0 3603.35894714498
152214.0 3486.4131971720344
157306.0 3486.4131971720344
157413.0 3524.6941737507777
162236.0 3524.6941737507777
162313.0 3433.055969436485
167548.0 3433.055969436485
167613.0 3498.9116859946475
172097.0 3498.9116859946475
172214.0 2934.983997276132
178088.0 2934.983997276132
178215.0 3341.86013986014
181647.0 3341.86013986014
