21.0 1705.05041031653
874.0 1705.05041031653
922.0 1723.8781163434903
1644.0 1723.8781163434903
1729.0 1721.316923076923
2379.0 1721.316923076923
2429.0 1722.2382271468143
3151.0 1722.2382271468143
3222.0 1709.197385620915
3987.0 1709.197385620915
4129.0 1679.9683586025048
5646.0 1679.9683586025048
5736.0 1306.4906976744187
9176.0 1306.4906976744187
9255.0 1120.282054667899
16828.0 1120.282054667899
16937.0 1882.1142068965517
20562.0 1882.1142068965517
20624.0 2137.1248173048816
24045.0 2137.1248173048816
24112.0 3548.1604530438885
26231.0 3548.1604530438885
26309.0 3056.819658475635
28710.0 3056.819658475635
28808.0 3920.7080745341614
30740.0 3920.7080745341614
30809.0 3233.8658346333855
33373.0 3233.8658346333855
33416.0 3974.031438935913
35070.0 3974.031438935913
35113.0 4112.697396704084
39300.0 4112.697396704084
39409.0 4301.905119774542
43667.0 4301.905119774542
43709.0 4351.847860538827
47495.0 4351.847860538827
47612.0 4057.9735038830518
51990.0 4057.9735038830518
52109.0 4336.223171651169
56088.0 4336.223171651169
56206.0 4599.262683201804
59754.0 4599.262683201804
59808.0 4925.530975954738
63343.0 4925.530975954738
63406.0 4433.03766525318
67415.0 4433.03766525318
67699.0 4031.706114398422
71755.0 4031.706114398422
71811.0 3735.707879564382
76494.0 3735.707879564382
76607.0 4450.805496828752
80391.0 4450.805496828752
80508.0 3941.7326203208554
85370.0 3941.7326203208554
85412.0 4586.158139534884
88852.0 4586.158139534884
88908.0 4272.432324243182
92905.0 4272.432324243182
93008.0 3697.014734144779
97691.0 3697.014734144779
97812.0 3966.575316752698
102074.0 3966.575316752698
102111.0 4191.953159307148
106210.0 4191.953159307148
106503.0 5054.3806228373705
109971.0 5054.3806228373705
110007.0 4439.235137102645
114128.0 4439.235137102645
114209.0 4235.442991511814
118568.0 4235.442991511814
118611.0 4839.611738148984
122155.0 4839.611738148984
122207.0 4459.421602787456
125651.0 4459.421602787456
125709.0 4653.232936078007
129401.0 4653.232936078007
129506.0 4411.100775193799
133376.0 4411.100775193799
133408.0 4203.956904995103
137492.0 4203.956904995103
137609.0 4199.1356733881
141626.0 4199.1356733881
141899.0 4222.413143271321
146038.0 4222.413143271321
146110.0 4300.842158601469
150057.0 4300.842158601469
150108.0 3908.590048436812
154650.0 3908.590048436812
154711.0 3453.097704651635
159634.0 3453.097704651635
159716.0 2901.993864040045
165909.0 2901.993864040045
166012.0 3586.0845714285715
170387.0 3586.0845714285715
170513.0 3367.20625
175633.0 3367.20625
175715.0 1235.2465266558966
185000.0 1235.2465266558966
