11.0 3366.685185185185
443.0 3366.685185185185
515.0 3382.1739130434785
883.0 3382.1739130434785
918.0 3309.221489161169
3040.0 3309.221489161169
3111.0 3308.0230394328755
5368.0 3308.0230394328755
5413.0 3307.3380340107838
7824.0 3307.3380340107838
7912.0 3310.1570247933882
9848.0 3310.1570247933882
9909.0 3196.8755516328333
12175.0 3196.8755516328333
12210.0 3085.0530909090908
14960.0 3085.0530909090908
15009.0 3102.6211914506594
17208.0 3102.6211914506594
17313.0 3108.4625850340135
19665.0 3108.4625850340135
19713.0 3144.521957340025
22104.0 3144.521957340025
22401.0 3151.319879776728
24730.0 3151.319879776728
24813.0 3103.1577222449814
27254.0 3103.1577222449814
27310.0 3075.53115727003
30006.0 3075.53115727003
30113.0 3074.586431582982
35331.0 3074.586431582982
35416.0 3068.947424701479
41027.0 3068.947424701479
41112.0 3008.295615043521
47201.0 3008.295615043521
47312.0 3091.7800713079378
52641.0 3091.7800713079378
52715.0 3089.168492436098
58466.0 3089.168492436098
58512.0 3150.809349890431
63988.0 3150.809349890431
64115.0 3069.635816403311
69431.0 3069.635816403311
69509.0 3092.124311845143
75140.0 3092.124311845143
75214.0 3139.1195784353467
77681.0 3139.1195784353467
77710.0 3068.6265906099165
79989.0 3068.6265906099165
80110.0 3108.527909995673
82421.0 3108.527909995673
82516.0 3086.6609880749575
84864.0 3086.6609880749575
84913.0 3067.233618233618
87721.0 3067.233618233618
87814.0 3048.0281407035177
89804.0 3048.0281407035177
89916.0 3053.112593173794
92465.0 3053.112593173794
92511.0 3060.167777342219
95062.0 3060.167777342219
95305.0 3082.2373180414643
97572.0 3082.2373180414643
97614.0 3040.1302193913657
103266.0 3040.1302193913657
103313.0 3079.513703443429
109005.0 3079.513703443429
109112.0 3012.8603425559945
115184.0 3012.8603425559945
115314.0 3039.561409285479
121388.0 3039.561409285479
121513.0 2682.4497966843915
127907.0 2682.4497966843915
128016.0 2961.7552056881664
129985.0 2961.7552056881664
130015.0 3017.9646302250803
132503.0 3017.9646302250803
132612.0 3127.934595524957
134936.0 3127.934595524957
135203.0 3101.923333333333
137603.0 3101.923333333333
137716.0 3092.1206663665016
139937.0 3092.1206663665016
140010.0 3052.881608339538
142696.0 3052.881608339538
142815.0 3077.2743055555557
145119.0 3077.2743055555557
145214.0 3065.058011049724
151006.0 3065.058011049724
151112.0 3051.444982947406
156683.0 3051.444982947406
156811.0 3057.510717931269
162689.0 3057.510717931269
162810.0 3038.7604106139843
167973.0 3038.7604106139843
168013.0 3015.5843974112295
173730.0 3015.5843974112295
173812.0 3051.9595529536987
177570.0 3051.9595529536987
