11.0 4085.4157303370785
367.0 4085.4157303370785
410.0 4107.722772277228
713.0 4107.722772277228
812.0 4128.619926199262
1083.0 4128.619926199262
1110.0 4117.403973509934
1412.0 4117.403973509934
1518.0 4029.3036887316825
3497.0 4029.3036887316825
3612.0 4027.9472030169704
5203.0 4027.9472030169704
5311.0 6625.827255278311
7916.0 6625.827255278311
8004.0 6968.952453404337
10633.0 6968.952453404337
10704.0 3932.030607364897
14886.0 3932.030607364897
15012.0 4234.6530014641285
19110.0 4234.6530014641285
19208.0 4426.725050916497
23136.0 4426.725050916497
23209.0 4440.236536430834
26997.0 4440.236536430834
27109.0 4407.906234413965
31119.0 4407.906234413965
31209.0 4029.888864290458
35726.0 4029.888864290458
36001.0 4115.749615187276
39899.0 4115.749615187276
40010.0 3804.6539991162176
44536.0 3804.6539991162176
44608.0 4341.671486134155
48827.0 4341.671486134155
48908.0 4379.610845295056
52670.0 4379.610845295056
52710.0 4136.393015133876
57005.0 4136.393015133876
57109.0 4394.761079979623
61035.0 4394.761079979623
61109.0 4073.435846230654
65115.0 4073.435846230654
65209.0 4181.496637848223
69373.0 4181.496637848223
69409.0 4400.110918544194
73448.0 4400.110918544194
73702.0 4418.4274520399895
77403.0 4418.4274520399895
77509.0 4342.099776619509
81538.0 4342.099776619509
81609.0 4269.16299112801
85554.0 4269.16299112801
85611.0 4407.705611775529
89959.0 4407.705611775529
90011.0 4117.010438413361
93843.0 4117.010438413361
93910.0 4511.733685601057
97695.0 4511.733685601057
97809.0 4399.776365946633
101744.0 4399.776365946633
101809.0 4199.091902632887
105835.0 4199.091902632887
105911.0 4083.3688212927755
110119.0 4083.3688212927755
110402.0 4076.4167441860463
114702.0 4076.4167441860463
114809.0 4314.6433962264155
119049.0 4314.6433962264155
119109.0 4216.098652660425
123488.0 4216.098652660425
123612.0 4134.904532304725
127760.0 4134.904532304725
127808.0 4344.624611032532
131343.0 4344.624611032532
131410.0 4235.635108481262
135466.0 4235.635108481262
135510.0 4171.7888563049855
139602.0 4171.7888563049855
139711.0 4110.356715345942
143888.0 4110.356715345942
144011.0 4193.915464942815
148033.0 4193.915464942815
148304.0 3555.761546286877
153219.0 3555.761546286877
153310.0 4377.3656523981435
157188.0 4377.3656523981435
157309.0 4236.94892601432
161499.0 4236.94892601432
161610.0 4376.828012358394
165494.0 4376.828012358394
165610.0 4365.326208404178
169727.0 4365.326208404178
169809.0 4232.29565686539
173516.0 4232.29565686539
173608.0 4282.189766517636
177634.0 4282.189766517636
177711.0 4311.753383458647
180371.0 4311.753383458647
