25.0 1721.1928994082841
870.0 1721.1928994082841
926.0 1731.0709318497914
1645.0 1731.0709318497914
1729.0 1737.3540372670807
2373.0 1737.3540372670807
2426.0 1741.5350140056023
3140.0 1741.5350140056023
3232.0 1705.9523316062175
5162.0 1705.9523316062175
5232.0 1644.0389943560801
9130.0 1644.0389943560801
9227.0 1758.2815533980583
13347.0 1758.2815533980583
13421.0 1261.9211661460658
20144.0 1261.9211661460658
20259.0 968.1657442883496
27306.0 968.1657442883496
27421.0 2047.354802576309
30992.0 2047.354802576309
31120.0 2172.9919075144508
34580.0 2172.9919075144508
34615.0 1879.0128008192523
38521.0 1879.0128008192523
38627.0 2270.6258992805756
41963.0 2270.6258992805756
42201.0 3965.3907221425156
44292.0 3965.3907221425156
44429.0 1917.458576429405
47857.0 1917.458576429405
47916.0 2369.3808148861085
51033.0 2369.3808148861085
51122.0 2371.540018399264
54383.0 2371.540018399264
54516.0 2037.8809318377912
57993.0 2037.8809318377912
58132.0 1637.311230832988
62958.0 1637.311230832988
63030.0 1253.1863659487876
68927.0 1253.1863659487876
69041.0 1305.9011351153424
74503.0 1305.9011351153424
74626.0 1626.271121515216
79325.0 1626.271121515216
79617.0 1559.4458316552557
84583.0 1559.4458316552557
84612.0 3472.3932472691163
86626.0 3472.3932472691163
86719.0 2888.5436268596704
89206.0 2888.5436268596704
89316.0 3743.53305785124
91252.0 3743.53305785124
91310.0 5927.592567102546
92763.0 5927.592567102546
92809.0 6023.412115193644
93816.0 6023.412115193644
93908.0 6014.207109737249
95202.0 6014.207109737249
95310.0 5996.9241427086945
98197.0 5996.9241427086945
98308.0 2370.7115411583227
105439.0 2370.7115411583227
105521.0 2028.4282847361587
113992.0 2028.4282847361587
114128.0 2037.5528057553956
117603.0 2037.5528057553956
117719.0 2150.7743443261493
121570.0 2150.7743443261493
121623.0 2147.6839351125063
125445.0 2147.6839351125063
125520.0 1619.806091806092
130182.0 1619.806091806092
130237.0 1251.7055162051943
134896.0 1251.7055162051943
135038.0 2085.169675090253
138639.0 2085.169675090253
138720.0 2320.2425789977656
141853.0 2320.2425789977656
141919.0 2446.4725599737103
144962.0 2446.4725599737103
145210.0 2405.4640980735553
148065.0 2405.4640980735553
148123.0 1846.0243133723548
152565.0 1846.0243133723548
152624.0 1713.3977767037215
156762.0 1713.3977767037215
156830.0 1712.8546933391954
161379.0 1712.8546933391954
161426.0 1720.168609865471
165886.0 1720.168609865471
166028.0 1949.9905683792504
170057.0 1949.9905683792504
170122.0 2132.1270452358035
173239.0 2132.1270452358035
173323.0 2371.614711033275
176178.0 2371.614711033275
176216.0 2007.0381231671554
178603.0 2007.0381231671554
