32.0 1269.1169284467715
1178.0 1269.1169284467715
1235.0 1280.4938271604938
2207.0 1280.4938271604938
2335.0 1283.091743119266
3207.0 1283.091743119266
3335.0 1279.275720164609
4307.0 1279.275720164609
4432.0 1269.452427184466
5462.0 1269.452427184466
5548.0 1255.424630541872
7578.0 1255.424630541872
7647.0 1222.017543859649
13575.0 1222.017543859649
13636.0 1284.4657077971233
20241.0 1284.4657077971233
20337.0 1230.6392496392496
25881.0 1230.6392496392496
25937.0 1245.0790190735695
31809.0 1245.0790190735695
31935.0 1300.562532433835
37716.0 1300.562532433835
37832.0 1231.860355824102
43790.0 1231.860355824102
43957.0 1164.8260869565217
45061.0 1164.8260869565217
45135.0 1314.815356489945
46229.0 1314.815356489945
46330.0 1329.0723606168447
47173.0 1329.0723606168447
47238.0 1312.5788849347568
48081.0 1312.5788849347568
48137.0 1296.204759766502
50364.0 1296.204759766502
50442.0 1226.1138605295034
56221.0 1226.1138605295034
56340.0 1201.0433196534427
62919.0 1201.0433196534427
63039.0 1272.3898071625345
68847.0 1272.3898071625345
68939.0 1264.2382133995038
74581.0 1264.2382133995038
74636.0 1197.9695877096724
81015.0 1197.9695877096724
81136.0 1199.8316559926807
82229.0 1199.8316559926807
82350.0 1211.4763476347634
83259.0 1211.4763476347634
83341.0 1196.7706422018348
84322.0 1196.7706422018348
84433.0 1201.5822784810127
86961.0 1201.5822784810127
87036.0 1279.1017649267744
89699.0 1279.1017649267744
89839.0 1279.3874709976799
94580.0 1279.3874709976799
94631.0 1323.9850289214019
100509.0 1323.9850289214019
100634.0 1317.7731262660366
106558.0 1317.7731262660366
106639.0 1315.15753811406
111952.0 1315.15753811406
112031.0 1345.9587519830777
117704.0 1345.9587519830777
117835.0 1280.6105986616024
123364.0 1280.6105986616024
123440.0 1258.3761774536615
130022.0 1258.3761774536615
130134.0 1363.6651083722907
132487.0 1363.6651083722907
132530.0 1370.2101313320825
134662.0 1370.2101313320825
134731.0 1394.5430463576158
135486.0 1394.5430463576158
135530.0 1334.8038763267189
137697.0 1334.8038763267189
137836.0 1282.464406779661
140196.0 1282.464406779661
140339.0 1284.075595727198
142773.0 1284.075595727198
142838.0 1295.0405430888177
148141.0 1295.0405430888177
148231.0 1302.6274821286736
154526.0 1302.6274821286736
154633.0 1311.9985196151
160037.0 1311.9985196151
160136.0 1241.3216504699697
166413.0 1241.3216504699697
166536.0 1267.0440957886044
172591.0 1267.0440957886044
172737.0 1299.8861681005956
178781.0 1299.8861681005956
178833.0 1364.833746898263
179639.0 1364.833746898263
179737.0 1363.1194244604317
180432.0 1363.1194244604317
180539.0 1371.2366412213742
181194.0 1371.2366412213742
