118.0 404.11447624340093
3717.0 404.11447624340093
3940.0 406.4794252122796
7002.0 406.4794252122796
7240.0 404.7959479015919
10004.0 404.7959479015919
10242.0 603.6194174757281
12302.0 603.6194174757281
12435.0 1366.2863113897597
13392.0 1366.2863113897597
13532.0 1055.7074190177639
14489.0 1055.7074190177639
14656.0 875.3461812990721
16057.0 875.3461812990721
16147.0 929.6737967914438
17643.0 929.6737967914438
17746.0 992.3292181069959
18961.0 992.3292181069959
19058.0 1002.7573721025923
26349.0 1002.7573721025923
26452.0 1374.50676416819
31922.0 1374.50676416819
32033.0 984.7610358245003
39486.0 984.7610358245003
39544.0 838.9420755343892
48573.0 838.9420755343892
48650.0 830.4896073903002
50382.0 830.4896073903002
50474.0 664.1422643746296
52161.0 664.1422643746296
52271.0 853.1256746337702
53568.0 853.1256746337702
53663.0 1017.1416490486258
56501.0 1017.1416490486258
56644.0 1005.6299292214358
59611.0 1005.6299292214358
59741.0 947.6542056074767
63165.0 947.6542056074767
63241.0 1038.2186007305422
70359.0 1038.2186007305422
70453.0 897.6632267807702
78399.0 897.6632267807702
78721.0 1127.2285714285715
79841.0 1127.2285714285715
79934.0 1449.078453038674
80839.0 1449.078453038674
80934.0 1069.3623639191292
83506.0 1069.3623639191292
83830.0 840.8948598130842
87254.0 840.8948598130842
87354.0 837.7275234418091
90980.0 837.7275234418091
91050.0 994.4338990878651
99711.0 994.4338990878651
100020.0 1020.1103262697612
105966.0 1020.1103262697612
106041.0 1006.3361608545398
109224.0 1006.3361608545398
109347.0 984.5020644095789
110558.0 984.5020644095789
110830.0 730.9158444573418
112553.0 730.9158444573418
112670.0 797.4075949367088
114250.0 797.4075949367088
114340.0 1059.3168635875402
117133.0 1059.3168635875402
117438.0 757.1517652453003
121800.0 757.1517652453003
121990.0 927.5082485875706
130840.0 927.5082485875706
130948.0 1260.4800534134536
136939.0 1260.4800534134536
137213.0 947.4729488220959
143368.0 947.4729488220959
143446.0 1076.0173535791757
144368.0 1076.0173535791757
144447.0 1068.5481481481481
145527.0 1068.5481481481481
145824.0 1058.1375661375662
146958.0 1058.1375661375662
147049.0 889.6453170260702
150156.0 889.6453170260702
150257.0 836.3349646547036
153935.0 836.3349646547036
154237.0 765.0331534309946
158128.0 765.0331534309946
158262.0 830.8568991256132
167640.0 830.8568991256132
167772.0 717.6755846585594
178462.0 717.6755846585594
178559.0 858.8276324614353
180050.0 858.8276324614353
180162.0 866.1858267716535
181432.0 866.1858267716535
181559.0 860.4613987284287
182660.0 860.4613987284287
182928.0 840.9737827715355
183996.0 840.9737827715355
