13.0 2998.779381443299
498.0 2998.779381443299
625.0 3028.3211678832117
1036.0 3028.3211678832117
1121.0 2969.837037037037
2066.0 2969.837037037037
2117.0 2969.747572815534
3147.0 2969.747572815534
3215.0 2964.2406356413167
4977.0 2964.2406356413167
5016.0 2980.7157894736843
5871.0 2980.7157894736843
5915.0 2972.746048472076
6864.0 2972.746048472076
6916.0 2957.091669571279
9785.0 2957.091669571279
9917.0 2922.814077497334
15543.0 2922.814077497334
15613.0 2978.648815653965
21439.0 2978.648815653965
21509.0 3083.556658982089
27148.0 3083.556658982089
27218.0 3083.3393217231896
32673.0 3083.3393217231896
32716.0 3242.6534580810862
38167.0 3242.6534580810862
38214.0 3243.987480438185
40770.0 3243.987480438185
40813.0 3253.9841584158416
42833.0 3253.9841584158416
43105.0 3249.168499780026
45378.0 3249.168499780026
45416.0 3246.6801007556674
47798.0 3246.6801007556674
47910.0 3251.818265259293
50089.0 3251.818265259293
50212.0 3169.540312876053
52705.0 3169.540312876053
52817.0 3152.7474402730377
55161.0 3152.7474402730377
55217.0 3167.3493788819874
60369.0 3167.3493788819874
60414.0 3252.1016062756817
65768.0 3252.1016062756817
65814.0 3236.57767255509
71305.0 3236.57767255509
71416.0 3218.382208226727
76497.0 3218.382208226727
76610.0 3143.633423180593
82175.0 3143.633423180593
82212.0 3145.069654528478
87567.0 3145.069654528478
87615.0 3096.575214089514
93804.0 3096.575214089514
93914.0 3022.874880245258
99133.0 3022.874880245258
99406.0 3097.0097932535364
104920.0 3097.0097932535364
105015.0 3252.7033333333334
107415.0 3252.7033333333334
107514.0 3317.868945868946
109620.0 3317.868945868946
109713.0 3308.329289428076
112021.0 3308.329289428076
112113.0 3278.0074074074073
114273.0 3278.0074074074073
114313.0 3268.5998421468034
116847.0 3268.5998421468034
116915.0 3144.999233716475
119525.0 3144.999233716475
119613.0 3108.907369287773
122042.0 3108.907369287773
122114.0 3227.2805755395684
123921.0 3227.2805755395684
124203.0 3244.8988764044943
126517.0 3244.8988764044943
126614.0 3257.8167938931297
131854.0 3257.8167938931297
131913.0 3217.5712143928035
137249.0 3217.5712143928035
137315.0 3182.6279245283017
142615.0 3182.6279245283017
142713.0 3187.409812146635
148196.0 3187.409812146635
148315.0 3195.073216638434
153628.0 3195.073216638434
153716.0 3124.945608167576
159397.0 3124.945608167576
159514.0 2953.370396108409
165270.0 2953.370396108409
165312.0 2919.43599740091
171468.0 2919.43599740091
171704.0 3072.51040221914
173867.0 3072.51040221914
173913.0 3069.3381686310063
176119.0 3069.3381686310063
176211.0 3074.9679075738127
177769.0 3074.9679075738127
