55.0 809.353366722315
1852.0 809.353366722315
1964.0 815.0884086444008
3491.0 815.0884086444008
3656.0 807.2554112554112
5042.0 807.2554112554112
5162.0 814.3130320890635
6689.0 814.3130320890635
6854.0 838.7017318794099
8413.0 838.7017318794099
8546.0 991.4739941118744
9565.0 991.4739941118744
9648.0 1018.5714285714286
10852.0 1018.5714285714286
10967.0 854.0405372405372
15062.0 854.0405372405372
15163.0 825.3888216791677
23429.0 825.3888216791677
23563.0 389.52623808884715
31014.0 389.52623808884715
31290.0 349.790382244143
34534.0 349.790382244143
34830.0 462.3182827535159
37532.0 462.3182827535159
37793.0 426.9482071713147
40805.0 426.9482071713147
40973.0 775.8403451995684
42827.0 775.8403451995684
43030.0 469.8504966021955
48769.0 469.8504966021955
48869.0 775.4057463209531
50296.0 775.4057463209531
50457.0 841.0783882783883
51822.0 841.0783882783883
52011.0 294.10007322431045
56108.0 294.10007322431045
56368.0 329.53225404732257
60383.0 329.53225404732257
60469.0 713.7732742241925
62048.0 713.7732742241925
62156.0 369.87390836224426
70515.0 369.87390836224426
70779.0 274.81410535481064
75373.0 274.81410535481064
75587.0 478.96859021183343
78325.0 478.96859021183343
78471.0 319.38283062645013
81919.0 319.38283062645013
82222.0 578.3408866995073
84252.0 578.3408866995073
84364.0 462.76660572821453
90928.0 462.76660572821453
91080.0 730.7976829006651
95741.0 730.7976829006651
95868.0 690.9401709401709
97155.0 690.9401709401709
97358.0 324.7463002114165
101142.0 324.7463002114165
101432.0 922.7801857585139
102724.0 922.7801857585139
102856.0 587.1179487179487
105001.0 587.1179487179487
105304.0 517.4625949264824
111493.0 517.4625949264824
111681.0 436.2536125036862
118463.0 436.2536125036862
118576.0 443.6722192369694
126020.0 443.6722192369694
126198.0 719.4704112337012
128192.0 719.4704112337012
128362.0 786.301167793485
129989.0 786.301167793485
130156.0 952.8325791855203
131261.0 952.8325791855203
131351.0 952.1132323897301
134389.0 952.1132323897301
134648.0 319.12863770560944
144132.0 319.12863770560944
144491.0 408.7679832592205
152137.0 408.7679832592205
152243.0 827.793006993007
153673.0 827.793006993007
153793.0 598.9158186864015
155955.0 598.9158186864015
156082.0 695.2004787552364
157753.0 695.2004787552364
157877.0 762.8644161593802
159684.0 762.8644161593802
159751.0 889.3552521593758
163340.0 889.3552521593758
163459.0 940.4274626865672
166809.0 940.4274626865672
166948.0 486.8033987694111
180600.0 486.8033987694111
180743.0 1007.8382978723404
181683.0 1007.8382978723404
181926.0 376.58700209643604
184311.0 376.58700209643604
