16.0 2625.285198555957
570.0 2625.285198555957
616.0 2636.9491525423728
1088.0 2636.9491525423728
1222.0 2608.055944055944
1651.0 2608.055944055944
1720.0 2587.851099830795
2902.0 2587.851099830795
3018.0 2575.578811369509
6114.0 2575.578811369509
6213.0 2572.6471296668005
8704.0 2572.6471296668005
8814.0 2576.145092460882
11626.0 2576.145092460882
11722.0 2564.660217654172
15030.0 2564.660217654172
15113.0 2543.8717375093215
17795.0 2543.8717375093215
17917.0 2789.433040824113
20538.0 2789.433040824113
20614.0 3115.8524658101946
23027.0 3115.8524658101946
23115.0 3029.0647957078004
25538.0 3029.0647957078004
25805.0 2803.4078460399705
28507.0 2803.4078460399705
28616.0 3047.2737963983827
31337.0 3047.2737963983827
31413.0 3745.3264957264955
33168.0 3745.3264957264955
33213.0 2772.4785058766706
39424.0 2772.4785058766706
39516.0 3254.710732054016
45144.0 3254.710732054016
45212.0 3287.985631610457
50223.0 3287.985631610457
50307.0 3456.382879377432
55447.0 3456.382879377432
55513.0 3642.35423263669
60250.0 3642.35423263669
60310.0 3972.29406037001
64418.0 3972.29406037001
64511.0 4331.281592039801
68531.0 4331.281592039801
68611.0 3253.166392092257
74074.0 3253.166392092257
74305.0 1605.241975066261
84492.0 1605.241975066261
84644.0 1835.4966008953738
90675.0 1835.4966008953738
90714.0 3221.1022222222223
92964.0 3221.1022222222223
93016.0 3222.144407033296
95689.0 3222.144407033296
95811.0 2990.915187376726
97839.0 2990.915187376726
97913.0 2827.9011627906975
100665.0 2827.9011627906975
100719.0 2837.6910214467466
103470.0 2837.6910214467466
103515.0 3225.961218836565
105681.0 3225.961218836565
105708.0 3667.4466858789624
107790.0 3667.4466858789624
107912.0 3666.7509062661834
109843.0 3666.7509062661834
110102.0 3499.210815378116
112469.0 3499.210815378116
112512.0 3444.5858161980696
114895.0 3444.5858161980696
115016.0 3299.0159646085785
120215.0 3299.0159646085785
120316.0 3238.77013918178
125058.0 3238.77013918178
125111.0 4116.878983944404
129284.0 4116.878983944404
129417.0 3679.879284328519
134056.0 3679.879284328519
134117.0 3643.6672325976233
138829.0 3643.6672325976233
138913.0 4036.355108877722
143092.0 4036.355108877722
143212.0 3264.8174855221373
148565.0 3264.8174855221373
148617.0 3306.471367354889
153751.0 3306.471367354889
154005.0 3405.489353539229
159218.0 3405.489353539229
159317.0 3576.6042499474015
164070.0 3576.6042499474015
164112.0 3523.240148990394
169213.0 3523.240148990394
169315.0 3469.5090667846084
173837.0 3469.5090667846084
173915.0 3909.318820861678
178325.0 3909.318820861678
178412.0 4204.275659824047
181140.0 4204.275659824047
