17.0 2654.029197080292
565.0 2654.029197080292
619.0 2688.207343412527
1082.0 2688.207343412527
1118.0 2663.942857142857
1538.0 2663.942857142857
1620.0 2634.659776055125
2781.0 2634.659776055125
2818.0 2636.099279423539
4067.0 2636.099279423539
4121.0 2626.1955835962144
5706.0 2626.1955835962144
5823.0 2624.68115942029
8583.0 2624.68115942029
8718.0 3125.974944731024
11432.0 3125.974944731024
11507.0 4147.516109422492
13152.0 4147.516109422492
13209.0 4388.417767106843
14875.0 4388.417767106843
14908.0 4458.506666666667
18808.0 4458.506666666667
18908.0 4737.92
22458.0 4737.92
22505.0 3330.012057272042
27813.0 3330.012057272042
27916.0 3338.1639464514947
33369.0 3338.1639464514947
33412.0 3314.0243751291055
38253.0 3314.0243751291055
38320.0 2683.8940149625937
44736.0 2683.8940149625937
44820.0 4645.577479076845
48763.0 4645.577479076845
48808.0 4479.634584013051
52486.0 4479.634584013051
52799.0 4320.47859922179
56911.0 4320.47859922179
57010.0 3640.048945147679
61750.0 3640.048945147679
61812.0 3633.530171454019
66303.0 3633.530171454019
66410.0 4055.847193105055
70703.0 4055.847193105055
70811.0 4128.234146341463
75116.0 4128.234146341463
75212.0 4258.489583333333
79052.0 4258.489583333333
79107.0 4518.161157024793
82979.0 4518.161157024793
83110.0 4676.991946681477
86711.0 4676.991946681477
86809.0 4688.039138943249
90897.0 4688.039138943249
91201.0 4930.12
94401.0 4930.12
94515.0 5111.317569589944
97856.0 5111.317569589944
97910.0 4460.994589023448
101791.0 4460.994589023448
101911.0 4349.252379727296
105798.0 4349.252379727296
105910.0 4775.657587548638
109508.0 4775.657587548638
109612.0 4934.851351351352
113164.0 4934.851351351352
113208.0 5128.704233249229
116775.0 5128.704233249229
116811.0 5212.392998306042
120353.0 5212.392998306042
120411.0 5484.996482251359
123538.0 5484.996482251359
123800.0 5485.088571428571
126600.0 5485.088571428571
126706.0 6708.213978914487
129267.0 6708.213978914487
129309.0 6707.646365422397
131854.0 6707.646365422397
131910.0 4422.709943328181
135792.0 4422.709943328181
135911.0 3938.3441512958207
140194.0 3938.3441512958207
140313.0 4069.9972054028876
144607.0 4069.9972054028876
144712.0 4129.2687910484065
148823.0 4129.2687910484065
148910.0 4128.561860465116
153210.0 4128.561860465116
153310.0 4130.126336248785
157426.0 4130.126336248785
157702.0 4308.810357228483
161873.0 4308.810357228483
161911.0 4604.966245964191
165318.0 4604.966245964191
165410.0 4878.3520090548955
168944.0 4878.3520090548955
169012.0 4747.211920529801
171428.0 4747.211920529801
