25.0 1499.3896907216495
995.0 1499.3896907216495
1132.0 1512.3207776427703
1955.0 1512.3207776427703
2028.0 1511.9675675675676
2768.0 1511.9675675675676
2833.0 1510.8821385176184
3656.0 1510.8821385176184
3729.0 1502.9149425287355
4599.0 1502.9149425287355
4729.0 1512.443113772455
5397.0 1512.443113772455
5535.0 1152.7880330999365
11819.0 1152.7880330999365
11941.0 1221.7592165898618
18885.0 1221.7592165898618
19026.0 1041.4690886887497
25577.0 1041.4690886887497
25633.0 1180.3525992896352
31827.0 1180.3525992896352
31974.0 834.3748751525912
40985.0 834.3748751525912
41222.0 1221.0987292277614
42245.0 1221.0987292277614
42336.0 1194.0278551532033
43413.0 1194.0278551532033
43534.0 1194.6910299003323
44738.0 1194.6910299003323
44850.0 585.2988929889299
49457.0 585.2988929889299
49595.0 576.9421031902324
54673.0 576.9421031902324
54723.0 1649.528735632184
55419.0 1649.528735632184
55530.0 1655.1208791208792
56258.0 1655.1208791208792
56333.0 947.4952751528627
61730.0 947.4952751528627
61858.0 969.4398530762168
69481.0 969.4398530762168
69525.0 853.3116401483431
77884.0 853.3116401483431
77979.0 625.3075780089154
79998.0 625.3075780089154
80173.0 625.377205531712
82270.0 625.377205531712
82387.0 1474.206157965194
83134.0 1474.206157965194
83235.0 1454.810408921933
84042.0 1454.810408921933
84135.0 1242.8805237315876
86579.0 1242.8805237315876
86647.0 1076.2236966824644
89812.0 1076.2236966824644
89938.0 1283.2663812973328
92975.0 1283.2663812973328
93037.0 788.0895189873418
102912.0 788.0895189873418
103033.0 895.1367962389634
111754.0 895.1367962389634
111880.0 563.727842435094
114114.0 563.727842435094
114285.0 558.7157427937916
116540.0 558.7157427937916
116690.0 563.4106705824768
118733.0 563.4106705824768
118881.0 1109.0347752332484
120060.0 1109.0347752332484
120131.0 1512.1131008482564
122253.0 1512.1131008482564
122332.0 1250.5513698630136
124668.0 1250.5513698630136
124917.0 1205.144864641455
129756.0 1205.144864641455
129839.0 1231.943560295324
135934.0 1231.943560295324
136045.0 1292.5533428165006
141669.0 1292.5533428165006
141733.0 1113.1303827751196
148421.0 1113.1303827751196
148530.0 1415.3241167434717
150483.0 1415.3241167434717
150533.0 802.8235754846289
160747.0 802.8235754846289
160844.0 989.5059625212947
162018.0 989.5059625212947
162154.0 1021.1081481481482
163504.0 1021.1081481481482
163621.0 1669.4016736401675
165533.0 1669.4016736401675
165827.0 785.8083616723345
175825.0 785.8083616723345
176000.0 500.22010680287906
184614.0 500.22010680287906
184726.0 1864.8976377952756
185234.0 1864.8976377952756
185326.0 1851.8762886597938
185811.0 1851.8762886597938
