39.0 1092.718256949662
1370.0 1092.718256949662
1446.0 1109.3048128342245
2568.0 1109.3048128342245
2645.0 1462.556862745098
3410.0 1462.556862745098
3520.0 2041.799671592775
4129.0 2041.799671592775
4218.0 2842.4695652173914
4678.0 2842.4695652173914
4720.0 2822.2724252491694
5623.0 2822.2724252491694
5721.0 1418.6641414141413
8889.0 1418.6641414141413
9045.0 1381.5170167725125
15186.0 1381.5170167725125
15323.0 1827.1730048205677
19057.0 1827.1730048205677
19116.0 2028.6082130965594
22720.0 2028.6082130965594
22825.0 1769.487408802071
27074.0 1769.487408802071
27147.0 1060.3039583935279
34069.0 1060.3039583935279
34151.0 1440.6253328261696
39409.0 1440.6253328261696
39525.0 1832.8099027409373
44049.0 1832.8099027409373
44129.0 1445.5790631185398
48676.0 1445.5790631185398
48919.0 1166.9078843419181
55248.0 1166.9078843419181
55337.0 2584.756684491979
58329.0 2584.756684491979
58413.0 2959.779448621554
60807.0 2959.779448621554
60918.0 2265.3853211009173
64406.0 2265.3853211009173
64523.0 1752.0246562351826
68741.0 1752.0246562351826
68819.0 1824.7203888462523
72728.0 1824.7203888462523
72863.0 1490.5106299980496
77990.0 1490.5106299980496
78123.0 1514.6113827498534
83236.0 1514.6113827498534
83345.0 794.7948630526196
92144.0 794.7948630526196
92274.0 735.609022556391
93870.0 735.609022556391
93969.0 736.5454545454545
95641.0 736.5454545454545
95773.0 733.8416540595058
97756.0 733.8416540595058
97872.0 741.651376146789
99071.0 741.651376146789
99178.0 781.260487804878
103278.0 781.260487804878
103363.0 833.5234131113424
107207.0 833.5234131113424
107351.0 866.0453309156845
110660.0 866.0453309156845
110743.0 1027.6541598694944
111969.0 1027.6541598694944
112220.0 1028.639857015192
113339.0 1028.639857015192
113446.0 1025.5309803921568
114721.0 1025.5309803921568
114850.0 1475.2782171099927
120414.0 1475.2782171099927
120524.0 2433.624234611666
123627.0 2433.624234611666
123721.0 1771.475091130012
127013.0 1771.475091130012
127121.0 2416.702928870293
130228.0 2416.702928870293
130320.0 2422.299233588804
133321.0 2422.299233588804
133419.0 2418.6536712150746
136497.0 2418.6536712150746
136617.0 2331.9524617996603
139562.0 2331.9524617996603
139619.0 2235.5616139585604
143287.0 2235.5616139585604
143606.0 2153.064075311266
146899.0 2153.064075311266
147025.0 1864.0612440191387
151205.0 1864.0612440191387
151325.0 1864.8400583373846
155439.0 1864.8400583373846
155521.0 911.639823624971
164139.0 911.639823624971
164251.0 983.9857862007699
171005.0 983.9857862007699
171122.0 2446.156069364162
173890.0 2446.156069364162
174019.0 3267.9399727148702
175485.0 3267.9399727148702
