29.0 1440.0079207920792
1039.0 1440.0079207920792
1132.0 1452.3220536756126
1989.0 1452.3220536756126
2132.0 1447.4204398447607
2905.0 1447.4204398447607
3031.0 1447.5622817229337
3890.0 1447.5622817229337
4032.0 1440.0176211453745
4940.0 1440.0176211453745
5032.0 1449.5150645624103
5729.0 1449.5150645624103
5839.0 1240.2191405581236
11680.0 1240.2191405581236
11848.0 1095.8274347713768
19590.0 1095.8274347713768
19740.0 1034.5206974981047
26335.0 1034.5206974981047
26443.0 1036.5949241457536
33496.0 1036.5949241457536
33645.0 1131.3260219341973
34648.0 1131.3260219341973
34914.0 1285.1687242798355
35886.0 1285.1687242798355
36038.0 1284.6833166833167
37039.0 1284.6833166833167
37144.0 1270.6661791590493
39879.0 1270.6661791590493
39935.0 1200.0320427236315
42182.0 1200.0320427236315
42236.0 1066.9016751638746
44982.0 1066.9016751638746
45048.0 1019.590243902439
52633.0 1019.590243902439
52770.0 982.8980441115273
59979.0 982.8980441115273
60032.0 1297.129411764706
61052.0 1297.129411764706
61135.0 918.2455268389662
69183.0 918.2455268389662
69349.0 941.7523105360443
76923.0 941.7523105360443
77051.0 1018.141935483871
78291.0 1018.141935483871
78444.0 1018.9712509712509
79731.0 1018.9712509712509
79850.0 933.2880895826264
82797.0 933.2880895826264
82953.0 918.9990424513246
86086.0 918.9990424513246
86257.0 920.205998182369
89558.0 920.205998182369
89648.0 941.9933628318585
93264.0 941.9933628318585
93352.0 946.2214650766609
95700.0 946.2214650766609
95853.0 935.2315328467154
99278.0 935.2315328467154
99355.0 922.9709151099551
107813.0 922.9709151099551
107944.0 986.9254237288136
115024.0 986.9254237288136
115143.0 1170.2105747126436
121668.0 1170.2105747126436
121735.0 1167.391480730223
122721.0 1167.391480730223
122851.0 896.1973954763537
124310.0 896.1973954763537
124460.0 821.6632302405499
126206.0 821.6632302405499
126355.0 823.2380952380952
127909.0 823.2380952380952
128057.0 811.2798483891346
131223.0 811.2798483891346
131357.0 893.8566131025958
134593.0 893.8566131025958
134742.0 1048.963924963925
141672.0 1048.963924963925
141731.0 1384.272220156192
147109.0 1384.272220156192
147229.0 949.7441571013691
154460.0 949.7441571013691
154546.0 1010.728460495501
162659.0 1010.728460495501
162743.0 1147.905138339921
163755.0 1147.905138339921
163840.0 1135.499176276771
165054.0 1135.499176276771
165139.0 1138.1601362862011
166313.0 1138.1601362862011
166452.0 860.7737704918032
170112.0 860.7737704918032
170250.0 861.5562784645413
173324.0 861.5562784645413
173454.0 943.9729526671675
176116.0 943.9729526671675
176239.0 1180.8719723183392
177973.0 1180.8719723183392
