16.0 3023.7172557172557
497.0 3023.7172557172557
618.0 3020.970873786408
1030.0 3020.970873786408
1117.0 3032.130081300813
1486.0 3032.130081300813
1522.0 2981.325536062378
2548.0 2981.325536062378
2619.0 3017.5368852459014
6523.0 3017.5368852459014
6621.0 2236.8111692844677
9486.0 2236.8111692844677
9547.0 1477.487252702427
14450.0 1477.487252702427
14518.0 2845.0355466130113
17500.0 2845.0355466130113
17621.0 2211.560453808752
20706.0 2211.560453808752
20821.0 2046.7816349384098
24393.0 2046.7816349384098
24520.0 2584.5830182193195
27429.0 2584.5830182193195
27518.0 2444.030636030636
30521.0 2444.030636030636
30617.0 2441.12407347728
33720.0 2441.12407347728
34008.0 2440.1506768687464
37406.0 2440.1506768687464
37517.0 2441.696879643388
40209.0 2441.696879643388
40325.0 2174.0830144244924
43722.0 2174.0830144244924
43823.0 2247.483870967742
47264.0 2247.483870967742
47315.0 2984.714406065712
49689.0 2984.714406065712
49821.0 3205.543204868154
52286.0 3205.543204868154
52410.0 3188.1104400345125
54728.0 3188.1104400345125
54819.0 2247.269061121613
57993.0 2247.269061121613
58130.0 1651.2203975799482
62758.0 1651.2203975799482
63014.0 2283.080188679245
66406.0 2283.080188679245
66520.0 2284.6782097353807
69581.0 2284.6782097353807
69621.0 2620.8712148850786
72362.0 2620.8712148850786
72416.0 3582.5407810182896
74439.0 3582.5407810182896
74518.0 3371.1000879507474
80203.0 3371.1000879507474
80316.0 2271.6175665946726
87261.0 2271.6175665946726
87315.0 3647.354122170013
91997.0 3647.354122170013
92115.0 3636.446124763705
96876.0 3636.446124763705
96917.0 3326.5533254624165
101999.0 3326.5533254624165
102118.0 3324.848297213622
107286.0 3324.848297213622
107418.0 3662.4722106142917
112204.0 3662.4722106142917
112310.0 3674.249447680257
117289.0 3674.249447680257
117604.0 3018.6880313930674
123720.0 3018.6880313930674
123814.0 3014.338137082601
129504.0 3014.338137082601
129614.0 3687.45450180072
133779.0 3687.45450180072
133816.0 3704.1259163432514
138454.0 3704.1259163432514
138515.0 3709.465449804433
143117.0 3709.465449804433
143216.0 3604.652529918119
147979.0 3604.652529918119
148017.0 3525.9046822742475
152801.0 3525.9046822742475
152915.0 3622.8374792703153
157739.0 3622.8374792703153
157817.0 3625.67791542076
162499.0 3625.67791542076
162616.0 2899.804986974321
165303.0 2899.804986974321
165419.0 2873.3902621722846
168089.0 2873.3902621722846
168220.0 2886.3012490815577
170942.0 2886.3012490815577
171022.0 2885.731654363873
173325.0 2885.731654363873
173419.0 2876.3636363636365
175773.0 2876.3636363636365
175820.0 2983.063511830635
177426.0 2983.063511830635
