5.0 7382.781725888325
202.0 7382.781725888325
310.0 7318.623853211009
746.0 7318.623853211009
805.0 7308.583333333333
1189.0 7308.583333333333
1306.0 7300.334128878281
1725.0 7300.334128878281
1806.0 7273.798045602606
4262.0 7273.798045602606
4305.0 7272.003745318352
6441.0 7272.003745318352
6505.0 7267.486315789473
8880.0 7267.486315789473
8904.0 7273.273521238587
11423.0 7273.273521238587
11502.0 4742.933948658782
14969.0 4742.933948658782
15009.0 3977.448544579418
19372.0 3977.448544579418
19419.0 2740.453270291568
25764.0 2740.453270291568
25815.0 2160.5158638407192
33600.0 2160.5158638407192
33901.0 4089.704766311893
38223.0 4089.704766311893
38314.0 4088.7259658580415
42766.0 4088.7259658580415
42809.0 4289.623529411765
46549.0 4289.623529411765
46611.0 4223.660534706893
50688.0 4223.660534706893
50810.0 4098.794361154621
55279.0 4098.794361154621
55310.0 4162.732693279434
59268.0 4162.732693279434
59310.0 4035.8491594729667
63712.0 4035.8491594729667
63815.0 3904.465263634306
68234.0 3904.465263634306
68311.0 4088.7456777749935
72302.0 4088.7456777749935
72601.0 4143.682056163731
76803.0 4143.682056163731
76911.0 3997.3117408906883
81357.0 3997.3117408906883
81412.0 4111.792808649736
85389.0 4111.792808649736
85511.0 4118.248587570622
89759.0 4118.248587570622
89809.0 4230.557146445617
93790.0 4230.557146445617
93911.0 3995.1436314363145
98708.0 3995.1436314363145
98815.0 3884.8520068948533
102876.0 3884.8520068948533
102909.0 4094.2009110525055
107080.0 4094.2009110525055
107111.0 4083.2830188679245
111351.0 4083.2830188679245
111603.0 4266.921756688541
115565.0 4266.921756688541
115610.0 4118.604026845637
119782.0 4118.604026845637
119909.0 4064.1298400185487
124222.0 4064.1298400185487
124314.0 4088.1697926949655
126340.0 4088.1697926949655
126411.0 4081.7742416708106
128422.0 4081.7742416708106
128511.0 4049.0809651474533
130376.0 4049.0809651474533
130412.0 4020.483769633508
134232.0 4020.483769633508
134313.0 3907.1494200591314
138710.0 3907.1494200591314
138814.0 4063.5467745774818
143015.0 4063.5467745774818
143301.0 4126.161980293199
147462.0 4126.161980293199
147515.0 4086.9565217391305
150137.0 4086.9565217391305
150401.0 4069.498759305211
152416.0 4069.498759305211
152513.0 4026.144236229415
154274.0 4026.144236229415
154310.0 4077.357831878732
158664.0 4077.357831878732
158710.0 4130.126336248785
162826.0 4130.126336248785
162913.0 4008.933303591345
167396.0 4008.933303591345
167512.0 4000.2855685874556
171434.0 4000.2855685874556
171511.0 4030.8851999064764
175788.0 4030.8851999064764
176103.0 4061.3541076487254
178927.0 4061.3541076487254
