35.0 1366.9248120300751
1099.0 1366.9248120300751
1232.0 1376.8141592920354
2136.0 1376.8141592920354
2233.0 1376.2066420664207
3046.0 1376.2066420664207
3136.0 1378.5543237250554
4038.0 1378.5543237250554
4136.0 1366.2863113897597
5093.0 1366.2863113897597
5235.0 1376.4468664850135
5969.0 1376.4468664850135
6040.0 1348.4959046909903
11412.0 1348.4959046909903
11534.0 1346.6501587301586
17834.0 1346.6501587301586
17938.0 1345.4277262867286
23009.0 1345.4277262867286
23133.0 1329.0499909107434
28634.0 1329.0499909107434
28732.0 1409.8166135383462
34065.0 1409.8166135383462
34130.0 988.6077586206897
41554.0 988.6077586206897
41631.0 1527.2779097387174
42473.0 1527.2779097387174
42528.0 1522.1248677248677
43473.0 1522.1248677248677
43528.0 1543.2617079889808
44254.0 1543.2617079889808
44348.0 1514.8459152016546
46282.0 1514.8459152016546
46333.0 1494.1242236024846
48265.0 1494.1242236024846
48332.0 1482.9870238593553
53110.0 1482.9870238593553
53231.0 1465.1704060819582
58624.0 1465.1704060819582
58737.0 1304.5083848190645
64402.0 1304.5083848190645
64542.0 1216.791538723985
70404.0 1216.791538723985
70532.0 1357.8265813788203
76160.0 1357.8265813788203
76236.0 1180.519512195122
82796.0 1180.519512195122
82941.0 1047.5434391851409
89617.0 1047.5434391851409
89752.0 993.1783373577096
92651.0 993.1783373577096
92747.0 979.5549822637859
95848.0 979.5549822637859
95946.0 989.2644459551326
97417.0 989.2644459551326
97553.0 1036.7372841810545
99696.0 1036.7372841810545
99835.0 1327.0410367170625
100761.0 1327.0410367170625
100835.0 1305.1177189409368
103290.0 1305.1177189409368
103438.0 1310.3539094650205
105625.0 1310.3539094650205
105734.0 897.5695309744916
114241.0 897.5695309744916
114367.0 1121.7515842839036
120679.0 1121.7515842839036
120734.0 1366.7709570957095
126794.0 1366.7709570957095
126930.0 1331.2435939020434
133096.0 1331.2435939020434
133237.0 1349.693655049151
138832.0 1349.693655049151
138927.0 1519.3073593073593
139620.0 1519.3073593073593
139733.0 1523.9447004608294
140384.0 1523.9447004608294
140440.0 1414.7904261529482
143866.0 1414.7904261529482
143937.0 1332.8102345415778
146282.0 1332.8102345415778
146336.0 1332.1098795180724
148411.0 1332.1098795180724
148533.0 1483.1436837029894
150607.0 1483.1436837029894
150736.0 1452.2818517001228
155618.0 1452.2818517001228
155738.0 1372.5164699665315
161415.0 1372.5164699665315
161534.0 1484.7981420553513
166701.0 1484.7981420553513
166835.0 1294.3182866556838
172905.0 1294.3182866556838
173033.0 1388.062893081761
174941.0 1388.062893081761
175029.0 1624.9004079673625
179196.0 1624.9004079673625
179326.0 1353.3333333333333
182866.0 1353.3333333333333
