12.0 3446.4644549763034
434.0 3446.4644549763034
515.0 3466.963788300836
874.0 3466.963788300836
917.0 3405.9417475728155
1741.0 3405.9417475728155
1811.0 3402.4916573971077
2710.0 3402.4916573971077
2812.0 3408.3726708074532
3778.0 3408.3726708074532
3816.0 3406.9452418926103
5697.0 3406.9452418926103
5810.0 3682.8266395526184
7777.0 3682.8266395526184
7812.0 3061.6730422230244
10583.0 3061.6730422230244
10712.0 2249.1795923950212
18023.0 2249.1795923950212
18110.0 4819.1080255484585
21711.0 4819.1080255484585
21812.0 4819.339246119734
25420.0 4819.339246119734
25511.0 4600.551422319475
29167.0 4600.551422319475
29211.0 4623.516609992153
33034.0 4623.516609992153
33113.0 4367.324376199616
37281.0 4367.324376199616
37414.0 3196.491731420602
42433.0 3196.491731420602
42510.0 4427.83851889946
46399.0 4427.83851889946
46703.0 1602.7221979175781
58132.0 1602.7221979175781
58249.0 3296.912827781715
59660.0 3296.912827781715
59708.0 4081.1109337589783
60961.0 4081.1109337589783
61016.0 3823.0936368339367
62949.0 3823.0936368339367
63012.0 2740.235113330772
65615.0 2740.235113330772
65745.0 1157.1544518473652
72349.0 1157.1544518473652
72439.0 2777.692969870875
75227.0 2777.692969870875
75312.0 3998.5134362492854
77061.0 3998.5134362492854
77110.0 3973.3451327433627
78918.0 3973.3451327433627
79009.0 3995.303197353914
80823.0 3995.303197353914
80913.0 2907.266990291262
87505.0 2907.266990291262
87623.0 2469.3041164501487
94012.0 2469.3041164501487
94113.0 3829.9133858267714
96145.0 3829.9133858267714
96213.0 3232.5002070393375
98628.0 3232.5002070393375
98716.0 2684.376488666923
101319.0 2684.376488666923
101421.0 2385.3870665417057
104622.0 2385.3870665417057
104725.0 2676.9361058601135
107370.0 2676.9361058601135
107414.0 4153.777331995988
109408.0 4153.777331995988
109701.0 3811.3740710156894
114545.0 3811.3740710156894
114610.0 3676.652518756699
119275.0 3676.652518756699
119316.0 3848.2204961162615
123307.0 3848.2204961162615
123424.0 2395.723887881746
130595.0 2395.723887881746
130728.0 1873.2535937671457
139841.0 1873.2535937671457
139917.0 2827.4272692745917
142550.0 2827.4272692745917
142619.0 2298.393574297189
145607.0 2298.393574297189
145723.0 2287.319386331939
149308.0 2287.319386331939
149422.0 1878.6539480657127
153196.0 1878.6539480657127
153330.0 1237.1825976500477
159628.0 1237.1825976500477
159725.0 1637.2069995731968
164411.0 1637.2069995731968
164525.0 1814.856086856087
168854.0 1814.856086856087
168936.0 1005.2700045378914
175547.0 1005.2700045378914
175838.0 725.8747855917667
185166.0 725.8747855917667
185228.0 1512.2836041358937
186582.0 1512.2836041358937
