33.0 1158.8908366533865
1288.0 1158.8908366533865
1445.0 1168.6760563380283
2510.0 1168.6760563380283
2646.0 1154.6501547987616
3615.0 1154.6501547987616
3741.0 1166.46904315197
4807.0 1166.46904315197
4943.0 1151.0
6079.0 1151.0
6143.0 1170.6975666280416
7006.0 1170.6975666280416
7153.0 1145.4064149411288
9616.0 1145.4064149411288
9752.0 1142.9201131617945
17175.0 1142.9201131617945
17242.0 1144.1663592151601
23205.0 1144.1663592151601
23339.0 1143.4319674695028
29733.0 1143.4319674695028
29846.0 1146.9949656750573
36401.0 1146.9949656750573
36545.0 1155.9968498976216
42894.0 1155.9968498976216
43038.0 1175.473491773309
44132.0 1175.473491773309
44238.0 1170.3889340927583
45467.0 1170.3889340927583
45717.0 1165.7898832684825
48030.0 1165.7898832684825
48144.0 1155.7049309664694
50679.0 1155.7049309664694
50741.0 1149.6009557945042
53252.0 1149.6009557945042
53345.0 1152.8995363214838
55933.0 1152.8995363214838
56047.0 1143.3459701924469
62958.0 1143.3459701924469
63048.0 1131.3594611145131
69580.0 1131.3594611145131
69641.0 1143.8152661962797
75877.0 1143.8152661962797
75937.0 1115.279151943463
77069.0 1115.279151943463
77147.0 1100.1812080536913
78339.0 1100.1812080536913
78450.0 1113.4802831142567
79439.0 1113.4802831142567
79539.0 1087.7310162448055
82186.0 1087.7310162448055
82254.0 1112.6739926739926
84984.0 1112.6739926739926
85232.0 1121.019393466094
92915.0 1121.019393466094
93039.0 1131.8484791938795
98398.0 1131.8484791938795
98545.0 1142.2844561867018
105358.0 1142.2844561867018
105439.0 1144.8141956298577
112258.0 1144.8141956298577
112338.0 1155.3834862385322
113428.0 1155.3834862385322
113545.0 1138.1246612466125
114652.0 1138.1246612466125
114920.0 1126.2550437761706
117547.0 1126.2550437761706
117642.0 1124.5134490977186
120579.0 1124.5134490977186
120642.0 1125.4661522272886
123493.0 1125.4661522272886
123641.0 1133.1605896043445
126219.0 1133.1605896043445
126346.0 1132.1483207144245
131497.0 1132.1483207144245
131643.0 1144.792803781064
138202.0 1144.792803781064
138350.0 1147.123244437431
144687.0 1147.123244437431
144841.0 1154.9202606267452
151287.0 1154.9202606267452
151441.0 1179.0278884462152
152445.0 1179.0278884462152
152540.0 1145.8902654867256
153670.0 1145.8902654867256
153744.0 1136.1618320610687
156364.0 1136.1618320610687
156448.0 1145.881961762261
157651.0 1145.881961762261
157745.0 1145.6913137114143
160531.0 1145.6913137114143
160644.0 1154.0117508813162
167452.0 1154.0117508813162
167545.0 1144.2561983471073
173353.0 1144.2561983471073
173447.0 1119.537037037037
179495.0 1119.537037037037
179642.0 1071.0485133020345
184115.0 1071.0485133020345
