15.0 2885.7301587301586
519.0 2885.7301587301586
617.0 2908.03738317757
1045.0 2908.03738317757
1112.0 2898.5906735751296
1498.0 2898.5906735751296
1611.0 2898.4988344988346
2040.0 2898.4988344988346
2116.0 2843.2538860103627
3274.0 2843.2538860103627
3315.0 1974.2649414664202
6561.0 1974.2649414664202
6629.0 1997.826806398235
10255.0 1997.826806398235
10321.0 2259.961640916356
14075.0 2259.961640916356
14114.0 2229.628758169935
17174.0 2229.628758169935
17218.0 2130.275058275058
20650.0 2130.275058275058
20709.0 3871.5509783728116
22651.0 3871.5509783728116
22716.0 2921.7452229299365
25228.0 2921.7452229299365
25313.0 2278.823104693141
28637.0 2278.823104693141
28911.0 1574.8588793922127
34176.0 1574.8588793922127
34236.0 1385.841872232764
38979.0 1385.841872232764
39032.0 2141.304726007538
42481.0 2141.304726007538
42515.0 2671.361658031088
45410.0 2671.361658031088
45513.0 3622.552147239264
47469.0 3622.552147239264
47507.0 3556.104410441044
49729.0 3556.104410441044
49816.0 2165.2622326399064
53229.0 2165.2622326399064
53316.0 2166.7168894289184
56608.0 2166.7168894289184
56719.0 1999.9602198377388
60540.0 1999.9602198377388
60815.0 1709.5381898454746
65345.0 1709.5381898454746
65427.0 2487.869085734614
68238.0 2487.869085734614
68310.0 3076.5773019271946
70645.0 3076.5773019271946
70732.0 2192.6634552792607
78413.0 2192.6634552792607
78526.0 1258.0217933569647
93760.0 1258.0217933569647
93818.0 2845.0168855534707
95950.0 2845.0168855534707
96013.0 2762.6496272630457
98830.0 2762.6496272630457
98910.0 3266.312970711297
101300.0 3266.312970711297
101410.0 2983.532023911187
103752.0 2983.532023911187
104004.0 2982.665625
106564.0 2982.665625
106617.0 2660.8402856069147
109278.0 2660.8402856069147
109316.0 2455.5683367921733
112689.0 2455.5683367921733
112819.0 2461.303748125937
116154.0 2461.303748125937
116215.0 2179.375468975469
119680.0 2179.375468975469
119718.0 2144.005882352941
122438.0 2144.005882352941
122520.0 2067.9416138804736
126151.0 2067.9416138804736
126222.0 1962.55939524838
129926.0 1962.55939524838
130022.0 1960.1411269088994
133820.0 1960.1411269088994
134114.0 1952.1318931210915
137632.0 1952.1318931210915
137718.0 2250.9031018391433
141361.0 2250.9031018391433
141418.0 1609.543700340522
145823.0 1609.543700340522
145936.0 1595.3677313677313
150820.0 1595.3677313677313
150920.0 2440.1882951653943
154064.0 2440.1882951653943
154114.0 2330.6176208840106
157485.0 2330.6176208840106
157520.0 2205.7218718884833
160533.0 2205.7218718884833
160618.0 2084.655172413793
163866.0 2084.655172413793
163922.0 2085.6769699608185
166219.0 2085.6769699608185
