41.0 1053.9188405797101
1421.0 1053.9188405797101
1548.0 1061.074168797954
2721.0 1061.074168797954
2847.0 1035.9777777777779
3927.0 1035.9777777777779
4045.0 1027.6495867768595
5255.0 1027.6495867768595
5348.0 1079.7159372419487
6559.0 1079.7159372419487
6640.0 1192.8122786304605
7487.0 1192.8122786304605
7538.0 1248.8391038696539
8520.0 1248.8391038696539
8647.0 1354.7188544152746
12837.0 1354.7188544152746
12938.0 1345.6930966469429
18008.0 1345.6930966469429
18140.0 1325.4358230601886
23656.0 1325.4358230601886
23732.0 1325.7894551225534
29403.0 1325.7894551225534
29528.0 1439.1027450980391
34628.0 1439.1027450980391
34741.0 1339.9624977887847
40394.0 1339.9624977887847
40529.0 1429.3452852956386
46330.0 1429.3452852956386
46438.0 1233.9117702271446
51765.0 1233.9117702271446
51839.0 1325.2036605060111
57412.0 1325.2036605060111
57547.0 1321.7252747252746
59731.0 1321.7252747252746
59840.0 1226.347718865598
62273.0 1226.347718865598
62341.0 1203.995547309833
65036.0 1203.995547309833
65136.0 1186.8460236886633
67500.0 1186.8460236886633
67641.0 1299.6116015132409
70020.0 1299.6116015132409
70137.0 1468.456571867794
75341.0 1468.456571867794
75428.0 1481.0112832281507
80657.0 1481.0112832281507
80728.0 1404.8613901165127
85706.0 1404.8613901165127
85836.0 1258.1099824868652
91546.0 1258.1099824868652
91642.0 1258.4615384615386
97401.0 1258.4615384615386
97537.0 1436.9022355689021
103531.0 1436.9022355689021
103635.0 1504.6362098138748
104226.0 1504.6362098138748
104335.0 1324.1810344827586
105263.0 1324.1810344827586
105336.0 1307.247654018768
107787.0 1307.247654018768
107832.0 1468.8590466427472
109783.0 1468.8590466427472
109830.0 1497.2304815334269
111969.0 1497.2304815334269
112033.0 701.4559144045968
122127.0 701.4559144045968
122253.0 1023.8111248454883
130343.0 1023.8111248454883
130454.0 1057.2026529108327
131811.0 1057.2026529108327
132127.0 1164.0691537761602
133226.0 1164.0691537761602
133341.0 1172.4721603563473
134239.0 1172.4721603563473
134343.0 1181.057142857143
135183.0 1181.057142857143
135256.0 995.7135461604831
136415.0 995.7135461604831
136550.0 953.4594264795608
139828.0 953.4594264795608
140130.0 922.6924627166466
147573.0 922.6924627166466
147645.0 1101.1199140593528
155092.0 1101.1199140593528
155247.0 1050.843337779754
161994.0 1050.843337779754
162146.0 1237.1825976500477
168444.0 1237.1825976500477
168543.0 1152.3712
172918.0 1152.3712
173039.0 1053.0526315789473
174255.0 1053.0526315789473
174350.0 1038.7686496694996
175409.0 1038.7686496694996
175730.0 1126.841255605381
177960.0 1126.841255605381
178032.0 1337.4474199869367
179563.0 1337.4474199869367
