25.0 1758.6553808948004
852.0 1758.6553808948004
928.0 1736.659325044405
3743.0 1736.659325044405
3825.0 1735.0581086213444
6458.0 1735.0581086213444
6527.0 1743.0151675485008
9362.0 1743.0151675485008
9423.0 1706.8601307189542
12483.0 1706.8601307189542
12524.0 1733.6609745939193
14925.0 1733.6609745939193
15030.0 1723.9695383150881
19232.0 1723.9695383150881
19326.0 1668.4161258603735
24411.0 1668.4161258603735
24524.0 1643.6193688267888
28675.0 1643.6193688267888
28716.0 2814.12779060816
31314.0 2814.12779060816
31409.0 2814.8828154249345
34080.0 2814.8828154249345
34112.0 2844.737984496124
36692.0 2844.737984496124
36814.0 2913.3876923076923
39414.0 2913.3876923076923
39517.0 2910.3657423657423
42366.0 2910.3657423657423
42605.0 2903.2897526501765
44869.0 2903.2897526501765
44914.0 2840.523076923077
47514.0 2840.523076923077
47614.0 2841.1432770022043
50336.0 2841.1432770022043
50415.0 2841.103448275862
52909.0 2841.103448275862
53013.0 2869.1590413943354
55767.0 2869.1590413943354
55810.0 2874.383508362505
58381.0 2874.383508362505
58411.0 2872.6669351590817
60894.0 2872.6669351590817
61013.0 2877.2018072289156
63669.0 2877.2018072289156
63714.0 2876.748885586924
66406.0 2876.748885586924
66702.0 2853.28437372501
69153.0 2853.28437372501
69223.0 2848.3099967437315
75365.0 2848.3099967437315
75413.0 2954.7101754385967
81113.0 2954.7101754385967
81218.0 2963.919579338076
87684.0 2963.919579338076
87817.0 2904.341678939617
93249.0 2904.341678939617
93312.0 2835.7542344735966
99334.0 2835.7542344735966
99415.0 2917.613751263903
105349.0 2917.613751263903
105417.0 2927.8739175614824
111191.0 2927.8739175614824
111316.0 2855.236955799269
117334.0 2855.236955799269
117604.0 2825.369439071567
123808.0 2825.369439071567
123915.0 2891.9804469273745
126779.0 2891.9804469273745
126814.0 2888.2646023926814
129656.0 2888.2646023926814
129711.0 2886.672782874618
132327.0 2886.672782874618
132416.0 2888.4081228330856
134435.0 2888.4081228330856
134519.0 2892.4098613251153
137115.0 2892.4098613251153
137217.0 2847.3638856247553
139770.0 2847.3638856247553
139814.0 2841.4564885496184
142434.0 2841.4564885496184
142514.0 2839.0243902439024
144933.0 2839.0243902439024
145206.0 2836.4026288481496
148097.0 2836.4026288481496
148212.0 2035.6129773184036
151695.0 2035.6129773184036
151827.0 1769.651601181013
156230.0 1769.651601181013
156324.0 1725.5852451641924
160770.0 1725.5852451641924
160825.0 1718.7731349814046
165396.0 1718.7731349814046
165527.0 1715.0554838709677
169402.0 1715.0554838709677
169528.0 1657.9236043095004
173612.0 1657.9236043095004
173725.0 1624.5506951508987
176674.0 1624.5506951508987
