56.0 834.9070034443168
1798.0 834.9070034443168
1955.0 839.8380566801619
3437.0 839.8380566801619
3553.0 913.3518367346938
4778.0 913.3518367346938
4852.0 937.0429540316503
6179.0 937.0429540316503
6243.0 929.9687055476529
7649.0 929.9687055476529
7753.0 1288.6632653061224
8537.0 1288.6632653061224
8638.0 1178.4805596225801
14785.0 1178.4805596225801
14933.0 1453.9667523564697
20768.0 1453.9667523564697
20845.0 1135.407555333666
26854.0 1135.407555333666
26955.0 892.6866910866911
35145.0 892.6866910866911
35257.0 863.5616438356165
36571.0 863.5616438356165
36841.0 855.6054794520549
38301.0 855.6054794520549
38471.0 1603.4513715710723
39273.0 1603.4513715710723
39349.0 2202.3269961977185
40927.0 2202.3269961977185
41042.0 1772.8284023668639
42563.0 1772.8284023668639
42624.0 1636.1010190518386
47138.0 1636.1010190518386
47214.0 2419.7722152690862
50410.0 2419.7722152690862
50520.0 1963.344970906068
54129.0 1963.344970906068
54221.0 1913.2358353510897
58351.0 1913.2358353510897
58423.0 2175.4607006181927
61820.0 2175.4607006181927
61919.0 2312.85084306096
65003.0 2312.85084306096
65112.0 4327.2072480181205
66878.0 4327.2072480181205
66912.0 3139.1195784353467
69379.0 3139.1195784353467
69607.0 2405.7103543171656
72514.0 2405.7103543171656
72623.0 3600.9062656641604
74618.0 3600.9062656641604
74714.0 4695.246166713131
78301.0 4695.246166713131
78411.0 3826.0539029746456
83420.0 3826.0539029746456
83512.0 3234.1910619106193
88390.0 3234.1910619106193
88519.0 2774.477985377742
94674.0 2774.477985377742
94717.0 3158.1758482305727
100199.0 3158.1758482305727
100317.0 2516.4548972908606
107035.0 2516.4548972908606
107122.0 2694.9209535759096
113498.0 2694.9209535759096
113619.0 2819.0080411707945
119837.0 2819.0080411707945
119922.0 2688.29341123012
123003.0 2688.29341123012
123117.0 3444.5858161980696
125500.0 3444.5858161980696
125610.0 3810.058526740666
127592.0 3810.058526740666
127710.0 3983.398907103825
129174.0 3983.398907103825
129229.0 3591.516022761306
132568.0 3591.516022761306
132616.0 3280.3535741737123
137820.0 3280.3535741737123
137914.0 4064.621212121212
142138.0 4064.621212121212
142208.0 5654.685886691251
145191.0 5654.685886691251
145313.0 5452.907332293292
148518.0 5452.907332293292
148615.0 5131.627569528416
151923.0 5131.627569528416
152012.0 4694.0285563194075
155794.0 4694.0285563194075
155912.0 4470.049960557455
159715.0 4470.049960557455
159810.0 3811.675079533404
164525.0 3811.675079533404
164805.0 3445.1295564339043
169359.0 3445.1295564339043
169410.0 5195.9300783604585
172728.0 5195.9300783604585
172818.0 5287.811894882434
174987.0 5287.811894882434
