26.0 1405.2251207729469
1061.0 1405.2251207729469
1139.0 1387.9599826011308
3438.0 1387.9599826011308
3542.0 1388.5738601823707
6832.0 1388.5738601823707
6935.0 1409.828245363766
10440.0 1409.828245363766
10526.0 1770.5057627118645
13476.0 1770.5057627118645
13506.0 6155.826086956522
13920.0 6155.826086956522
14010.0 2520.5706332637437
16884.0 2520.5706332637437
17015.0 2297.9133261105094
20707.0 2297.9133261105094
20821.0 1349.4193037974683
25877.0 1349.4193037974683
25916.0 2179.8163387000595
29270.0 2179.8163387000595
29335.0 2081.548172757475
32947.0 2081.548172757475
33016.0 2667.911304980007
35767.0 2667.911304980007
35814.0 2445.853406522441
38911.0 2445.853406522441
39016.0 2773.1210702341136
42006.0 2773.1210702341136
42302.0 3015.159633027523
44482.0 3015.159633027523
44516.0 2897.3558258140447
47065.0 2897.3558258140447
47118.0 2911.7439759036147
49774.0 2911.7439759036147
49812.0 3320.389878163074
51946.0 3320.389878163074
52013.0 4969.6
53603.0 4969.6
53708.0 5612.827586206897
56782.0 5612.827586206897
56905.0 5481.418878065167
59882.0 5481.418878065167
60006.0 4086.3065008214035
64267.0 4086.3065008214035
64317.0 3578.0245621099257
69284.0 3578.0245621099257
69408.0 5965.9248449471
72149.0 5965.9248449471
72207.0 5534.425814615628
75368.0 5534.425814615628
75407.0 5597.157859754071
78416.0 5597.157859754071
78505.0 5755.166366366367
81835.0 5755.166366366367
82101.0 5027.528362014022
85239.0 5027.528362014022
85308.0 6047.065155807365
88132.0 6047.065155807365
88205.0 6643.561013046815
90811.0 6643.561013046815
90905.0 6773.054487179487
93401.0 6773.054487179487
93506.0 7768.0
95718.0 7768.0
95805.0 7839.262969588551
98041.0 7839.262969588551
98108.0 7036.1876923076925
100708.0 7036.1876923076925
100807.0 5909.825864276569
103931.0 5909.825864276569
104009.0 4257.032514271531
108038.0 4257.032514271531
108298.0 8138.976152623211
110185.0 8138.976152623211
110305.0 7344.906370243694
112644.0 7344.906370243694
112707.0 7019.309210526316
115139.0 7019.309210526316
115206.0 6735.566888976069
117755.0 6735.566888976069
117808.0 5802.520811833505
120715.0 5802.520811833505
120811.0 2919.0860197093702
126798.0 2919.0860197093702
126916.0 2071.183992191313
135112.0 2071.183992191313
135206.0 2527.0912455516013
142231.0 2527.0912455516013
142323.0 1590.97800655124
153008.0 1590.97800655124
153309.0 2574.054425665998
160291.0 2574.054425665998
160418.0 2864.546284462297
165895.0 2864.546284462297
166018.0 2949.5459366980326
171863.0 2949.5459366980326
171915.0 3883.936335929563
174868.0 3883.936335929563
