22.0 2022.8205841446454
741.0 2022.8205841446454
831.0 2004.3467336683418
2423.0 2004.3467336683418
2530.0 2009.2040057224606
6025.0 2009.2040057224606
6123.0 2060.780568589567
9746.0 2060.780568589567
9818.0 2032.1080530071356
13742.0 2032.1080530071356
13819.0 2125.527031509121
16834.0 2125.527031509121
16918.0 2132.3779289493577
18241.0 2132.3779289493577
18320.0 2164.2591836734696
22240.0 2164.2591836734696
22320.0 2201.569538560826
25419.0 2201.569538560826
25521.0 2202.1397590361444
28841.0 2202.1397590361444
28920.0 2202.915909756812
32333.0 2202.915909756812
32610.0 2204.0312312312312
35940.0 2204.0312312312312
36020.0 2203.260034904014
39458.0 2203.260034904014
39524.0 2196.45880794702
43299.0 2196.45880794702
43417.0 2177.948310139165
46435.0 2177.948310139165
46518.0 2166.43003813435
49927.0 2166.43003813435
50020.0 2166.8792378817598
53589.0 2166.8792378817598
53720.0 1962.2575463860426
57331.0 1962.2575463860426
57422.0 2045.4734662179653
61285.0 2045.4734662179653
61323.0 1487.8276625729816
66290.0 1487.8276625729816
66617.0 1715.4478114478115
70775.0 1715.4478114478115
70818.0 2161.156108597285
74354.0 2161.156108597285
74419.0 2156.560289612921
78010.0 2156.560289612921
78119.0 2180.6672903024632
81326.0 2180.6672903024632
81417.0 2189.5178299298996
84698.0 2189.5178299298996
84821.0 2188.9096949562067
88132.0 2188.9096949562067
88222.0 2189.3218098627353
92156.0 2189.3218098627353
92219.0 2191.3208092485547
94987.0 2191.3208092485547
95018.0 2190.3698283141007
98571.0 2190.3698283141007
98811.0 2140.523169728544
102458.0 2140.523169728544
102518.0 2119.973300970874
105814.0 2119.973300970874
105918.0 2146.6471745853246
109475.0 2146.6471745853246
109517.0 2188.0395550061803
112753.0 2188.0395550061803
112817.0 2187.1222603644046
116604.0 2187.1222603644046
116717.0 2180.7778958554727
120481.0 2180.7778958554727
120518.0 2177.4901960784314
123986.0 2177.4901960784314
124018.0 2178.4445274561076
126695.0 2178.4445274561076
126820.0 1169.9432845123092
133238.0 1169.9432845123092
133508.0 2082.303065024348
136999.0 2082.303065024348
137123.0 2151.6231213872834
140583.0 2151.6231213872834
140619.0 2196.2264150943397
143746.0 2196.2264150943397
143823.0 2108.5214708151198
147712.0 2108.5214708151198
147818.0 1978.799888361708
151401.0 1978.799888361708
151522.0 1999.9425051334701
155418.0 1999.9425051334701
155521.0 2068.4691291453223
159230.0 2068.4691291453223
159320.0 2033.2587991718426
163184.0 2033.2587991718426
163221.0 2126.6688
166346.0 2126.6688
166609.0 2124.556008785692
169796.0 2124.556008785692
169920.0 2206.7250115154307
172091.0 2206.7250115154307
