20.0 1901.1869281045751
785.0 1901.1869281045751
822.0 1914.8307692307692
1472.0 1914.8307692307692
1522.0 1919.1355060034305
2105.0 1919.1355060034305
2219.0 1915.9568567026195
2868.0 1915.9568567026195
2925.0 2008.5038402457758
3576.0 2008.5038402457758
3618.0 2820.6267605633802
5890.0 2820.6267605633802
6012.0 2358.1119791666665
9084.0 2358.1119791666665
9119.0 2816.698539176627
12131.0 2816.698539176627
12213.0 2646.4949573312647
14791.0 2646.4949573312647
14913.0 4114.29600450197
16690.0 4114.29600450197
16812.0 3581.4986611740474
21667.0 3581.4986611740474
21710.0 3935.3336452971457
25984.0 3935.3336452971457
26113.0 3729.051476793249
30853.0 3729.051476793249
30906.0 4461.521568627451
34986.0 4461.521568627451
35108.0 4386.981678971835
38765.0 4386.981678971835
38808.0 4465.732365145228
42664.0 4465.732365145228
42707.0 4993.869138495093
46375.0 4993.869138495093
46405.0 5459.27634194831
49423.0 5459.27634194831
49699.0 5796.348450244698
52764.0 5796.348450244698
52805.0 4962.2755248777685
56282.0 4962.2755248777685
56408.0 4555.606923506421
59990.0 4555.606923506421
60109.0 4588.076943346508
63904.0 4588.076943346508
64006.0 4640.221409921671
67836.0 4640.221409921671
67910.0 3891.6230366492146
72112.0 3891.6230366492146
72213.0 3607.8201691070326
77062.0 3607.8201691070326
77111.0 4192.643266118995
81128.0 4192.643266118995
81212.0 3290.077939914163
87037.0 3290.077939914163
87304.0 3863.9196669115845
91387.0 3863.9196669115845
91511.0 3518.1112484548826
96365.0 3518.1112484548826
96414.0 3568.9795918367345
101265.0 3568.9795918367345
101311.0 3931.5218604651163
105611.0 3931.5218604651163
105708.0 4963.26285384171
109170.0 4963.26285384171
109209.0 3453.229314420804
114285.0 3453.229314420804
114416.0 3526.9111239637555
119603.0 3526.9111239637555
119710.0 3720.7367996775492
124672.0 3720.7367996775492
124713.0 3636.8922815945716
129429.0 3636.8922815945716
129711.0 3141.3884229903865
134600.0 3141.3884229903865
134712.0 3607.672406551869
139474.0 3607.672406551869
139519.0 3134.586852735953
144965.0 3134.586852735953
145015.0 5400.742371815036
148194.0 5400.742371815036
148309.0 5392.560102301791
151437.0 5392.560102301791
151506.0 5237.2094695834585
154843.0 5237.2094695834585
154912.0 3442.5925775704727
159843.0 3442.5925775704727
159915.0 4088.6264394288346
164257.0 4088.6264394288346
164308.0 4924.565469293163
167760.0 4924.565469293163
168000.0 4683.880114672922
171837.0 4683.880114672922
171910.0 3968.9147482924363
175863.0 3968.9147482924363
175912.0 2882.477177729477
181893.0 2882.477177729477
182013.0 2832.616448505804
186062.0 2832.616448505804
