28.0 1476.556345177665
1013.0 1476.556345177665
1136.0 1488.8038277511962
1972.0 1488.8038277511962
2037.0 1460.4884910485935
5165.0 1460.4884910485935
5237.0 1467.7735124760077
7321.0 1467.7735124760077
7428.0 1211.269016697588
11740.0 1211.269016697588
11863.0 1206.1779194436394
15314.0 1206.1779194436394
15432.0 1492.140770252324
18444.0 1492.140770252324
18540.0 1381.067230994628
24683.0 1381.067230994628
24736.0 1377.4811225519886
29689.0 1377.4811225519886
29830.0 1407.5460717749756
31892.0 1407.5460717749756
32029.0 1405.1516658378916
34040.0 1405.1516658378916
34315.0 1425.9005719313682
36588.0 1425.9005719313682
36728.0 1317.8162839248434
42476.0 1317.8162839248434
42555.0 1047.8493618096802
50468.0 1047.8493618096802
50563.0 1399.4140941026187
55260.0 1399.4140941026187
55330.0 1523.9818535320803
58416.0 1523.9818535320803
58533.0 1577.021978021978
59261.0 1577.021978021978
59331.0 1556.7545219638243
60105.0 1556.7545219638243
60230.0 1533.444234404537
62346.0 1533.444234404537
62432.0 1530.3458272934356
67261.0 1530.3458272934356
67330.0 1540.235802202548
71961.0 1540.235802202548
72028.0 1408.3759675635827
77454.0 1408.3759675635827
77534.0 1220.7137452711222
83878.0 1220.7137452711222
83939.0 1314.548872180451
89259.0 1314.548872180451
89332.0 1296.3638000900496
91553.0 1296.3638000900496
91632.0 1403.190706679574
96797.0 1403.190706679574
96929.0 1519.9678714859438
99170.0 1519.9678714859438
99231.0 1546.504347826087
99806.0 1546.504347826087
99932.0 1419.2148870181657
102189.0 1419.2148870181657
102334.0 1241.009915356711
106469.0 1241.009915356711
106534.0 1288.2433628318583
111958.0 1288.2433628318583
112039.0 1347.8594880847309
117704.0 1347.8594880847309
117833.0 1264.8260092890318
123431.0 1264.8260092890318
123537.0 1338.0665589660744
129727.0 1338.0665589660744
129832.0 1399.8035470668485
135696.0 1399.8035470668485
135835.0 1419.4791059280856
137893.0 1419.4791059280856
138029.0 1434.441416893733
138763.0 1434.441416893733
138832.0 1433.6531791907514
139524.0 1433.6531791907514
139815.0 1372.6057401812689
145111.0 1372.6057401812689
145238.0 1210.003871467286
147821.0 1210.003871467286
147939.0 1193.1681136543016
151740.0 1193.1681136543016
151840.0 1218.0689245395129
158572.0 1218.0689245395129
158638.0 1003.4022077554487
165704.0 1003.4022077554487
165850.0 979.7412935323383
167257.0 979.7412935323383
167532.0 980.3374908290535
168895.0 980.3374908290535
169045.0 985.7675134719015
170344.0 985.7675134719015
170457.0 805.9720024345709
173743.0 805.9720024345709
174044.0 718.9382034402208
183462.0 718.9382034402208
183535.0 1476.8187422934648
186779.0 1476.8187422934648
