21.0 2258.3975155279504
665.0 2258.3975155279504
732.0 2296.3837638376385
1274.0 2296.3837638376385
1322.0 2278.7291242362526
1813.0 2278.7291242362526
1920.0 2294.19926199262
2462.0 2294.19926199262
2526.0 2245.8990450204637
3992.0 2245.8990450204637
4124.0 2275.7329545454545
6940.0 2275.7329545454545
7015.0 2623.7305324157915
9776.0 2623.7305324157915
9813.0 2636.3878185208205
13031.0 2636.3878185208205
13116.0 2623.092656670511
15717.0 2623.092656670511
15815.0 2619.5284844141884
18606.0 2619.5284844141884
18715.0 2702.570812365205
21497.0 2702.570812365205
21615.0 1955.0942994139584
25369.0 1955.0942994139584
25433.0 1865.7162561576354
29493.0 1865.7162561576354
29807.0 2607.4314465408806
32987.0 2607.4314465408806
33117.0 2608.352380952381
35637.0 2608.352380952381
35714.0 2649.9318263365626
38501.0 2649.9318263365626
38615.0 2679.6923076923076
41501.0 2679.6923076923076
41617.0 2695.2118676302775
44246.0 2695.2118676302775
44314.0 2704.1971252566736
47236.0 2704.1971252566736
47314.0 2673.6758321273514
50078.0 2673.6758321273514
50121.0 2446.1376105531403
56792.0 2446.1376105531403
56921.0 2570.7591909050643
63694.0 2570.7591909050643
63816.0 2576.779469334493
70713.0 2576.779469334493
70816.0 2453.135313531353
77482.0 2453.135313531353
77516.0 2528.6195001759943
80357.0 2528.6195001759943
80415.0 2611.7045045045047
83190.0 2611.7045045045047
83313.0 2489.2462427745663
86773.0 2489.2462427745663
86818.0 2509.5473727761687
89235.0 2509.5473727761687
89315.0 2499.9627369097334
92428.0 2499.9627369097334
92519.0 2454.098711097139
95700.0 2454.098711097139
95816.0 2498.188058634251
98613.0 2498.188058634251
98716.0 2418.6328793158063
101873.0 2418.6328793158063
102108.0 2423.9972612119136
105029.0 2423.9972612119136
105114.0 2645.3631427658893
108245.0 2645.3631427658893
108316.0 2674.632779406973
111385.0 2674.632779406973
111418.0 2666.187470853412
117851.0 2666.187470853412
117918.0 2439.753455123114
124213.0 2439.753455123114
124316.0 2607.731633272617
130904.0 2607.731633272617
131016.0 2557.447191011236
137691.0 2557.447191011236
137816.0 2206.2400411205344
145598.0 2206.2400411205344
145721.0 2343.091095189355
148652.0 2343.091095189355
148907.0 2658.897535667964
151991.0 2658.897535667964
152115.0 2643.564504101417
154797.0 2643.564504101417
154916.0 2624.377231391041
157885.0 2624.377231391041
157915.0 2584.018861569552
160884.0 2584.018861569552
160916.0 2442.945273631841
164132.0 2442.945273631841
164218.0 2661.5298358029636
166715.0 2661.5298358029636
166815.0 2695.4458598726114
169327.0 2695.4458598726114
169414.0 2699.042253521127
171189.0 2699.042253521127
