80.0 630.7059843885517
2386.0 630.7059843885517
2413.0 4661.573033707865
2680.0 4661.573033707865
2709.0 4623.371900826446
2951.0 4623.371900826446
3011.0 4545.95032198712
4098.0 4545.95032198712
4210.0 5108.258808456118
5771.0 5108.258808456118
5807.0 4048.3032217308905
7390.0 4048.3032217308905
7511.0 3862.224211232938
11980.0 3862.224211232938
12012.0 4671.437021927588
15934.0 4671.437021927588
16006.0 4544.98396904367
19624.0 4544.98396904367
19712.0 3718.3646882365547
24379.0 3718.3646882365547
24413.0 3720.191698759093
29087.0 3720.191698759093
29214.0 4351.776455368693
33079.0 4351.776455368693
33111.0 4367.606622189276
37158.0 4367.606622189276
37209.0 4703.619638242894
41079.0 4703.619638242894
41302.0 4715.811875367431
44704.0 4715.811875367431
44810.0 4894.787947697556
48328.0 4894.787947697556
48406.0 4969.482365708084
52092.0 4969.482365708084
52207.0 4285.070481144343
56052.0 4285.070481144343
56113.0 3998.6063470627955
60556.0 3998.6063470627955
60612.0 4343.865055387714
64584.0 4343.865055387714
64707.0 5083.546417445483
67917.0 5083.546417445483
68007.0 5130.156747200943
71401.0 5130.156747200943
71508.0 5240.946033618402
74899.0 5240.946033618402
75200.0 5246.262431825473
78317.0 5246.262431825473
78409.0 4909.997193376368
81972.0 4909.997193376368
82008.0 4867.58612716763
85468.0 4867.58612716763
85509.0 3624.1875945537067
90797.0 3624.1875945537067
90911.0 3628.423183072677
95259.0 3628.423183072677
95314.0 4239.551142005958
99342.0 4239.551142005958
99410.0 4456.401544401544
103295.0 4456.401544401544
103411.0 4159.828740157481
107475.0 4159.828740157481
107511.0 4065.9763369616658
111737.0 4065.9763369616658
112003.0 4850.191477587161
115617.0 4850.191477587161
115706.0 5314.958744915747
119148.0 5314.958744915747
119208.0 4795.401558441558
123058.0 4795.401558441558
123111.0 4405.749807346519
127004.0 4405.749807346519
127111.0 4817.518193224592
130299.0 4817.518193224592
130407.0 5807.889114266396
133365.0 5807.889114266396
133408.0 5808.42463422933
136347.0 5808.42463422933
136406.0 5399.044025157233
139586.0 5399.044025157233
139708.0 5399.4647887323945
142832.0 5399.4647887323945
143100.0 5424.136561142148
146322.0 5424.136561142148
146410.0 5428.661336744483
149537.0 5428.661336744483
149608.0 4636.410551057717
153437.0 4636.410551057717
153511.0 4445.502092050209
157335.0 4445.502092050209
157411.0 4978.406648199446
161021.0 4978.406648199446
161109.0 5177.927392739274
164139.0 5177.927392739274
164208.0 5178.761189546411
167537.0 5178.761189546411
167608.0 5199.122393472348
169814.0 5199.122393472348
