15.0 2857.3831041257367
524.0 2857.3831041257367
619.0 2881.1111111111113
1051.0 2881.1111111111113
1123.0 2814.940822467402
2120.0 2814.940822467402
2217.0 2949.9043856183325
4748.0 2949.9043856183325
4806.0 5294.815405046481
6312.0 5294.815405046481
6406.0 5726.956210902592
7525.0 5726.956210902592
7611.0 5289.696598222495
10874.0 5289.696598222495
10908.0 3444.515134423764
16227.0 3444.515134423764
16315.0 3864.571562867215
20570.0 3864.571562867215
20617.0 3857.2144921093577
25116.0 3857.2144921093577
25209.0 5139.868755542418
28592.0 5139.868755542418
28708.0 4012.312977099237
32900.0 4012.312977099237
33012.0 4112.541647277803
37310.0 4112.541647277803
37411.0 3727.069615069615
42295.0 3727.069615069615
42600.0 4209.706638677512
46411.0 4209.706638677512
46511.0 4327.686353355114
50490.0 4327.686353355114
50610.0 3787.740281224152
55446.0 3787.740281224152
55513.0 4298.485781372293
59346.0 4298.485781372293
59409.0 4896.859977949283
63037.0 4896.859977949283
63113.0 3391.0833333333335
68201.0 3391.0833333333335
68308.0 4625.335600907029
71836.0 4625.335600907029
71915.0 4135.808076009501
76125.0 4135.808076009501
76217.0 2954.130319148936
82233.0 2954.130319148936
82311.0 4274.694376528118
83947.0 4274.694376528118
84011.0 4142.911188004614
85745.0 4142.911188004614
85812.0 4162.825962090752
87553.0 4162.825962090752
87611.0 3821.114463176575
89865.0 3821.114463176575
89916.0 3563.7931844888367
91618.0 3563.7931844888367
91709.0 4124.20985691574
93596.0 4124.20985691574
93710.0 3906.389891696751
98142.0 3906.389891696751
98211.0 4367.229139757169
102082.0 4367.229139757169
102212.0 3958.2621515779774
106553.0 3958.2621515779774
106615.0 4631.067899603699
110400.0 4631.067899603699
110509.0 3674.987545198875
115487.0 3674.987545198875
115614.0 5293.089449541284
119102.0 5293.089449541284
119212.0 5275.787142417717
122463.0 5275.787142417717
122514.0 4783.010900031143
125725.0 4783.010900031143
126003.0 4137.7013487475915
130155.0 4137.7013487475915
130211.0 4697.567418822235
133845.0 4697.567418822235
133911.0 4022.717900656045
138179.0 4022.717900656045
138314.0 4609.983055479639
141973.0 4609.983055479639
142014.0 4528.781549624255
145873.0 4528.781549624255
146009.0 4671.2779306549255
149643.0 4671.2779306549255
149712.0 4670.564588266246
153513.0 4670.564588266246
153613.0 4802.146892655367
157153.0 4802.146892655367
157210.0 5701.791878172588
160362.0 5701.791878172588
160599.0 5755.36316947909
163325.0 5755.36316947909
163409.0 5342.453052370623
166636.0 5342.453052370623
166717.0 4743.285359801489
169135.0 4743.285359801489
