13.0 3462.8761904761905
433.0 3462.8761904761905
514.0 3457.3333333333335
874.0 3457.3333333333335
912.0 3474.7080745341614
1234.0 3474.7080745341614
1317.0 3413.8839285714284
2213.0 3413.8839285714284
2312.0 3411.49052906597
3843.0 3411.49052906597
3913.0 3405.134962805526
5795.0 3405.134962805526
5912.0 3408.9976470588235
8037.0 3408.9976470588235
8113.0 3401.7225340817963
10607.0 3401.7225340817963
10713.0 3650.9218472468915
15217.0 3650.9218472468915
15310.0 3798.9509632224167
19878.0 3798.9509632224167
19912.0 3502.8557614826755
24876.0 3502.8557614826755
24911.0 3406.159578776833
29849.0 3406.159578776833
29915.0 3445.556335282651
35045.0 3445.556335282651
35111.0 3517.489468599034
40286.0 3517.489468599034
40415.0 3276.795751633987
45311.0 3276.795751633987
45413.0 3603.98995395563
50191.0 3603.98995395563
50502.0 3246.059188374978
56145.0 3246.059188374978
56214.0 2418.3317406143346
59144.0 2418.3317406143346
59215.0 2419.3704837721984
62481.0 2419.3704837721984
62524.0 2917.782473586078
64133.0 2917.782473586078
64217.0 2963.3701703365186
66624.0 2963.3701703365186
66714.0 2963.1050794881735
69293.0 2963.1050794881735
69412.0 3358.2862098872506
71718.0 3358.2862098872506
71812.0 3863.756906077348
73622.0 3863.756906077348
73710.0 3864.339967724583
75569.0 3864.339967724583
75802.0 3766.066189624329
80274.0 3766.066189624329
80311.0 3867.7505549949547
85266.0 3867.7505549949547
85313.0 3810.72077294686
89453.0 3810.72077294686
89515.0 3672.454193548387
94165.0 3672.454193548387
94213.0 3631.869100062933
98980.0 3631.869100062933
99016.0 3831.718948322756
103428.0 3831.718948322756
103511.0 3831.1741360089186
107996.0 3831.1741360089186
108112.0 3422.2163217493166
113234.0 3422.2163217493166
113318.0 2306.365103378719
121250.0 2306.365103378719
121510.0 3521.9946585272796
126752.0 3521.9946585272796
126812.0 3474.7941653160456
131748.0 3474.7941653160456
131810.0 3346.0235294117647
136400.0 3346.0235294117647
136513.0 3992.5019753660235
140816.0 3992.5019753660235
140911.0 3909.081749484772
145278.0 3909.081749484772
145311.0 3590.3304056879965
150093.0 3590.3304056879965
150215.0 3290.0191144919054
155342.0 3290.0191144919054
155414.0 2761.8861569552037
158383.0 2761.8861569552037
158417.0 2705.0896604349487
161038.0 2705.0896604349487
161115.0 2702.6625043357612
163998.0 2702.6625043357612
164112.0 2705.2016925246826
166948.0 2705.2016925246826
167015.0 2792.929968005688
169828.0 2792.929968005688
169912.0 2794.718250630782
172290.0 2794.718250630782
172417.0 2790.997526793075
174843.0 2790.997526793075
174915.0 2800.0
176626.0 2800.0
