59.0 809.353366722315
1856.0 809.353366722315
1971.0 815.6225425950197
3497.0 815.6225425950197
3662.0 807.2554112554112
5048.0 807.2554112554112
5167.0 814.3130320890635
6694.0 814.3130320890635
6858.0 803.6484326982176
8485.0 803.6484326982176
8560.0 814.1112006446414
9801.0 814.1112006446414
9976.0 812.158940397351
11486.0 812.158940397351
11576.0 1390.0222575516693
14092.0 1390.0222575516693
14227.0 1756.1554697554698
18112.0 1756.1554697554698
18228.0 1513.0596026490066
23060.0 1513.0596026490066
23152.0 984.4902448605474
30789.0 984.4902448605474
30954.0 867.0317779090373
39419.0 867.0317779090373
39556.0 880.8
41016.0 880.8
41154.0 877.0780487804878
42794.0 877.0780487804878
42962.0 885.698023715415
44227.0 885.698023715415
44351.0 884.4956035171863
45602.0 884.4956035171863
45754.0 872.362647325476
49063.0 872.362647325476
49160.0 778.2222222222222
52994.0 778.2222222222222
53165.0 2416.0595681310497
54508.0 2416.0595681310497
54608.0 2613.168316831683
57436.0 2613.168316831683
57518.0 2223.4513715710723
60726.0 2223.4513715710723
60817.0 1645.1771797631861
65462.0 1645.1771797631861
65535.0 1949.6998992950655
69507.0 1949.6998992950655
69633.0 1298.4404010397327
75019.0 1298.4404010397327
75127.0 1506.0394129979036
79897.0 1506.0394129979036
80037.0 1282.7398230088495
85687.0 1282.7398230088495
85841.0 1058.4726557699398
93978.0 1058.4726557699398
94236.0 714.6902321197125
102723.0 714.6902321197125
102854.0 975.4805715718226
110832.0 975.4805715718226
110954.0 1015.2294043092522
114110.0 1015.2294043092522
114248.0 1042.8471615720523
116996.0 1042.8471615720523
117146.0 1042.1042183622828
118355.0 1042.1042183622828
118448.0 1042.15287072913
121287.0 1042.15287072913
121341.0 1103.8422459893047
124333.0 1103.8422459893047
124442.0 1101.133836650652
127356.0 1101.133836650652
127443.0 987.922894825837
130400.0 987.922894825837
130551.0 870.9772804340454
133500.0 870.9772804340454
133832.0 870.4544086668673
137155.0 870.4544086668673
137251.0 1050.7834634287367
144169.0 1050.7834634287367
144245.0 1133.9856816450877
150810.0 1133.9856816450877
150942.0 1158.9635220125786
153327.0 1158.9635220125786
153442.0 1148.6333084391338
156120.0 1148.6333084391338
156244.0 1178.3347182981552
162261.0 1178.3347182981552
162332.0 1254.7143317230273
168542.0 1254.7143317230273
168650.0 1086.7878787878788
171587.0 1086.7878787878788
171641.0 1090.1148788927335
174531.0 1090.1148788927335
174641.0 1408.5224071702944
175422.0 1408.5224071702944
175527.0 1613.9148211243612
176114.0 1613.9148211243612
176226.0 1618.6814229249012
177491.0 1618.6814229249012
