14.0 3148.069264069264
476.0 3148.069264069264
514.0 3143.030303030303
910.0 3143.030303030303
1015.0 3104.5309734513276
1919.0 3104.5309734513276
2016.0 3102.2718052738337
3002.0 3102.2718052738337
3110.0 3111.992438563327
4168.0 3111.992438563327
4213.0 3091.396044380125
6286.0 3091.396044380125
6412.0 3090.494880546075
8756.0 3090.494880546075
8811.0 3112.2142333088773
11537.0 3112.2142333088773
11616.0 3064.9883198562443
13842.0 3064.9883198562443
13911.0 3056.4816053511704
16303.0 3056.4816053511704
16411.0 3046.414910858995
18879.0 3046.414910858995
18917.0 3073.1986113648823
24390.0 3073.1986113648823
24512.0 3039.673946689596
30327.0 3039.673946689596
30412.0 2960.8015614834094
36560.0 2960.8015614834094
36611.0 2996.4871124392976
41965.0 2996.4871124392976
42013.0 3077.1736954967832
47609.0 3077.1736954967832
47717.0 3106.2424961845004
53614.0 3106.2424961845004
53712.0 3063.0407138873397
59091.0 3063.0407138873397
59215.0 3072.606018678658
64997.0 3072.606018678658
65111.0 3054.9979330301776
67530.0 3054.9979330301776
67611.0 3191.4237136465326
69846.0 3191.4237136465326
69912.0 3185.4305960817005
72311.0 3185.4305960817005
72412.0 3193.4878350515464
74837.0 3193.4878350515464
74909.0 3188.964888280894
77102.0 3188.964888280894
77213.0 3087.154275891706
79540.0 3087.154275891706
79611.0 3022.301918265221
82009.0 3022.301918265221
82111.0 2993.671185262426
84988.0 2993.671185262426
85306.0 3155.8668054110303
87228.0 3155.8668054110303
87314.0 3078.5851811790158
92861.0 3078.5851811790158
92917.0 3004.7066990628255
98679.0 3004.7066990628255
98712.0 3009.7105216307637
104329.0 3009.7105216307637
104414.0 3025.143661971831
110094.0 3025.143661971831
110214.0 3058.5573198394695
115945.0 3058.5573198394695
116018.0 2890.971029668412
118883.0 2890.971029668412
118914.0 2957.999279279279
121689.0 2957.999279279279
121812.0 3123.0504549214224
124230.0 3123.0504549214224
124507.0 3101.9659574468087
126387.0 3101.9659574468087
126513.0 3051.0751726940266
128974.0 3051.0751726940266
129015.0 3049.211409395973
131399.0 3049.211409395973
131511.0 3121.432285115304
133896.0 3121.432285115304
134013.0 3128.74715261959
136208.0 3128.74715261959
136313.0 3061.7673440784865
142021.0 3061.7673440784865
142117.0 3065.262549656916
147655.0 3065.262549656916
147719.0 3025.8762570308504
153586.0 3025.8762570308504
153716.0 3045.977423400824
159297.0 3045.977423400824
159418.0 3157.4223471539003
165110.0 3157.4223471539003
165212.0 3058.307992202729
170342.0 3058.307992202729
170414.0 3081.8905970682877
176008.0 3081.8905970682877
176112.0 3084.793975255514
179830.0 3084.793975255514
