9.0 4315.750741839763
346.0 4315.750741839763
412.0 4306.7128027681665
701.0 4306.7128027681665
810.0 4252.266666666666
1470.0 4252.266666666666
1509.0 4248.388888888889
2229.0 4248.388888888889
2312.0 4234.727562400425
4195.0 4234.727562400425
4308.0 4232.803170409511
5822.0 4232.803170409511
5911.0 2440.6504524886877
12983.0 2440.6504524886877
13112.0 2746.009592326139
19784.0 2746.009592326139
19910.0 4485.475177304965
23576.0 4485.475177304965
23607.0 4642.484751203852
27345.0 4642.484751203852
27408.0 2963.725242883927
33275.0 2963.725242883927
33325.0 2411.6636255454187
38367.0 2411.6636255454187
38604.0 3263.5967255493324
40925.0 3263.5967255493324
41011.0 3662.381625441696
43275.0 3662.381625441696
43312.0 2501.159817351598
45940.0 2501.159817351598
46007.0 4930.146862483311
47505.0 4930.146862483311
47606.0 2659.4195323246217
50514.0 2659.4195323246217
50613.0 2448.4146510020732
53507.0 2448.4146510020732
53614.0 2267.33543758967
57099.0 2267.33543758967
57213.0 2656.3767074047446
59995.0 2656.3767074047446
60116.0 2660.5117493472585
62797.0 2660.5117493472585
62916.0 2778.8320180383316
64690.0 2778.8320180383316
64815.0 2862.9234750462106
67520.0 2862.9234750462106
67610.0 3676.8664563617244
69512.0 3676.8664563617244
69610.0 3389.0585044556374
74772.0 3389.0585044556374
74807.0 4651.15934824634
78428.0 4651.15934824634
78509.0 3936.8742810188987
83377.0 3936.8742810188987
83411.0 2258.6090193271298
90396.0 2258.6090193271298
90518.0 3941.1290099238404
94851.0 3941.1290099238404
94905.0 5648.652528548124
97970.0 5648.652528548124
98009.0 5007.5663507109
101385.0 5007.5663507109
101508.0 4624.008611410119
105224.0 4624.008611410119
105503.0 3988.303071672355
109898.0 3988.303071672355
110013.0 3614.7180399130607
115074.0 3614.7180399130607
115112.0 3582.129608071401
120266.0 3582.129608071401
120313.0 3862.9693693693694
124753.0 3862.9693693693694
124810.0 3510.456685714286
129185.0 3510.456685714286
129314.0 2776.7473735251333
135501.0 2776.7473735251333
135615.0 2677.3776662484315
141991.0 2677.3776662484315
142115.0 2009.9461484429876
150657.0 2009.9461484429876
150720.0 3899.597592433362
151883.0 3899.597592433362
151909.0 3986.4073894020416
153966.0 3986.4073894020416
154008.0 4420.224438902743
155612.0 4420.224438902743
155707.0 4182.381105743425
157570.0 4182.381105743425
157611.0 3677.829338446788
159697.0 3677.829338446788
159812.0 3010.393299832496
165782.0 3010.393299832496
165909.0 4527.88455988456
169374.0 4527.88455988456
169413.0 3621.1081705524048
174174.0 3621.1081705524048
174211.0 3085.6238902340597
177928.0 3085.6238902340597
