12.0 3573.4840294840296
419.0 3573.4840294840296
514.0 3607.6521739130435
859.0 3607.6521739130435
918.0 3543.5555555555557
1710.0 3543.5555555555557
1812.0 3536.2312138728325
2677.0 3536.2312138728325
2718.0 3526.7545333923044
4979.0 3526.7545333923044
5012.0 3678.796785304248
6754.0 3678.796785304248
6809.0 3780.855949895616
8725.0 3780.855949895616
8811.0 3825.0207394048693
11029.0 3825.0207394048693
11113.0 3744.8763379640172
15504.0 3744.8763379640172
15611.0 3892.6890982503364
20069.0 3892.6890982503364
20112.0 4036.2525533890434
24420.0 4036.2525533890434
24514.0 4055.8514588859416
28661.0 4055.8514588859416
28710.0 4056.8519623594216
33067.0 4056.8519623594216
33110.0 4050.5135736537604
37604.0 4050.5135736537604
37714.0 4014.812812812813
41710.0 4014.812812812813
41812.0 3996.25527964725
46121.0 3996.25527964725
46401.0 3823.317052807347
51192.0 3823.317052807347
51310.0 3757.3765108323832
55695.0 3757.3765108323832
55812.0 4008.5306859205775
60244.0 4008.5306859205775
60311.0 3999.4974501622623
64625.0 3999.4974501622623
64714.0 3981.015857526226
68813.0 3981.015857526226
68912.0 3950.0344827586205
73320.0 3950.0344827586205
73410.0 3922.3235488854557
77941.0 3922.3235488854557
78011.0 3982.610813443741
82117.0 3982.610813443741
82212.0 3981.4110150204824
86606.0 3981.4110150204824
86903.0 3614.130472103004
91563.0 3614.130472103004
91612.0 3558.2443371704417
96998.0 3558.2443371704417
97114.0 3959.9357429718875
101098.0 3959.9357429718875
101211.0 4002.088586829154
105478.0 4002.088586829154
105609.0 4054.594847775176
109879.0 4054.594847775176
109912.0 4057.0059995200386
114079.0 4057.0059995200386
114114.0 4057.3355371900825
118349.0 4057.3355371900825
118413.0 4058.483908312109
122732.0 4058.483908312109
122813.0 4056.338802660754
127323.0 4056.338802660754
127604.0 4054.973863386778
132157.0 4054.973863386778
132213.0 3582.2021720969087
137001.0 3582.2021720969087
137116.0 3535.425911559348
139694.0 3535.425911559348
139814.0 3540.1678453559643
141935.0 3540.1678453559643
142011.0 3441.912878787879
144123.0 3441.912878787879
144214.0 3794.401630988787
146176.0 3794.401630988787
146212.0 3790.066225165563
148024.0 3790.066225165563
148113.0 3789.2975970425136
150277.0 3789.2975970425136
150308.0 3828.315334773218
152160.0 3828.315334773218
152403.0 3961.797812988172
156884.0 3961.797812988172
157013.0 4011.231713072204
161251.0 4011.231713072204
161312.0 4044.115211521152
165756.0 4044.115211521152
165810.0 4045.673027333677
169688.0 4045.673027333677
169813.0 4045.071797278273
174075.0 4045.071797278273
174114.0 4051.311903920876
176945.0 4051.311903920876
