34.0 1269.1169284467715
1180.0 1269.1169284467715
1237.0 1280.4938271604938
2209.0 1280.4938271604938
2334.0 1278.6925714285715
3209.0 1278.6925714285715
3334.0 1277.960945529291
4307.0 1277.960945529291
4442.0 1409.4554794520548
6778.0 1409.4554794520548
6834.0 1113.3735255570118
9123.0 1113.3735255570118
9265.0 836.139893301719
12639.0 836.139893301719
12766.0 1037.0243246546877
20947.0 1037.0243246546877
21041.0 925.6090082756749
28412.0 925.6090082756749
28541.0 1124.080808080808
29531.0 1124.080808080808
29640.0 1229.3824485373782
30563.0 1229.3824485373782
30813.0 1483.5914489311165
31655.0 1483.5914489311165
31724.0 1631.9390862944163
32512.0 1631.9390862944163
32630.0 1674.9826378312519
35913.0 1674.9826378312519
36033.0 1342.5343137254902
40929.0 1342.5343137254902
41218.0 1137.7846248651979
47709.0 1137.7846248651979
47818.0 1914.2554455445545
51858.0 1914.2554455445545
51922.0 1379.8854917234664
57057.0 1379.8854917234664
57136.0 1263.6596833519911
63389.0 1263.6596833519911
63529.0 1138.6810477657934
70019.0 1138.6810477657934
70120.0 1617.4222222222222
74530.0 1617.4222222222222
74640.0 1408.6355760368663
80065.0 1408.6355760368663
80131.0 1365.5806736025393
85802.0 1365.5806736025393
85936.0 1244.524886877828
88146.0 1244.524886877828
88233.0 1445.3935742971887
90225.0 1445.3935742971887
90327.0 1670.847084708471
92145.0 1670.847084708471
92223.0 2600.1893129770992
93533.0 2600.1893129770992
93614.0 2651.2108843537417
95084.0 2651.2108843537417
95120.0 2333.548425787106
98455.0 2333.548425787106
98516.0 2281.2647574517828
101938.0 2281.2647574517828
102019.0 2279.005870841487
105085.0 2279.005870841487
105221.0 2015.2082343626287
109010.0 2015.2082343626287
109122.0 1977.2398771292935
112703.0 1977.2398771292935
112827.0 1454.624517035476
118521.0 1454.624517035476
118635.0 1583.4197530864199
123819.0 1583.4197530864199
123921.0 2392.7553865652726
127077.0 2392.7553865652726
127310.0 2070.9147727272725
130126.0 2070.9147727272725
130232.0 1605.4513577079324
134909.0 1605.4513577079324
135023.0 1353.186895011169
140395.0 1353.186895011169
140550.0 1856.97580444001
144559.0 1856.97580444001
144621.0 2229.7109144542774
146655.0 2229.7109144542774
146719.0 2402.59009668913
150132.0 2402.59009668913
150227.0 1646.5490013934045
154533.0 1646.5490013934045
154623.0 1839.4183191690274
158859.0 1839.4183191690274
158921.0 1878.0788249694003
163006.0 1878.0788249694003
163312.0 1611.261689909762
168188.0 1611.261689909762
168331.0 1562.2566995768689
172585.0 1562.2566995768689
172621.0 1855.0575342465754
176271.0 1855.0575342465754
176326.0 1740.843023255814
179078.0 1740.843023255814
