10.0 4631.872611464968
324.0 4631.872611464968
436.0 4564.978540772532
1135.0 4564.978540772532
1214.0 4563.8441558441555
2215.0 4563.8441558441555
2309.0 4184.459644322846
3040.0 4184.459644322846
3115.0 3918.423587223587
5150.0 3918.423587223587
5209.0 5510.287188306105
6372.0 5510.287188306105
6408.0 3174.0125045972786
11846.0 3174.0125045972786
11919.0 2189.9803968443703
20285.0 2189.9803968443703
20420.0 2229.963656088961
27794.0 2229.963656088961
27918.0 2782.0030441400304
30546.0 2782.0030441400304
30617.0 3017.07544141252
33109.0 3017.07544141252
33212.0 2810.9628494829567
35823.0 2810.9628494829567
36107.0 1857.9367181751288
40184.0 1857.9367181751288
40323.0 1790.4544049459041
42264.0 1790.4544049459041
42323.0 1792.8670212765958
43827.0 1792.8670212765958
43920.0 2133.8033503277493
45293.0 2133.8033503277493
45419.0 2732.7180212014136
48249.0 2732.7180212014136
48314.0 2993.5411913814955
50681.0 2993.5411913814955
50812.0 4358.336458907887
52625.0 4358.336458907887
52711.0 4098.746533555186
54514.0 4098.746533555186
54612.0 3326.8805970149256
56756.0 3326.8805970149256
56806.0 6683.973896353167
59411.0 6683.973896353167
59510.0 3111.897741201191
65221.0 3111.897741201191
65314.0 3161.7556071152358
70486.0 3161.7556071152358
70620.0 3149.8595606769895
76174.0 3149.8595606769895
76211.0 3069.409148897394
81698.0 3069.409148897394
81815.0 2129.648183131459
90814.0 2129.648183131459
90924.0 2393.676400947119
93458.0 2393.676400947119
93517.0 2539.1138662316475
96582.0 2539.1138662316475
96726.0 2275.944023323615
100156.0 2275.944023323615
100217.0 2128.367956137679
103500.0 2128.367956137679
103628.0 1901.7743462017434
107643.0 1901.7743462017434
107720.0 2659.8407212622087
110382.0 2659.8407212622087
110417.0 2769.1848879973254
113408.0 2769.1848879973254
113517.0 3243.1639668115367
116048.0 3243.1639668115367
116303.0 3957.828092243187
118211.0 3957.828092243187
118315.0 2918.709236031927
123577.0 2918.709236031927
123619.0 3779.0884293884733
128165.0 3779.0884293884733
128223.0 2345.8787962072283
135500.0 2345.8787962072283
135626.0 2516.7047786572853
142448.0 2516.7047786572853
142517.0 3269.6119402985073
147676.0 3269.6119402985073
147717.0 2397.6633283029223
155006.0 2397.6633283029223
155131.0 1665.213888888889
158011.0 1665.213888888889
158126.0 1846.8300545152879
162345.0 1846.8300545152879
162610.0 2190.1090493862403
166113.0 2190.1090493862403
166224.0 2385.822046765867
169517.0 2385.822046765867
169621.0 2624.739336492891
172153.0 2624.739336492891
172217.0 3036.304932735426
174447.0 3036.304932735426
174515.0 2140.6613047363717
176753.0 2140.6613047363717
