20.0 2051.35119887165
729.0 2051.35119887165
824.0 2067.5083056478406
1426.0 2067.5083056478406
1515.0 2060.508287292818
2058.0 2060.508287292818
2123.0 2015.0461133069828
3641.0 2015.0461133069828
3718.0 2024.90036900369
5344.0 2024.90036900369
5415.0 2017.8242280285035
6678.0 2017.8242280285035
6725.0 2523.204458376872
9596.0 2523.204458376872
9708.0 2153.81975120589
13647.0 2153.81975120589
13735.0 1411.9751655629138
18567.0 1411.9751655629138
18620.0 2013.5235472321674
22251.0 2013.5235472321674
22313.0 1949.831950207469
26169.0 1949.831950207469
26226.0 2215.3407787503775
29539.0 2215.3407787503775
29619.0 2394.060682680152
32783.0 2394.060682680152
32913.0 2857.2129565816676
35815.0 2857.2129565816676
36103.0 1050.8470023980815
42358.0 1050.8470023980815
42446.0 1669.0079096045197
46871.0 1669.0079096045197
46940.0 1695.219640508549
51502.0 1695.219640508549
51613.0 3118.711267605634
53885.0 3118.711267605634
54015.0 1992.8534678436317
57980.0 1992.8534678436317
58108.0 4446.4741275571605
59770.0 4446.4741275571605
59808.0 4156.662004662005
61524.0 4156.662004662005
61608.0 5431.306325515281
63015.0 5431.306325515281
63105.0 6681.221052631579
65765.0 6681.221052631579
65807.0 6677.256022866476
68256.0 6677.256022866476
68307.0 6791.273291925466
70883.0 6791.273291925466
71005.0 6594.3022709475335
73559.0 6594.3022709475335
73605.0 6603.964162646451
76507.0 6603.964162646451
76606.0 6431.46514472075
79059.0 6431.46514472075
79108.0 5068.837043633125
82477.0 5068.837043633125
82610.0 5803.928930606772
85593.0 5803.928930606772
85895.0 6575.474134577985
88466.0 6575.474134577985
88506.0 6550.825772016775
91129.0 6550.825772016775
91207.0 6413.681668496158
93940.0 6413.681668496158
94007.0 6374.246689895471
96877.0 6374.246689895471
97010.0 6392.761772853186
99898.0 6392.761772853186
100006.0 6479.631280695126
102653.0 6479.631280695126
102706.0 5795.565283018868
105356.0 5795.565283018868
105406.0 5035.092614302462
108818.0 5035.092614302462
108908.0 4650.220648324707
112579.0 4650.220648324707
112898.0 5268.168149739184
116157.0 5268.168149739184
116211.0 5622.642666666667
119211.0 5622.642666666667
119308.0 6286.535251798561
122088.0 6286.535251798561
122207.0 6305.878157503715
124899.0 6305.878157503715
125005.0 6374.440215439857
127790.0 6374.440215439857
127907.0 6493.353705118411
130525.0 6493.353705118411
130608.0 6430.07084078712
133403.0 6430.07084078712
133504.0 5979.085365853659
136128.0 5979.085365853659
136209.0 5317.734731647131
139451.0 5317.734731647131
139700.0 4276.384787472036
142382.0 4276.384787472036
