8.0 5467.699248120301
274.0 5467.699248120301
310.0 5399.187817258883
901.0 5399.187817258883
1034.0 3050.10082063306
4446.0 3050.10082063306
4516.0 3131.798657718121
6900.0 3131.798657718121
7008.0 4968.219314641745
8613.0 4968.219314641745
8714.0 3743.2616822429904
10426.0 3743.2616822429904
10510.0 2530.254977296542
13373.0 2530.254977296542
13423.0 3181.0633670791153
16090.0 3181.0633670791153
16210.0 3488.069529652352
18166.0 3488.069529652352
18212.0 3780.3019648397103
20146.0 3780.3019648397103
20215.0 3068.321157578966
25882.0 3068.321157578966
26016.0 4137.666912669127
30081.0 4137.666912669127
30208.0 4525.269841269841
34114.0 4525.269841269841
34209.0 3933.2342264477097
38837.0 3933.2342264477097
38919.0 2868.9542203147353
44511.0 2868.9542203147353
44614.0 3434.3566015157558
49628.0 3434.3566015157558
49716.0 3690.070910556003
54680.0 3690.070910556003
54810.0 3824.534818941504
59118.0 3824.534818941504
59402.0 3680.5071472964573
64229.0 3680.5071472964573
64312.0 4204.150097465887
68416.0 4204.150097465887
68512.0 3843.189825718323
72758.0 3843.189825718323
72816.0 3416.2494802494803
74259.0 3416.2494802494803
74310.0 3412.764331210191
75252.0 3412.764331210191
75315.0 3406.429615197272
77368.0 3406.429615197272
77411.0 3159.1064204045733
79685.0 3159.1064204045733
79816.0 3022.301918265221
82214.0 3022.301918265221
82315.0 3018.8545390816685
85168.0 3018.8545390816685
85217.0 3146.045643153527
87145.0 3146.045643153527
87213.0 3263.312058092872
92446.0 3263.312058092872
92513.0 4758.966465090709
96151.0 4758.966465090709
96212.0 4667.461071231364
99834.0 4667.461071231364
99911.0 4869.032587135166
103440.0 4869.032587135166
103513.0 5287.659728506787
106828.0 5287.659728506787
106911.0 5908.94315245478
110007.0 5908.94315245478
110107.0 7103.615236629473
112706.0 7103.615236629473
112810.0 3300.9207082371054
118006.0 3300.9207082371054
118302.0 2388.158606748562
124733.0 2388.158606748562
124823.0 2426.859160898432
131902.0 2426.859160898432
132020.0 3219.1137092211957
137323.0 3219.1137092211957
137416.0 4256.063460585027
141450.0 4256.063460585027
141513.0 5111.493333333333
144813.0 5111.493333333333
144908.0 5099.669681937555
148335.0 5099.669681937555
148410.0 4852.894225271583
151908.0 4852.894225271583
152014.0 5117.5601037763045
155483.0 5117.5601037763045
155610.0 5002.825191288994
159008.0 5002.825191288994
159299.0 5118.783252634577
162810.0 5118.783252634577
162911.0 6157.425431711146
165459.0 6157.425431711146
165511.0 4908.911161731207
169023.0 4908.911161731207
169115.0 4282.772218073189
171793.0 4282.772218073189
