57.0 708.0856864654334
2111.0 708.0856864654334
2264.0 712.852233676976
4010.0 712.852233676976
4164.0 714.9239616613419
5729.0 714.9239616613419
5873.0 715.8641335636154
7610.0 715.8641335636154
7763.0 707.1584640346133
9612.0 707.1584640346133
9765.0 710.9866291344124
11186.0 710.9866291344124
11271.0 770.8108108108108
12862.0 770.8108108108108
12964.0 706.7032520325204
14932.0 706.7032520325204
15087.0 700.9106225600987
24821.0 700.9106225600987
24948.0 800.5150552939888
34081.0 800.5150552939888
34176.0 750.4761904761905
35688.0 750.4761904761905
36038.0 822.3726135615536
37557.0 822.3726135615536
37661.0 884.4346629986245
39115.0 884.4346629986245
39251.0 902.3889585947302
40845.0 902.3889585947302
40944.0 1290.7955959789374
43033.0 1290.7955959789374
43138.0 1268.273593073593
45448.0 1268.273593073593
45722.0 1245.3449275362318
51932.0 1245.3449275362318
52035.0 1242.6713433882849
57737.0 1242.6713433882849
57846.0 1256.8258310800063
64133.0 1256.8258310800063
64234.0 1233.3177570093458
70226.0 1233.3177570093458
70335.0 1231.0721435968244
76129.0 1231.0721435968244
76235.0 1216.2737545758396
82518.0 1216.2737545758396
82634.0 1237.1849056603774
83694.0 1237.1849056603774
83846.0 1233.1825307950728
84739.0 1233.1825307950728
84846.0 1199.177009579342
87247.0 1199.177009579342
87337.0 1195.434868162141
89878.0 1195.434868162141
89937.0 1203.196043800777
92768.0 1203.196043800777
92838.0 1217.385205479452
94663.0 1217.385205479452
94742.0 1199.8741905642923
101228.0 1199.8741905642923
101339.0 1188.9259823332318
107905.0 1188.9259823332318
108037.0 1224.1471618780658
113745.0 1224.1471618780658
113837.0 1192.507262220834
120240.0 1192.507262220834
120336.0 1156.3769394087865
126459.0 1156.3769394087865
126547.0 1073.5238095238096
127765.0 1073.5238095238096
127849.0 1080.289156626506
129177.0 1080.289156626506
129244.0 1081.4133558748943
130427.0 1081.4133558748943
130540.0 1313.8168797953965
132495.0 1313.8168797953965
132636.0 1354.1760299625469
134772.0 1354.1760299625469
134841.0 1222.761984861228
140786.0 1222.761984861228
140854.0 1205.410621761658
147030.0 1205.410621761658
147139.0 1184.0689655172414
152939.0 1184.0689655172414
153036.0 1205.8882352941177
159836.0 1205.8882352941177
159938.0 1286.5251315550718
165449.0 1286.5251315550718
165539.0 1183.2583690987124
166704.0 1183.2583690987124
166838.0 1185.625554569654
167965.0 1185.625554569654
168036.0 1193.394221808015
169109.0 1193.394221808015
169242.0 1230.1086855550395
171395.0 1230.1086855550395
171534.0 1382.2090209020903
173352.0 1382.2090209020903
173438.0 1268.078348332451
177216.0 1268.078348332451
