28.0 1586.0501635768812
945.0 1586.0501635768812
1028.0 1595.6923076923076
1808.0 1595.6923076923076
1930.0 1591.5448079658606
2633.0 1591.5448079658606
2731.0 1594.174358974359
3511.0 1594.174358974359
3625.0 1584.8921212121213
4450.0 1584.8921212121213
4533.0 1973.6569140745303
7780.0 1973.6569140745303
7815.0 2133.761413843888
11210.0 2133.761413843888
11315.0 2186.0077299665036
15196.0 2186.0077299665036
15315.0 2167.3011435832273
18463.0 2167.3011435832273
18516.0 2659.5503819570754
21265.0 2659.5503819570754
21317.0 2659.551467987266
24144.0 2659.551467987266
24214.0 3095.4972585407
26585.0 3095.4972585407
26617.0 3128.7930607187113
29038.0 3128.7930607187113
29304.0 3070.9748148148146
32004.0 3070.9748148148146
32118.0 3000.0219078046553
34309.0 3000.0219078046553
34410.0 2998.5221274868045
36873.0 2998.5221274868045
36915.0 3095.7431130640525
42832.0 3095.7431130640525
42911.0 3171.5295476419633
48106.0 3171.5295476419633
48210.0 3197.014216303761
53767.0 3197.014216303761
53812.0 3086.55313059034
59402.0 3086.55313059034
59511.0 3174.7439688715954
64651.0 3174.7439688715954
64713.0 3075.737855502561
70374.0 3075.737855502561
70414.0 2998.489623755694
76341.0 2998.489623755694
76413.0 3145.3356414695136
81612.0 3145.3356414695136
81906.0 3126.777479892761
87501.0 3126.777479892761
87616.0 3103.344020637553
93043.0 3103.344020637553
93116.0 3172.299079189687
95831.0 3172.299079189687
95914.0 3240.1581196581196
97786.0 3240.1581196581196
97814.0 3237.2645590682196
100218.0 3237.2645590682196
100312.0 3166.932251521298
102777.0 3166.932251521298
102812.0 3115.2171199286668
105055.0 3115.2171199286668
105111.0 3115.3096695226436
107562.0 3115.3096695226436
107609.0 3085.1834422657953
109904.0 3085.1834422657953
110010.0 2993.3617636429344
112777.0 2993.3617636429344
113003.0 2991.416909620991
115747.0 2991.416909620991
115813.0 3054.8284789644013
118285.0 3054.8284789644013
118310.0 3164.2409115572436
120153.0 3164.2409115572436
120216.0 3152.2451376146787
125666.0 3152.2451376146787
125716.0 3070.31654676259
131276.0 3070.31654676259
131312.0 2916.9147128780155
137198.0 2916.9147128780155
137313.0 2918.326643598616
143093.0 2918.326643598616
143216.0 3032.0208188757806
148980.0 3032.0208188757806
149018.0 3052.0359582883857
154580.0 3052.0359582883857
154717.0 3032.0778821520066
160572.0 3032.0778821520066
160616.0 2990.255057167986
166301.0 2990.255057167986
166606.0 2984.3985386914646
172628.0 2984.3985386914646
172716.0 3088.2156133829
174868.0 3088.2156133829
174915.0 3124.5777572681127
177082.0 3124.5777572681127
177113.0 3129.1966035271066
178644.0 3129.1966035271066
