12.0 3663.4962216624685
409.0 3663.4962216624685
518.0 3594.6294117647058
1878.0 3594.6294117647058
1917.0 4340.029666254635
3535.0 4340.029666254635
3607.0 4325.728852838934
5333.0 4325.728852838934
5406.0 5933.0297619047615
6750.0 5933.0297619047615
6807.0 4786.007468259895
8146.0 4786.007468259895
8207.0 4791.084656084656
9719.0 4791.084656084656
9807.0 4847.940571428571
11557.0 4847.940571428571
11612.0 4699.557587882252
15111.0 4699.557587882252
15212.0 4292.260202819688
19255.0 4292.260202819688
19318.0 3770.2029488291414
23930.0 3770.2029488291414
24009.0 4273.276422764227
27945.0 4273.276422764227
28010.0 5165.313851548802
31432.0 5165.313851548802
31507.0 7600.420876826723
33902.0 7600.420876826723
34006.0 5715.422871392946
36813.0 5715.422871392946
36911.0 5437.279444269025
40078.0 5437.279444269025
40396.0 7283.304970178927
42911.0 7283.304970178927
43007.0 7475.542649727768
45211.0 7475.542649727768
45307.0 5185.583187390543
48733.0 5185.583187390543
48810.0 4938.131654264454
52304.0 4938.131654264454
52410.0 4690.48117275079
55889.0 4690.48117275079
56013.0 4261.319627998042
60099.0 4261.319627998042
60209.0 4140.7381174277725
64501.0 4140.7381174277725
64609.0 4339.861995753716
68377.0 4339.861995753716
68413.0 4283.62389813908
72497.0 4283.62389813908
72801.0 4732.185445349817
76360.0 4732.185445349817
76409.0 5144.8869798657715
80134.0 5144.8869798657715
80208.0 5512.363382250174
83070.0 5512.363382250174
83109.0 5185.822046765867
86402.0 5185.822046765867
86507.0 5114.658788774003
89892.0 5114.658788774003
90008.0 4976.609949955843
93405.0 4976.609949955843
93512.0 4628.991379310345
97224.0 4628.991379310345
97315.0 4025.859439595774
101669.0 4025.859439595774
101708.0 4575.809904952476
105706.0 4575.809904952476
105999.0 4908.87955331029
109760.0 4908.87955331029
109808.0 4486.4200889353915
113631.0 4486.4200889353915
113712.0 4568.187983343248
117074.0 4568.187983343248
117107.0 4959.508083140878
120571.0 4959.508083140878
120612.0 4990.049693072201
124033.0 4990.049693072201
124111.0 4563.7852206273255
127873.0 4563.7852206273255
127913.0 4538.048964218456
131630.0 4538.048964218456
131713.0 4561.881493082746
135544.0 4561.881493082746
135612.0 4609.129513983165
139295.0 4609.129513983165
139600.0 4650.986638721509
143417.0 4650.986638721509
143512.0 4815.750708215298
147042.0 4815.750708215298
147113.0 5078.284261090704
150652.0 5078.284261090704
150710.0 5561.545551222971
153531.0 5561.545551222971
153611.0 4094.062218000475
157822.0 4094.062218000475
157911.0 4344.418181818181
160551.0 4344.418181818181
