23.0 1838.6953223767382
814.0 1838.6953223767382
926.0 1857.6716417910447
1596.0 1857.6716417910447
1721.0 1855.4825870646766
2324.0 1855.4825870646766
2430.0 1822.9082240762814
4108.0 1822.9082240762814
4227.0 1826.116472545757
6030.0 1826.116472545757
6128.0 1869.4469078179698
9556.0 1869.4469078179698
9622.0 2107.0738801628854
13060.0 2107.0738801628854
13122.0 1990.1233872859489
17385.0 1990.1233872859489
17423.0 2092.19993866912
20684.0 2092.19993866912
20722.0 2142.134192792265
24135.0 2142.134192792265
24221.0 2188.8069868995635
27656.0 2188.8069868995635
27720.0 2183.0529446757882
31082.0 2183.0529446757882
31117.0 2269.945459994007
34454.0 2269.945459994007
34706.0 2434.419260129184
38112.0 2434.419260129184
38213.0 2926.5574354407836
40459.0 2926.5574354407836
40515.0 2039.59127312897
44136.0 2039.59127312897
44218.0 3406.86872246696
46488.0 3406.86872246696
46615.0 3564.7080459770114
47920.0 3564.7080459770114
48014.0 3549.714285714286
50240.0 3549.714285714286
50313.0 3546.084452975048
52397.0 3546.084452975048
52517.0 3624.6521545979563
57019.0 3624.6521545979563
57112.0 3142.915523465704
62652.0 3142.915523465704
62713.0 4722.8402870050495
66476.0 4722.8402870050495
66509.0 5654.426002766252
69401.0 5654.426002766252
69505.0 4704.038720086045
73224.0 4704.038720086045
73309.0 4086.8352341664645
77430.0 4086.8352341664645
77510.0 4258.823111111111
82010.0 4258.823111111111
82111.0 4604.899007589025
85537.0 4604.899007589025
85801.0 4588.101020956475
89523.0 4588.101020956475
89609.0 4514.503259452412
93444.0 4514.503259452412
93508.0 4515.369658119658
97252.0 4515.369658119658
97311.0 4703.754722146181
100964.0 4703.754722146181
101009.0 4717.059203444564
104725.0 4717.059203444564
104809.0 4716.186646042795
108688.0 4716.186646042795
108809.0 4716.989269289729
112723.0 4716.989269289729
112809.0 4753.764966740577
116417.0 4753.764966740577
116510.0 4762.247441860465
119735.0 4762.247441860465
120001.0 4515.042312746386
123806.0 4515.042312746386
123911.0 4351.506500127453
127834.0 4351.506500127453
127910.0 4081.0458759210837
132117.0 4081.0458759210837
132215.0 3639.250916936354
136850.0 3639.250916936354
136912.0 3601.9307502061006
141764.0 3601.9307502061006
141815.0 2966.175781932553
147538.0 2966.175781932553
147614.0 2972.675150703282
153586.0 2972.675150703282
153715.0 3663.706896551724
158355.0 3663.706896551724
158410.0 3662.5327083757898
163317.0 3662.5327083757898
163604.0 2820.769507371449
169166.0 2820.769507371449
169216.0 2664.208932158863
175687.0 2664.208932158863
175819.0 3089.780172413793
179531.0 3089.780172413793
