17.0 2625.285198555957
571.0 2625.285198555957
626.0 2585.8346839546193
1860.0 2585.8346839546193
1920.0 2645.049645390071
2343.0 2645.049645390071
2423.0 2574.7811447811446
3611.0 2574.7811447811446
3721.0 2750.3907319641917
5620.0 2750.3907319641917
5718.0 3353.461015175301
7629.0 3353.461015175301
7712.0 3451.2243925678895
9811.0 3451.2243925678895
9915.0 3488.4440789473683
12347.0 3488.4440789473683
12414.0 3587.099894847529
14316.0 3587.099894847529
14412.0 3758.92236503856
16357.0 3758.92236503856
16418.0 3359.38485316847
21594.0 3359.38485316847
21711.0 4267.854859172799
25652.0 4267.854859172799
25709.0 4199.502019482063
29918.0 4199.502019482063
30012.0 3925.6001725253395
34649.0 3925.6001725253395
34709.0 3870.4926417370325
38854.0 3870.4926417370325
38913.0 3033.802677942213
44589.0 3033.802677942213
44711.0 3049.868797868798
50717.0 3049.868797868798
50812.0 3683.455399061033
55285.0 3683.455399061033
55603.0 3685.087741132545
60424.0 3685.087741132545
60513.0 3744.3211805555557
65121.0 3744.3211805555557
65212.0 3745.279779664907
69569.0 3745.279779664907
69610.0 3659.4686843211434
74368.0 3659.4686843211434
74413.0 3635.8527004909984
79301.0 3635.8527004909984
79411.0 3503.127677806341
84079.0 3503.127677806341
84110.0 3383.814313346228
89280.0 3383.814313346228
89313.0 3283.6513940339246
94442.0 3283.6513940339246
94515.0 3101.473532589125
97292.0 3101.473532589125
97412.0 3107.3647540983607
99364.0 3107.3647540983607
99413.0 3104.261667331472
101920.0 3104.261667331472
102010.0 3105.206046141607
104524.0 3105.206046141607
104611.0 2214.7169572107764
107766.0 2214.7169572107764
107818.0 2215.793383633198
111264.0 2215.793383633198
111316.0 2214.731310603691
114513.0 2214.731310603691
114624.0 2215.199786039048
118363.0 2215.199786039048
118610.0 2857.0998955795335
121483.0 2857.0998955795335
121509.0 4347.458837075417
123246.0 4347.458837075417
123310.0 4348.766592095451
124651.0 4348.766592095451
124710.0 4355.392111368909
126434.0 4355.392111368909
126509.0 3829.2866756393
130967.0 3829.2866756393
131012.0 3369.766437684004
136107.0 3369.766437684004
136216.0 3408.3507779349366
141165.0 3408.3507779349366
141212.0 3721.5860306643954
145908.0 3721.5860306643954
146013.0 3758.1191056010625
150530.0 3758.1191056010625
150611.0 4064.289377289377
154979.0 4064.289377289377
155010.0 4068.8367640019146
159188.0 4068.8367640019146
159313.0 3359.889325107497
164662.0 3359.889325107497
164903.0 3313.4361140443507
169638.0 3313.4361140443507
169709.0 3846.5185185185187
174191.0 3846.5185185185187
174313.0 3989.309217391304
177188.0 3989.309217391304
