26.0 1610.640088593577
929.0 1610.640088593577
1027.0 1620.625
1795.0 1620.625
1930.0 1616.8439306358382
2622.0 1616.8439306358382
2735.0 1636.6185125735688
4604.0 1636.6185125735688
4720.0 2387.5910079767946
6099.0 2387.5910079767946
6212.0 2882.9321266968327
7096.0 2882.9321266968327
7216.0 2541.79649122807
10066.0 2541.79649122807
10109.0 4244.070035017508
12108.0 4244.070035017508
12207.0 4315.410499683744
13788.0 4315.410499683744
13911.0 4839.266034578918
17497.0 4839.266034578918
17606.0 6916.537788385043
20120.0 6916.537788385043
20207.0 5876.874912648497
23069.0 5876.874912648497
23106.0 4681.065677966101
26882.0 4681.065677966101
27008.0 4501.238377843719
31052.0 4501.238377843719
31108.0 5110.924498247849
34247.0 5110.924498247849
34308.0 4871.248656294201
37843.0 4871.248656294201
37907.0 6021.535831689678
40949.0 6021.535831689678
41200.0 4941.840431913617
44534.0 4941.840431913617
44608.0 4871.348505621058
48255.0 4871.348505621058
48308.0 4846.58202247191
51868.0 4846.58202247191
51908.0 4657.01598173516
55412.0 4657.01598173516
55507.0 5653.166233766234
58587.0 5653.166233766234
58705.0 5007.621301775148
62254.0 5007.621301775148
62308.0 4293.147807823576
66117.0 4293.147807823576
66209.0 4663.908291122368
69960.0 4663.908291122368
70007.0 4260.52314697698
73960.0 4260.52314697698
74203.0 3837.5458550260314
79197.0 3837.5458550260314
79313.0 3793.311853811012
83472.0 3793.311853811012
83511.0 3863.5547511312216
87931.0 3863.5547511312216
88013.0 3613.6756418284285
92804.0 3613.6756418284285
92914.0 2965.884912280702
98614.0 2965.884912280702
98717.0 3289.836492437297
103940.0 3289.836492437297
104012.0 3767.1592520954223
108665.0 3767.1592520954223
108713.0 4387.071462829736
112883.0 4387.071462829736
113011.0 4445.532386226824
117164.0 4445.532386226824
117403.0 3546.6468155500415
122239.0 3546.6468155500415
122316.0 3789.3530717986678
126369.0 3789.3530717986678
126412.0 3903.5982731197455
130813.0 3903.5982731197455
130915.0 3197.4077542610976
136254.0 3197.4077542610976
136319.0 2487.5340481019994
143221.0 2487.5340481019994
143314.0 3575.2284866468844
148032.0 3575.2284866468844
148112.0 4851.906718489728
151714.0 4851.906718489728
151805.0 6814.702529104778
154296.0 6814.702529104778
154407.0 5841.663705166173
157446.0 5841.663705166173
157700.0 4675.357535753576
161336.0 4675.357535753576
161411.0 4479.573280159521
165423.0 4479.573280159521
165507.0 5145.660872417186
168556.0 5145.660872417186
168608.0 4899.14634839443
172127.0 4899.14634839443
172210.0 5757.6626506024095
174202.0 5757.6626506024095
