74.0 622.8728051391863
2409.0 622.8728051391863
2584.0 627.6550680786687
4567.0 627.6550680786687
4687.0 627.1614349775784
6471.0 627.1614349775784
6588.0 627.691065118627
8569.0 627.691065118627
8695.0 552.4021968736797
11062.0 552.4021968736797
11195.0 540.8522483940043
13063.0 540.8522483940043
13198.0 540.4847950639048
15467.0 540.4847950639048
15616.0 644.1834182491895
17775.0 644.1834182491895
17857.0 749.8009950248756
19465.0 749.8009950248756
19563.0 753.4461746784021
21040.0 753.4461746784021
21187.0 812.5529017615909
30440.0 812.5529017615909
30568.0 734.6035431888699
40559.0 734.6035431888699
40643.0 1003.0951638065523
41925.0 1003.0951638065523
42047.0 975.853459972863
43521.0 975.853459972863
43650.0 924.4290429042904
44862.0 924.4290429042904
44953.0 922.8557130942452
46152.0 922.8557130942452
46271.0 777.2342487883683
49985.0 777.2342487883683
50070.0 650.7533260632497
54655.0 650.7533260632497
54773.0 549.9606779661017
60673.0 549.9606779661017
60803.0 474.81624261115394
76367.0 474.81624261115394
76648.0 735.9206534422403
78362.0 735.9206534422403
78462.0 734.43630017452
80181.0 734.43630017452
80263.0 734.2754759238521
82049.0 734.2754759238521
82164.0 781.569907735983
83573.0 781.569907735983
83833.0 776.0711590296496
87543.0 776.0711590296496
87681.0 762.2584692597239
91666.0 762.2584692597239
91759.0 826.9599417334305
95878.0 826.9599417334305
95962.0 887.6260487415102
98465.0 887.6260487415102
98565.0 951.8945558739255
103800.0 951.8945558739255
103953.0 787.820014752889
108020.0 787.820014752889
108206.0 510.8997971602434
110671.0 510.8997971602434
110787.0 514.8769922353903
113234.0 514.8769922353903
113398.0 571.2397022332506
115413.0 571.2397022332506
115741.0 664.7938808373591
120709.0 664.7938808373591
120871.0 754.4566188572772
125124.0 754.4566188572772
125264.0 640.1776873516446
137060.0 640.1776873516446
137187.0 562.7365045430251
139058.0 562.7365045430251
139188.0 583.5811764705883
140888.0 583.5811764705883
141144.0 709.3005531653349
142771.0 709.3005531653349
142874.0 714.2428571428571
144554.0 714.2428571428571
144688.0 697.6597677940434
148650.0 697.6597677940434
148777.0 701.491448118586
153162.0 701.491448118586
153268.0 769.5690871594486
162481.0 769.5690871594486
162836.0 746.0528533129069
173280.0 746.0528533129069
173367.0 836.6938008766438
174964.0 836.6938008766438
175057.0 926.5643994211288
176439.0 926.5643994211288
176558.0 919.0108604845447
177755.0 919.0108604845447
178032.0 843.6046304541406
179155.0 843.6046304541406
179270.0 557.9378746594006
182940.0 557.9378746594006
