25.0 1584.3224400871459
943.0 1584.3224400871459
1026.0 1597.7406931964056
1805.0 1597.7406931964056
1927.0 1593.8119658119658
2629.0 1593.8119658119658
2729.0 1600.3294723294723
3506.0 1600.3294723294723
3636.0 1496.5854545454545
5836.0 1496.5854545454545
5953.0 769.9704433497537
14276.0 769.9704433497537
14390.0 870.9943181818181
15798.0 870.9943181818181
15952.0 864.3828464885022
17561.0 864.3828464885022
17659.0 486.25643218587413
31690.0 486.25643218587413
31902.0 519.0485074626865
34046.0 519.0485074626865
34212.0 518.3736866148927
36401.0 518.3736866148927
36756.0 576.1918819188191
38924.0 576.1918819188191
39091.0 576.667264573991
41321.0 576.667264573991
41487.0 574.673591689972
43990.0 574.673591689972
44198.0 438.34428794992175
46754.0 438.34428794992175
46920.0 428.2136222910217
49504.0 428.2136222910217
49726.0 482.1805963880722
52107.0 482.1805963880722
52292.0 589.4951076320939
54336.0 589.4951076320939
54493.0 588.5551601423488
56741.0 588.5551601423488
56885.0 551.3933463796477
58929.0 551.3933463796477
59241.0 535.3853989813243
61597.0 535.3853989813243
61820.0 340.2103519668737
76310.0 340.2103519668737
76593.0 302.0304007369876
80935.0 302.0304007369876
81125.0 443.3301127214171
83609.0 443.3301127214171
83827.0 438.89046728971965
86502.0 438.89046728971965
86720.0 453.5926335174954
89435.0 453.5926335174954
89540.0 1275.3794916739703
90681.0 1275.3794916739703
90738.0 1188.7255216693418
92607.0 1188.7255216693418
92781.0 622.4578313253012
97927.0 622.4578313253012
98068.0 690.9619401664012
109366.0 690.9619401664012
109542.0 354.65164742326107
113093.0 354.65164742326107
113332.0 375.53025335320416
116687.0 375.53025335320416
116786.0 611.2841210833776
118669.0 611.2841210833776
118787.0 611.0056074766355
120927.0 611.0056074766355
121084.0 714.4742818971276
125575.0 714.4742818971276
125668.0 777.2247873633049
127314.0 777.2247873633049
127475.0 823.2410256410257
130595.0 823.2410256410257
130755.0 738.076039806073
134674.0 738.076039806073
134780.0 644.3861359808527
146061.0 644.3861359808527
146175.0 623.9875195007801
148098.0 623.9875195007801
148293.0 517.8232720909887
150579.0 517.8232720909887
150726.0 403.38193146417444
153936.0 403.38193146417444
154143.0 406.89316987740807
156998.0 406.89316987740807
157233.0 375.6119891008174
160903.0 375.6119891008174
161268.0 408.43198976327574
169083.0 408.43198976327574
169186.0 591.1874422899353
171352.0 591.1874422899353
171507.0 595.9133261105092
173353.0 595.9133261105092
173640.0 639.6812964213369
175121.0 639.6812964213369
175274.0 638.8051209103841
176680.0 638.8051209103841
