5.0 8555.341176470589
175.0 8555.341176470589
206.0 8463.978779840849
583.0 8463.978779840849
604.0 8429.973589435775
1437.0 8429.973589435775
1506.0 8422.609418282549
2950.0 8422.609418282549
3004.0 8422.653465346535
5125.0 8422.653465346535
5204.0 8423.535791757049
7048.0 8423.535791757049
7106.0 8423.7579306979
9155.0 8423.7579306979
9204.0 7945.08933217693
11510.0 7945.08933217693
11605.0 6730.966844044208
14048.0 6730.966844044208
14106.0 5352.747686613202
17348.0 5352.747686613202
17408.0 5018.232611832612
20873.0 5018.232611832612
20910.0 4285.252484076434
24835.0 4285.252484076434
25102.0 4379.5104063429135
29138.0 4379.5104063429135
29208.0 4450.613202933985
33298.0 4450.613202933985
33409.0 5064.138888888889
36577.0 5064.138888888889
36607.0 5061.688418577308
40009.0 5061.688418577308
40108.0 4909.54489413026
43839.0 4909.54489413026
43909.0 4906.520547945205
47267.0 4906.520547945205
47309.0 4907.681767955801
50929.0 4907.681767955801
51007.0 4856.13059386434
54560.0 4856.13059386434
54608.0 4560.699832308553
58186.0 4560.699832308553
58500.0 5622.134969325153
61597.0 5622.134969325153
61705.0 4645.072660742289
65531.0 4645.072660742289
65608.0 3115.3743570203847
70857.0 3115.3743570203847
70915.0 2601.772754312909
77639.0 2601.772754312909
77718.0 2401.5183231142164
84731.0 2401.5183231142164
84816.0 6369.12728481223
87825.0 6369.12728481223
87905.0 3916.6792452830186
91933.0 3916.6792452830186
92015.0 4107.001443001443
96173.0 4107.001443001443
96208.0 6001.081455805893
99093.0 6001.081455805893
99400.0 6005.521847246891
102215.0 6005.521847246891
102306.0 5999.586592178771
105170.0 5999.586592178771
105206.0 7000.23642172524
107710.0 7000.23642172524
107806.0 8372.580320366133
109991.0 8372.580320366133
110106.0 7352.567104739148
112617.0 7352.567104739148
112705.0 5453.603815580286
115850.0 5453.603815580286
115907.0 4659.6626213592235
119203.0 4659.6626213592235
119310.0 4451.862140450894
123169.0 4451.862140450894
123210.0 4431.71339563863
127062.0 4431.71339563863
127300.0 3023.76893272279
132978.0 3023.76893272279
133014.0 3343.494152626363
138059.0 3343.494152626363
138110.0 4082.356458771315
142391.0 4082.356458771315
142510.0 4357.141683778234
146406.0 4357.141683778234
146512.0 4751.824411134904
150248.0 4751.824411134904
150309.0 4787.271191213743
153860.0 4787.271191213743
153912.0 3999.1206052514462
158406.0 3999.1206052514462
158511.0 3962.8997221520585
162470.0 3962.8997221520585
162513.0 3781.5520947576224
167072.0 3781.5520947576224
167302.0 3697.377176015474
170404.0 3697.377176015474
