11.0 3807.3507853403144
393.0 3807.3507853403144
511.0 3829.6615384615384
836.0 3829.6615384615384
913.0 3831.698630136986
1205.0 3831.698630136986
1314.0 3762.4108241082413
2127.0 3762.4108241082413
2212.0 3740.1463414634145
4344.0 3740.1463414634145
4412.0 3320.4476683937824
6342.0 3320.4476683937824
6415.0 3662.345803842265
8393.0 3662.345803842265
8508.0 3382.7336523125996
11016.0 3382.7336523125996
11122.0 3116.1174909986735
16399.0 3116.1174909986735
16513.0 3216.609453197405
21908.0 3216.609453197405
22017.0 2812.2555393821767
28200.0 2812.2555393821767
28313.0 2797.673985362608
34325.0 2797.673985362608
34607.0 2379.770028275212
37790.0 2379.770028275212
37915.0 2381.9683998850905
41396.0 2381.9683998850905
41514.0 2134.7996102630723
44593.0 2134.7996102630723
44721.0 2120.401952339937
48204.0 2120.401952339937
48321.0 2592.5551458263494
51304.0 2592.5551458263494
51411.0 2998.6085484553532
53774.0 2998.6085484553532
53816.0 3061.4738473459897
56397.0 3061.4738473459897
56510.0 3228.5015290519877
58799.0 3228.5015290519877
58911.0 3279.462988505747
61086.0 3279.462988505747
61305.0 3308.159307359307
63615.0 3308.159307359307
63718.0 3288.683937823834
69122.0 3288.683937823834
69216.0 3127.8882938026013
74444.0 3127.8882938026013
74516.0 3055.2427523576666
80242.0 3055.2427523576666
80311.0 2892.7942287873584
86133.0 2892.7942287873584
86214.0 1911.5004987033712
96240.0 1911.5004987033712
96334.0 1898.458841940532
99529.0 1898.458841940532
99612.0 3354.4758620689654
101932.0 3354.4758620689654
102016.0 2451.0166405023547
105201.0 2451.0166405023547
105511.0 2556.689352360044
108244.0 2556.689352360044
108317.0 2467.0836833602584
111412.0 2467.0836833602584
111516.0 2435.671138630891
114423.0 2435.671138630891
114514.0 3511.0775752437476
116873.0 3511.0775752437476
116912.0 3245.7287465401346
119441.0 3245.7287465401346
119517.0 3293.29960750109
121810.0 3293.29960750109
121913.0 3324.7981755986316
123667.0 3324.7981755986316
123715.0 3373.1787960467204
125941.0 3373.1787960467204
126015.0 3163.0461367426346
131412.0 3163.0461367426346
131544.0 1496.5969316596932
143016.0 1496.5969316596932
143123.0 1967.7936962750716
146613.0 1967.7936962750716
146723.0 2039.3036558070132
150744.0 2039.3036558070132
150815.0 2601.8495412844036
153540.0 2601.8495412844036
153614.0 3049.6187866927594
156169.0 3049.6187866927594
156217.0 3178.1077050538524
158631.0 3178.1077050538524
158712.0 3100.4388318863457
161246.0 3100.4388318863457
161317.0 2821.804846103471
162844.0 2821.804846103471
162920.0 2815.3679833679835
165325.0 2815.3679833679835
165416.0 3050.336170212766
169176.0 3050.336170212766
