24.0 1612.4257206208426
926.0 1612.4257206208426
1023.0 1622.7379400260756
1790.0 1622.7379400260756
1926.0 1621.5304347826086
2616.0 1621.5304347826086
2730.0 1758.7779349363507
3437.0 1758.7779349363507
3512.0 3405.0416666666665
3896.0 3405.0416666666665
4015.0 2765.8454898575746
6332.0 2765.8454898575746
6409.0 3824.7729672650476
8303.0 3824.7729672650476
8408.0 3913.2361623616234
10576.0 3913.2361623616234
10607.0 4105.09265944645
12269.0 4105.09265944645
12308.0 4663.694705724268
16029.0 4663.694705724268
16105.0 5846.730329522528
19079.0 5846.730329522528
19107.0 5159.391411042945
22367.0 5159.391411042945
22409.0 3885.6240932072983
26958.0 3885.6240932072983
27012.0 2955.513557395681
33171.0 2955.513557395681
33208.0 2491.565771082466
39647.0 2491.565771082466
39724.0 2428.411225497109
46815.0 2428.411225497109
46918.0 1988.0086824397656
56132.0 1988.0086824397656
56233.0 1562.4502756339582
60768.0 1562.4502756339582
60821.0 2397.349514563107
64117.0 2397.349514563107
64221.0 2038.069498069498
67847.0 2038.069498069498
67922.0 2021.7777777777778
71450.0 2021.7777777777778
71519.0 2035.654768247203
75273.0 2035.654768247203
75317.0 1951.1735953640716
79286.0 1951.1735953640716
79428.0 1995.2639087018545
82933.0 1995.2639087018545
83020.0 2298.81856
86145.0 2298.81856
86407.0 2549.236721772775
89250.0 2549.236721772775
89313.0 3468.7039871123643
91796.0 3468.7039871123643
91913.0 3634.257639304973
93582.0 3634.257639304973
93607.0 3371.9168110918545
95915.0 3371.9168110918545
96014.0 3220.4983498349834
98438.0 3220.4983498349834
98516.0 3108.288256227758
100764.0 3108.288256227758
100821.0 2520.0079207920794
103851.0 2520.0079207920794
103913.0 3438.803302574065
105972.0 3438.803302574065
106011.0 3741.88750255676
110900.0 3741.88750255676
111013.0 4806.637854725332
114854.0 4806.637854725332
114909.0 4291.114335751814
118906.0 4291.114335751814
119014.0 3238.087286527514
123757.0 3238.087286527514
123814.0 2866.6337393625895
129807.0 2866.6337393625895
129922.0 2480.88359250109
136803.0 2480.88359250109
136917.0 2632.0650007665186
143440.0 2632.0650007665186
143508.0 4586.1685698749325
147186.0 4586.1685698749325
147503.0 3183.92566952086
152992.0 3183.92566952086
153117.0 2046.4646172393009
161412.0 2046.4646172393009
161530.0 2387.917866993564
164793.0 2387.917866993564
164915.0 2591.000337723742
167876.0 2591.000337723742
167921.0 2549.1602855288775
171003.0 2549.1602855288775
171120.0 2212.330226364847
174124.0 2212.330226364847
174223.0 2168.7892376681616
177345.0 2168.7892376681616
177417.0 2256.617993405558
179540.0 2256.617993405558
