31.0 1451.5049900199601
1033.0 1451.5049900199601
1142.0 1436.7041873030166
3363.0 1436.7041873030166
3438.0 2317.804899777283
7928.0 2317.804899777283
8009.0 5635.888785912883
10167.0 5635.888785912883
10209.0 6611.933665008291
11415.0 6611.933665008291
11504.0 8399.035386631716
12267.0 8399.035386631716
12303.0 7960.571428571428
13213.0 7960.571428571428
13306.0 5534.178734507502
14839.0 5534.178734507502
14909.0 3754.281278538813
19289.0 3754.281278538813
19417.0 3879.6351441985244
23890.0 3879.6351441985244
24009.0 4602.481736368449
27787.0 4602.481736368449
27906.0 4449.633862433862
31686.0 4449.633862433862
31805.0 6109.818181818182
34698.0 6109.818181818182
34808.0 3158.0513532269256
40572.0 3158.0513532269256
40612.0 4714.426094622392
44015.0 4714.426094622392
44108.0 5347.783850931677
47328.0 5347.783850931677
47597.0 7525.682826622843
50031.0 7525.682826622843
50108.0 3947.3157642549113
54282.0 3947.3157642549113
54413.0 3657.7739345274863
59270.0 3657.7739345274863
59312.0 4080.849574266793
63540.0 4080.849574266793
63611.0 3301.271292737204
68554.0 3301.271292737204
68612.0 3704.628085106383
73312.0 3704.628085106383
73407.0 5906.297108673978
76416.0 5906.297108673978
76512.0 3249.7217806041335
81544.0 3249.7217806041335
81613.0 2065.9329239489844
90081.0 2065.9329239489844
90225.0 2278.3652939327258
93406.0 2278.3652939327258
93514.0 3421.848232022249
96031.0 3421.848232022249
96111.0 3312.7121791370837
97942.0 3312.7121791370837
98013.0 3089.4736006351727
100532.0 3089.4736006351727
100617.0 2855.3357717629847
103351.0 2855.3357717629847
103417.0 2749.874852420307
105958.0 2749.874852420307
106018.0 2639.3446249567924
108911.0 2639.3446249567924
109020.0 2444.0787021056267
111917.0 2444.0787021056267
112207.0 3121.9871843196383
114860.0 3121.9871843196383
114909.0 4055.5573122529645
116933.0 4055.5573122529645
117010.0 3618.3689506468613
119097.0 3618.3689506468613
119214.0 2507.8785107772696
125338.0 2507.8785107772696
125429.0 3518.9954936501435
130311.0 3518.9954936501435
130411.0 6956.381418092909
132865.0 6956.381418092909
132908.0 6295.914924825816
135635.0 6295.914924825816
135709.0 3182.6279245283017
141009.0 3182.6279245283017
141120.0 4548.8204060385215
144962.0 4548.8204060385215
145012.0 4525.5729138896295
148763.0 4525.5729138896295
148808.0 5132.355015900549
152267.0 5132.355015900549
152501.0 6125.981981981982
155276.0 6125.981981981982
155412.0 3110.965553055219
161189.0 3110.965553055219
161318.0 4887.576323987539
164528.0 4887.576323987539
164606.0 6019.586592178771
167470.0 6019.586592178771
167508.0 6641.148812970469
169235.0 6641.148812970469
