74.0 584.8041817450744
2561.0 584.8041817450744
2684.0 591.2779097387173
4789.0 591.2779097387173
4976.0 589.8028465998946
6873.0 589.8028465998946
6975.0 590.7154394299288
9080.0 590.7154394299288
9182.0 552.4021968736797
11549.0 552.4021968736797
11689.0 399.9651623119557
14215.0 399.9651623119557
14463.0 367.28361784965557
17802.0 367.28361784965557
18038.0 420.8145234493192
21343.0 420.8145234493192
21494.0 478.2546608488695
24015.0 478.2546608488695
24216.0 479.67241379310343
26536.0 479.67241379310343
26720.0 458.2875605815832
29196.0 458.2875605815832
29569.0 612.0450759431651
31610.0 612.0450759431651
31788.0 542.8315745040102
34157.0 542.8315745040102
34323.0 398.12945354565244
43052.0 398.12945354565244
43238.0 491.83845478489906
45516.0 491.83845478489906
45682.0 616.0935412026726
47478.0 616.0935412026726
47579.0 421.34695664866445
54430.0 421.34695664866445
54639.0 433.1157440690151
57421.0 433.1157440690151
57642.0 501.3535430087154
60281.0 501.3535430087154
60394.0 426.1397326852977
66978.0 426.1397326852977
67273.0 359.466514676546
70782.0 359.466514676546
70984.0 305.541142303969
75116.0 305.541142303969
75340.0 385.2573443008226
78744.0 385.2573443008226
78893.0 513.8740083994401
81036.0 513.8740083994401
81185.0 398.72926187508654
88406.0 398.72926187508654
88658.0 327.96378162450065
92413.0 327.96378162450065
92711.0 358.69065812176484
96768.0 358.69065812176484
96917.0 390.5314009661836
99194.0 390.5314009661836
99447.0 416.83853459972863
102395.0 416.83853459972863
102757.0 485.04149715215624
105215.0 485.04149715215624
105408.0 535.6530841121495
110758.0 535.6530841121495
110884.0 575.2986301369863
113074.0 575.2986301369863
113347.0 610.5390012381346
118193.0 610.5390012381346
118374.0 693.6615384615385
120259.0 693.6615384615385
120370.0 588.7530275229358
125820.0 588.7530275229358
125982.0 776.2815533980582
127630.0 776.2815533980582
127754.0 848.8142762723066
130780.0 848.8142762723066
130879.0 476.50057113846935
146637.0 476.50057113846935
147001.0 278.3482875060299
151147.0 278.3482875060299
151322.0 422.65868263473055
154161.0 422.65868263473055
154322.0 455.6366435719784
156920.0 455.6366435719784
157108.0 451.6414370422044
159975.0 451.6414370422044
160110.0 437.0504138449962
162768.0 437.0504138449962
162909.0 397.83434343434345
166374.0 397.83434343434345
166529.0 356.75600760031296
175476.0 356.75600760031296
175675.0 361.11449520586575
179221.0 361.11449520586575
179415.0 430.38184663536776
181971.0 430.38184663536776
182276.0 431.40619307832424
184472.0 431.40619307832424
184640.0 382.5212947189097
186988.0 382.5212947189097
