19.0 1913.6947368421052
779.0 1913.6947368421052
823.0 1929.6744186046512
1468.0 1929.6744186046512
1525.0 1932.3937823834196
2104.0 1932.3937823834196
2224.0 1600.3294723294723
3001.0 1600.3294723294723
3127.0 1451.2053274139844
4028.0 1451.2053274139844
4136.0 1349.1503157894738
8886.0 1349.1503157894738
9031.0 1036.6514024041214
16019.0 1036.6514024041214
16173.0 668.655107187894
28861.0 668.655107187894
28952.0 1021.7627118644068
30132.0 1021.7627118644068
30251.0 1026.6051660516605
31335.0 1026.6051660516605
31443.0 1358.9461077844312
32278.0 1358.9461077844312
32511.0 1371.2228320526895
33422.0 1371.2228320526895
33538.0 1501.8503401360545
35596.0 1501.8503401360545
35729.0 1480.098807495741
38077.0 1480.098807495741
38142.0 1066.220640569395
40671.0 1066.220640569395
40738.0 1108.9129129129128
47398.0 1108.9129129129128
47541.0 1258.3130491376505
53687.0 1258.3130491376505
53831.0 1088.4350230414746
60341.0 1088.4350230414746
60440.0 1096.6917418459402
67645.0 1096.6917418459402
67736.0 959.6208284638359
75437.0 959.6208284638359
75723.0 981.6093385214008
77008.0 981.6093385214008
77144.0 983.2523364485982
78428.0 983.2523364485982
78552.0 983.0704647676162
79886.0 983.0704647676162
79948.0 1037.8867924528302
82598.0 1037.8867924528302
82746.0 1136.6853533359651
85279.0 1136.6853533359651
85341.0 964.9301143583227
88489.0 964.9301143583227
88656.0 800.5283196239718
92911.0 800.5283196239718
93038.0 1138.5915492957747
93819.0 1138.5915492957747
93944.0 1142.0446096654275
95020.0 1142.0446096654275
95136.0 1130.8833840359264
102039.0 1130.8833840359264
102131.0 1228.8835736897643
107817.0 1228.8835736897643
107933.0 909.8693994280267
116325.0 909.8693994280267
116461.0 1250.3083171463888
122124.0 1250.3083171463888
122239.0 1189.1790380473797
129204.0 1189.1790380473797
129350.0 991.4471319972357
130797.0 991.4471319972357
130944.0 995.5735408560312
132229.0 995.5735408560312
132351.0 912.4376554174067
135166.0 912.4376554174067
135257.0 907.5996234703483
138444.0 907.5996234703483
138552.0 943.7530402245089
141759.0 943.7530402245089
141847.0 956.1179282868526
143102.0 956.1179282868526
143255.0 991.7933261571583
146042.0 991.7933261571583
146146.0 1096.408610776842
153625.0 1096.408610776842
153735.0 1201.090970692868
159638.0 1201.090970692868
159728.0 1044.0541337263835
167191.0 1044.0541337263835
167354.0 1049.3710846669403
174665.0 1049.3710846669403
174737.0 1303.9837067209776
175719.0 1303.9837067209776
175832.0 1308.0332936979787
176673.0 1308.0332936979787
176739.0 1138.0688405797102
178947.0 1138.0688405797102
179050.0 1059.3026383859285
180983.0 1059.3026383859285
