53.0 745.4679651460789
2004.0 745.4679651460789
2166.0 749.3317278747743
3827.0 749.3317278747743
3973.0 922.3874690849134
5186.0 922.3874690849134
5235.0 1267.5392456676861
6216.0 1267.5392456676861
6342.0 909.9067501739736
7779.0 909.9067501739736
7860.0 763.6523053665911
9183.0 763.6523053665911
9263.0 213.35421016005566
15011.0 213.35421016005566
15459.0 208.63966396639663
22125.0 208.63966396639663
22238.0 1192.5618199802177
23249.0 1192.5618199802177
23341.0 1129.7868020304568
24326.0 1129.7868020304568
24452.0 943.2382386149793
32423.0 943.2382386149793
32554.0 1007.0559824368826
39842.0 1007.0559824368826
39956.0 1015.7108116989813
42999.0 1015.7108116989813
43143.0 1012.9633802816901
44563.0 1012.9633802816901
44647.0 993.2695035460993
45775.0 993.2695035460993
45858.0 984.4341637010676
46982.0 984.4341637010676
47044.0 988.013769363167
48206.0 988.013769363167
48355.0 686.5402669121031
52701.0 686.5402669121031
52885.0 851.6451443569554
56695.0 851.6451443569554
56831.0 1280.3257103257104
62603.0 1280.3257103257104
62729.0 1108.2709757613425
69165.0 1108.2709757613425
69263.0 834.9674796747968
75167.0 834.9674796747968
75258.0 719.2
79728.0 719.2
79877.0 754.1540992596655
83524.0 754.1540992596655
83653.0 1014.1683691440649
86492.0 1014.1683691440649
86645.0 1932.3155216284988
88217.0 1932.3155216284988
88328.0 1832.5684210526315
91368.0 1832.5684210526315
91616.0 2145.5875486381324
94443.0 2145.5875486381324
94528.0 1953.4096385542168
98512.0 1953.4096385542168
98619.0 1379.4818872592332
104278.0 1379.4818872592332
104330.0 1712.605882352941
108410.0 1712.605882352941
108537.0 876.6502870264064
117247.0 876.6502870264064
117372.0 820.4514484356895
126002.0 820.4514484356895
126150.0 926.028328611898
127562.0 926.028328611898
127657.0 811.4389140271493
129425.0 811.4389140271493
129560.0 811.2314521242866
131137.0 811.2314521242866
131258.0 909.8519305703153
134081.0 909.8519305703153
134149.0 1051.4431115957834
136900.0 1051.4431115957834
137043.0 1108.2445990479678
139774.0 1108.2445990479678
139839.0 840.1720430107526
143559.0 840.1720430107526
143688.0 706.0924801494629
150111.0 706.0924801494629
150257.0 800.7069622107216
160498.0 800.7069622107216
160670.0 778.0843938379103
162163.0 778.0843938379103
162275.0 734.4144912093767
164152.0 734.4144912093767
164306.0 552.3770152955767
166725.0 552.3770152955767
166909.0 554.5742745777393
169218.0 554.5742745777393
169394.0 575.6441653584511
171305.0 575.6441653584511
171477.0 705.8584269662921
175037.0 705.8584269662921
175171.0 705.5933838731909
178073.0 705.5933838731909
