25.0 1634.1662921348316
915.0 1634.1662921348316
1026.0 1646.3492063492063
1782.0 1646.3492063492063
1819.0 1642.9603524229076
2500.0 1642.9603524229076
2627.0 1660.154873164219
3376.0 1660.154873164219
3423.0 3005.829885057471
3858.0 3005.829885057471
3911.0 2660.217517642175
6320.0 2660.217517642175
6416.0 2518.817802503477
9292.0 2518.817802503477
9412.0 1592.9207660533234
14738.0 1592.9207660533234
14816.0 2814.6303630363036
17240.0 2814.6303630363036
17310.0 3011.163097199341
19738.0 3011.163097199341
19805.0 3149.7913699204023
22192.0 3149.7913699204023
22307.0 3759.9508196721313
24259.0 3759.9508196721313
24309.0 3755.4823996033715
26326.0 3755.4823996033715
26596.0 3592.561525129983
28904.0 3592.561525129983
29013.0 3525.201494177104
33564.0 3525.201494177104
33611.0 3269.3875071198026
38878.0 3269.3875071198026
39016.0 2754.098932491355
45667.0 2754.098932491355
45710.0 3381.793103448276
50582.0 3381.793103448276
50711.0 3712.812539184953
55496.0 3712.812539184953
55608.0 3699.3636363636365
60272.0 3699.3636363636365
60308.0 3707.8354919336516
64709.0 3707.8354919336516
64809.0 3531.795537525355
69739.0 3531.795537525355
69999.0 3216.660271493213
75524.0 3216.660271493213
75610.0 3634.718826405868
80109.0 3634.718826405868
80209.0 3406.878286270691
85344.0 3406.878286270691
85413.0 3728.5472658844365
89930.0 3728.5472658844365
90008.0 3688.3571978444957
95204.0 3688.3571978444957
95310.0 3639.3042675893885
99645.0 3639.3042675893885
99709.0 3696.3012987012985
104329.0 3696.3012987012985
104407.0 3617.450898453824
109193.0 3617.450898453824
109312.0 3637.9479233914353
113959.0 3637.9479233914353
114010.0 3670.973076923077
116090.0 3670.973076923077
116209.0 3534.9455816275586
118212.0 3534.9455816275586
118309.0 3533.5460750853244
120653.0 3533.5460750853244
120708.0 3810.7929433611885
122862.0 3810.7929433611885
122906.0 3811.9818273599194
124887.0 3811.9818273599194
125008.0 3637.9887710542735
126611.0 3637.9887710542735
126711.0 3524.04841025641
131586.0 3524.04841025641
131709.0 3582.572927597062
136474.0 3582.572927597062
136509.0 3606.1667716866205
141270.0 3606.1667716866205
141309.0 3622.8367697594504
145965.0 3622.8367697594504
146010.0 3311.210306934445
151288.0 3311.210306934445
151413.0 3559.5353323547915
156182.0 3559.5353323547915
156313.0 2545.5715514769145
163287.0 2545.5715514769145
163418.0 2648.2402485329653
166315.0 2648.2402485329653
166419.0 2652.43484132343
169381.0 2652.43484132343
169410.0 3134.830188679245
171530.0 3134.830188679245
171608.0 3634.4390767579175
173471.0 3634.4390767579175
173510.0 3643.19391634981
174825.0 3643.19391634981
