50.0 882.5291262135922
1698.0 882.5291262135922
1875.0 906.9936920222634
7265.0 906.9936920222634
7330.0 1861.6169519152404
9784.0 1861.6169519152404
9824.0 2354.1915197713197
11923.0 2354.1915197713197
12022.0 2550.2890625
14070.0 2550.2890625
14122.0 3089.9054966248796
16196.0 3089.9054966248796
16309.0 6250.3192407247625
17468.0 6250.3192407247625
17506.0 6506.055214723926
18810.0 6506.055214723926
18906.0 6675.796477495108
19928.0 6675.796477495108
20011.0 4827.151043115438
23606.0 4827.151043115438
23712.0 3555.1371907585362
28603.0 3555.1371907585362
28705.0 13160.888888888889
29983.0 13160.888888888889
30104.0 11123.791063561988
31693.0 11123.791063561988
31805.0 5590.604422604422
35061.0 5590.604422604422
35110.0 3899.657754010695
39224.0 3899.657754010695
39314.0 3900.308946772367
43729.0 3900.308946772367
43813.0 2668.2464675892206
50678.0 2668.2464675892206
50901.0 5321.736434108527
53997.0 5321.736434108527
54109.0 7631.360824742268
56437.0 7631.360824742268
56506.0 10750.051090342678
58111.0 10750.051090342678
58208.0 7301.200894854586
60443.0 7301.200894854586
60505.0 5300.381126331811
63790.0 5300.381126331811
63908.0 8548.363636363636
65987.0 8548.363636363636
66108.0 8552.615062761506
68020.0 8552.615062761506
68106.0 7457.084398976982
70452.0 7457.084398976982
70506.0 6712.573933838183
73015.0 6712.573933838183
73300.0 6710.330532212885
76156.0 6710.330532212885
76209.0 6913.4022787028925
78491.0 6913.4022787028925
78608.0 7263.6801361122925
80959.0 7263.6801361122925
81006.0 7317.464074387151
83372.0 7317.464074387151
83406.0 6542.393188854489
85990.0 6542.393188854489
86116.0 3217.7558052434456
91456.0 3217.7558052434456
91514.0 3221.5754456901304
96955.0 3221.5754456901304
97019.0 2271.99304520616
105071.0 2271.99304520616
105128.0 1113.5281061519904
121708.0 1113.5281061519904
121898.0 590.5635410964261
134685.0 590.5635410964261
134738.0 1524.339465875371
136423.0 1524.339465875371
136533.0 1625.2588744588745
141153.0 1625.2588744588745
141223.0 1958.3297413793102
144935.0 1958.3297413793102
145018.0 2355.891139240506
148178.0 2355.891139240506
148216.0 1770.9128416709643
152094.0 1770.9128416709643
152232.0 1376.076522906528
158191.0 1376.076522906528
158320.0 2376.018766756032
161304.0 2376.018766756032
161606.0 2884.7745279526102
164307.0 2884.7745279526102
164412.0 5452.702203269368
165819.0 5452.702203269368
165909.0 6445.046759639048
167128.0 6445.046759639048
167210.0 6329.371428571429
168260.0 6329.371428571429
168310.0 5132.508484668056
171669.0 5132.508484668056
171709.0 2576.7836441249156
176160.0 2576.7836441249156
