14.0 3351.1705069124423
448.0 3351.1705069124423
516.0 3345.8064516129034
888.0 3345.8064516129034
1015.0 3309.5471698113206
1863.0 3309.5471698113206
1914.0 3306.854054054054
2839.0 3306.854054054054
2919.0 3817.133556725706
5008.0 3817.133556725706
5114.0 3628.80181200453
6880.0 3628.80181200453
6905.0 5291.54127100073
8274.0 5291.54127100073
8309.0 5166.772701635646
11855.0 5166.772701635646
11907.0 6317.230887437572
14510.0 6317.230887437572
14603.0 5990.199516741457
17500.0 5990.199516741457
17608.0 4844.852605182502
21197.0 4844.852605182502
21310.0 3888.029588534443
25636.0 3888.029588534443
25712.0 3935.8058338900023
30203.0 3935.8058338900023
30312.0 5279.294663573086
33760.0 5279.294663573086
33805.0 5619.331698774081
36660.0 5619.331698774081
36898.0 2764.466848611334
43127.0 2764.466848611334
43219.0 2485.4154681139757
50589.0 2485.4154681139757
50718.0 3283.39896373057
55736.0 3283.39896373057
55810.0 3696.589263420724
60616.0 3696.589263420724
60710.0 3992.0944007403978
65032.0 3992.0944007403978
65108.0 5636.678411053541
68003.0 5636.678411053541
68105.0 4415.864062896272
72048.0 4415.864062896272
72109.0 4320.945295404814
76222.0 4320.945295404814
76309.0 4304.448539089234
80108.0 4304.448539089234
80400.0 4622.01321003963
84185.0 4622.01321003963
84307.0 5498.481227554685
87370.0 5498.481227554685
87405.0 4394.5663838569135
91766.0 4394.5663838569135
91814.0 3578.222726241778
96223.0 3578.222726241778
96316.0 4309.087055261166
100279.0 4309.087055261166
100307.0 4837.418273260688
103886.0 4837.418273260688
104008.0 5046.431044776119
107358.0 5046.431044776119
107410.0 4728.347826086957
111044.0 4728.347826086957
111108.0 5545.267953179374
114269.0 5545.267953179374
114499.0 4461.972682926829
118599.0 4461.972682926829
118711.0 3208.04448305821
124466.0 3208.04448305821
124513.0 3684.550805585392
129168.0 3684.550805585392
129212.0 2818.5443200587265
134661.0 2818.5443200587265
134715.0 3359.3539303871726
139829.0 3359.3539303871726
139911.0 4245.4513802536685
143932.0 4245.4513802536685
144009.0 4550.479724357276
147782.0 4550.479724357276
147809.0 4098.136054421769
151925.0 4098.136054421769
152010.0 3915.0017921146955
156474.0 3915.0017921146955
156702.0 4130.273479318735
160812.0 4130.273479318735
160909.0 4432.663171036204
164914.0 4432.663171036204
165011.0 3637.056054771074
169685.0 3637.056054771074
169817.0 3434.3680489203134
175050.0 3434.3680489203134
175110.0 4224.945963127781
176683.0 4224.945963127781
176710.0 4216.039850560399
178316.0 4216.039850560399
178408.0 3281.620600858369
181903.0 3281.620600858369
