11.0 3827.3894736842103
391.0 3827.3894736842103
516.0 3751.949069539667
2558.0 3751.949069539667
2614.0 5174.773765659543
3971.0 5174.773765659543
4006.0 5481.797356828194
5368.0 5481.797356828194
5409.0 5185.020472440945
6044.0 5185.020472440945
6113.0 5168.116129032258
7353.0 5168.116129032258
7407.0 5144.971590909091
8815.0 5144.971590909091
8927.0 4672.628411119613
12848.0 4672.628411119613
12909.0 4252.327902767003
16776.0 4252.327902767003
16810.0 4347.09619238477
20802.0 4347.09619238477
20906.0 5805.734891485809
23901.0 5805.734891485809
24010.0 6050.221582733813
26790.0 6050.221582733813
26909.0 6221.648715241112
29750.0 6221.648715241112
29814.0 6464.136363636364
32630.0 6464.136363636364
32710.0 5190.2918149466195
35801.0 5190.2918149466195
36101.0 5703.830407419676
39120.0 5703.830407419676
39207.0 6001.806028833552
42259.0 6001.806028833552
42307.0 6243.310344827586
44946.0 6243.310344827586
45006.0 4653.171293871137
48824.0 4653.171293871137
48910.0 3811.3169869670865
53437.0 3811.3169869670865
53513.0 3616.618794326241
58025.0 3616.618794326241
58113.0 3523.2197490894373
63055.0 3523.2197490894373
63113.0 3405.9118436182443
68331.0 3405.9118436182443
68413.0 2860.8467459762073
74129.0 2860.8467459762073
74405.0 3045.1383812010445
80150.0 3045.1383812010445
80220.0 2481.852048334807
87006.0 2481.852048334807
87125.0 2722.6458303736326
94164.0 2722.6458303736326
94223.0 3100.7044025157234
99311.0 3100.7044025157234
99414.0 3184.208838336752
104777.0 3184.208838336752
104817.0 3194.8920465030446
110236.0 3194.8920465030446
110317.0 4219.463768115942
111973.0 4219.463768115942
112009.0 4504.7929203539825
113704.0 4504.7929203539825
113809.0 4501.268912905277
115382.0 4501.268912905277
115410.0 4538.4284931506845
117235.0 4538.4284931506845
117311.0 4525.054024255788
119125.0 4525.054024255788
119211.0 4788.545339251744
120788.0 4788.545339251744
120908.0 4908.356663470758
124037.0 4908.356663470758
124111.0 5087.277465205804
127488.0 5087.277465205804
127610.0 3796.0773849232824
132107.0 3796.0773849232824
132212.0 3416.0286510147234
137238.0 3416.0286510147234
137314.0 3274.6899631139586
142465.0 3274.6899631139586
142515.0 3468.9495831679237
147553.0 3468.9495831679237
147611.0 3919.516047102286
151942.0 3919.516047102286
152013.0 3619.3304791029564
156918.0 3619.3304791029564
157203.0 4572.24314147391
160921.0 4572.24314147391
161013.0 4109.775440201235
165386.0 4109.775440201235
165514.0 4594.178623718887
168929.0 4594.178623718887
169016.0 5134.036926742108
172374.0 5134.036926742108
172512.0 4160.052230685527
175269.0 4160.052230685527
