10.0 4997.965635738831
301.0 4997.965635738831
406.0 5018.709677419355
654.0 5018.709677419355
708.0 4932.330404217926
1277.0 4932.330404217926
1309.0 4917.749196141479
1931.0 4917.749196141479
2008.0 4928.874251497006
2676.0 4928.874251497006
2710.0 4893.824826717077
5884.0 4893.824826717077
6008.0 4895.144639818491
9534.0 4895.144639818491
9607.0 4110.6968813102985
14064.0 4110.6968813102985
14114.0 3623.5680916703395
18652.0 3623.5680916703395
18712.0 3854.6441581519325
23214.0 3854.6441581519325
23309.0 4081.731455399061
27569.0 4081.731455399061
27611.0 3731.8872864433106
32118.0 3731.8872864433106
32209.0 3718.06983592764
36963.0 3718.06983592764
37203.0 3719.4540253371474
42097.0 3719.4540253371474
42211.0 3722.318329466357
46521.0 3722.318329466357
46613.0 3607.765346742091
51386.0 3607.765346742091
51509.0 3418.083970890091
56868.0 3418.083970890091
56911.0 2937.4391157068994
62520.0 2937.4391157068994
62613.0 3190.529006882989
63630.0 3190.529006882989
63713.0 3354.5347253744894
65916.0 3354.5347253744894
66012.0 3617.05476673428
67984.0 3617.05476673428
68007.0 4290.762492981471
69788.0 4290.762492981471
69910.0 4285.671278361926
71717.0 4285.671278361926
71811.0 3782.6972010178115
76134.0 3782.6972010178115
76211.0 4488.0246280143665
80109.0 4488.0246280143665
80207.0 4095.780155642023
84319.0 4095.780155642023
84410.0 3669.290446103772
89633.0 3669.290446103772
89713.0 4113.789830508475
93548.0 4113.789830508475
93610.0 4319.987857323552
97563.0 4319.987857323552
97608.0 3598.6530866763665
102419.0 3598.6530866763665
102508.0 3994.693761814745
106740.0 3994.693761814745
107001.0 4491.065342394146
110827.0 4491.065342394146
110909.0 4561.174082747853
114752.0 4561.174082747853
114809.0 4606.922185847394
118780.0 4606.922185847394
118808.0 4653.969246281825
122775.0 4653.969246281825
122908.0 4338.877814318239
126861.0 4338.877814318239
126909.0 4252.006644518273
130521.0 4252.006644518273
130609.0 4741.853712393045
134232.0 4741.853712393045
134308.0 4728.797783933518
137918.0 4728.797783933518
138009.0 4649.054968860006
141702.0 4649.054968860006
142001.0 3917.307942405945
146307.0 3917.307942405945
146411.0 3523.501612903226
151371.0 3523.501612903226
151409.0 4370.603501544799
155293.0 4370.603501544799
155410.0 4311.028654686741
159528.0 4311.028654686741
159612.0 4227.70455110669
163633.0 4227.70455110669
163710.0 3746.518240567021
168507.0 3746.518240567021
168609.0 3599.2475338380364
172968.0 3599.2475338380364
173013.0 3337.8695062923525
178178.0 3337.8695062923525
178216.0 3338.941484716157
181651.0 3338.941484716157
