6.0 8922.748466257668
169.0 8922.748466257668
204.0 8790.413223140496
567.0 8790.413223140496
605.0 8825.459119496856
923.0 8825.459119496856
1007.0 8824.014285714286
1567.0 8824.014285714286
1607.0 8769.9793814433
3644.0 8769.9793814433
3705.0 3016.7022722858806
8854.0 3016.7022722858806
8909.0 4171.164813919768
13047.0 4171.164813919768
13107.0 4573.483774338492
17113.0 4573.483774338492
17214.0 2782.831612794043
23123.0 2782.831612794043
23211.0 5040.257914609352
26654.0 5040.257914609352
26706.0 5914.345578231292
29646.0 5914.345578231292
29705.0 5914.070323488045
32549.0 5914.070323488045
32800.0 5362.77427184466
36096.0 5362.77427184466
36207.0 5363.290512669417
39601.0 5363.290512669417
39706.0 5752.309788454643
42495.0 5752.309788454643
42607.0 5859.089486219803
45546.0 5859.089486219803
45608.0 5774.75157629256
48780.0 5774.75157629256
48809.0 5726.832116788321
51686.0 5726.832116788321
51812.0 5602.588457899717
54983.0 5602.588457899717
55107.0 5537.173299101412
58223.0 5537.173299101412
58306.0 5155.824328593997
61471.0 5155.824328593997
61701.0 4855.480200780814
65287.0 4855.480200780814
65410.0 4726.608510638298
69170.0 4726.608510638298
69210.0 4132.575183219611
73167.0 4132.575183219611
73214.0 3456.6923532898636
78275.0 3456.6923532898636
78316.0 3578.0429148077333
83023.0 3578.0429148077333
83104.0 6320.812664907652
86136.0 6320.812664907652
86206.0 6325.735364875702
88700.0 6325.735364875702
88807.0 5301.742316050916
92028.0 5301.742316050916
92110.0 5116.170212765957
95494.0 5116.170212765957
95802.0 5023.935809806835
99167.0 5023.935809806835
99210.0 4953.247621793024
102679.0 4953.247621793024
102708.0 4859.604103132798
106315.0 4859.604103132798
106409.0 5156.1691093573845
109957.0 5156.1691093573845
110008.0 6521.47509713882
112839.0 6521.47509713882
112907.0 6519.036107943748
115538.0 6519.036107943748
115608.0 7041.837689133425
117789.0 7041.837689133425
117905.0 7099.064462809917
120325.0 7099.064462809917
120407.0 7566.914893617021
122663.0 7566.914893617021
122900.0 7674.99329459097
125137.0 7674.99329459097
125206.0 6428.326219512195
127830.0 6428.326219512195
127905.0 6043.073305670816
130797.0 6043.073305670816
130907.0 4836.303133903134
134417.0 4836.303133903134
134510.0 4405.165260545906
138540.0 4405.165260545906
138611.0 3734.534270650264
143163.0 3734.534270650264
143217.0 3327.540825773005
148618.0 3327.540825773005
148713.0 3792.3906212231086
152850.0 3792.3906212231086
152909.0 5241.7439951353
156198.0 5241.7439951353
156500.0 5251.494505494506
158684.0 5251.494505494506
