10.0 4502.811145510836
333.0 4502.811145510836
414.0 4559.120879120879
687.0 4559.120879120879
709.0 4548.195121951219
955.0 4548.195121951219
1011.0 4452.459970887919
1698.0 4452.459970887919
1812.0 4448.885860306644
2986.0 4448.885860306644
3112.0 4447.2338653712695
4553.0 4447.2338653712695
4611.0 4571.048728813559
8387.0 4571.048728813559
8510.0 4881.794830802025
12263.0 4881.794830802025
12308.0 6700.79543602282
14762.0 6700.79543602282
14807.0 6784.053166536357
17365.0 6784.053166536357
17405.0 4993.732337736933
20887.0 4993.732337736933
21009.0 4551.99350473613
24704.0 4551.99350473613
24809.0 4557.943269726663
28687.0 4557.943269726663
28810.0 4777.692388451444
32620.0 4777.692388451444
32901.0 6368.873362445415
35420.0 6368.873362445415
35508.0 3252.713260294673
40802.0 3252.713260294673
40914.0 5013.002736726875
44568.0 5013.002736726875
44609.0 4302.976234003656
48438.0 4302.976234003656
48510.0 4241.061828598711
52699.0 4241.061828598711
52831.0 3295.231474407945
58067.0 3295.231474407945
58117.0 4004.4623312883436
62192.0 4004.4623312883436
62321.0 1968.3192403346145
71167.0 1968.3192403346145
71222.0 2862.304396843292
77431.0 2862.304396843292
77704.0 4105.598794878232
81687.0 4105.598794878232
81814.0 3472.473203652243
86852.0 3472.473203652243
86920.0 3741.801377471673
91421.0 3741.801377471673
91508.0 5597.1682242990655
94932.0 5597.1682242990655
95010.0 3944.096
99010.0 3944.096
99115.0 3580.0654088050314
103885.0 3580.0654088050314
104016.0 4282.2458570368535
108059.0 4282.2458570368535
108112.0 5709.403579871665
111073.0 5709.403579871665
111110.0 4822.569744597249
114673.0 4822.569744597249
114904.0 4081.1622817229336
119199.0 4081.1622817229336
119313.0 4866.743282787976
123072.0 4866.743282787976
123109.0 6294.679849982953
126042.0 6294.679849982953
126111.0 6860.6336
128611.0 6860.6336
128708.0 7904.399382398353
130651.0 7904.399382398353
130706.0 7239.669616519174
133079.0 7239.669616519174
133116.0 3158.3644773358
138521.0 3158.3644773358
138620.0 3158.3811626195734
144056.0 3158.3811626195734
144120.0 4284.462280924562
148057.0 4284.462280924562
148303.0 4500.790110739119
152186.0 4500.790110739119
152312.0 5210.381829343155
155570.0 5210.381829343155
155609.0 5312.033512866547
158951.0 5312.033512866547
159009.0 4894.788367405701
162482.0 4894.788367405701
162511.0 4778.529114597181
166272.0 4778.529114597181
166310.0 4122.2070415134
170116.0 4122.2070415134
170214.0 3720.348726801899
174848.0 3720.348726801899
174914.0 3687.866237942122
178024.0 3687.866237942122
