28.0 1598.2505494505494
938.0 1598.2505494505494
1029.0 1612.2279792746115
1801.0 1612.2279792746115
1923.0 1591.5448079658606
2626.0 1591.5448079658606
2725.0 1596.2207958921695
3504.0 1596.2207958921695
3627.0 1600.4112607099144
4444.0 1600.4112607099144
4536.0 1581.9441340782123
6147.0 1581.9441340782123
6239.0 1656.5561399496912
10612.0 1656.5561399496912
10730.0 1402.5286824268474
16779.0 1402.5286824268474
16838.0 1275.9798017579951
22185.0 1275.9798017579951
22321.0 2041.6375314158056
25902.0 2041.6375314158056
26024.0 1509.7493975903615
31004.0 1509.7493975903615
31131.0 1637.1679678786527
35614.0 1637.1679678786527
35726.0 1798.8145333649964
39937.0 1798.8145333649964
40025.0 1838.49933481153
44535.0 1838.49933481153
44812.0 1677.6539050535987
48730.0 1677.6539050535987
48825.0 1631.042402826855
53353.0 1631.042402826855
53422.0 1693.3636960805782
57989.0 1693.3636960805782
58127.0 1697.583133684715
62301.0 1697.583133684715
62423.0 1602.771602434077
67353.0 1602.771602434077
67430.0 1539.2709852114142
72231.0 1539.2709852114142
72329.0 1532.9533634214486
76982.0 1532.9533634214486
77037.0 1490.0568234746158
79184.0 1490.0568234746158
79232.0 1507.374712643678
80102.0 1507.374712643678
80232.0 1518.9406896551725
80957.0 1518.9406896551725
81029.0 1501.3196930946292
81811.0 1501.3196930946292
81932.0 1624.2671447781263
86394.0 1624.2671447781263
86524.0 1687.1286973555339
91629.0 1687.1286973555339
91727.0 1676.0364741641338
95346.0 1676.0364741641338
95429.0 1784.9504587155964
99789.0 1784.9504587155964
99928.0 1708.2030634573305
104498.0 1708.2030634573305
104622.0 1709.2544031311154
108710.0 1709.2544031311154
108827.0 3513.862862402209
111000.0 3513.862862402209
111114.0 1852.5630559916274
114936.0 1852.5630559916274
115215.0 1543.539321654864
120581.0 1543.539321654864
120628.0 1541.7821187077386
125952.0 1541.7821187077386
126023.0 1798.84135302525
130221.0 1798.84135302525
130320.0 2009.5437629221226
133222.0 2009.5437629221226
133321.0 2010.360374832664
137056.0 2010.360374832664
137125.0 1826.0035167043457
141106.0 1826.0035167043457
141225.0 1575.2467202708422
145951.0 1575.2467202708422
146032.0 1577.670572019297
150385.0 1577.670572019297
150527.0 1548.6383380547686
155822.0 1548.6383380547686
156114.0 1528.3552489760725
160753.0 1528.3552489760725
160832.0 1503.6233114627557
166014.0 1503.6233114627557
166131.0 1684.2924259055983
170686.0 1684.2924259055983
170827.0 1650.181054400336
175588.0 1650.181054400336
175738.0 1345.0394656952035
180679.0 1345.0394656952035
180740.0 1535.0170029471776
185151.0 1535.0170029471776
185220.0 2530.797675647121
187113.0 2530.797675647121
