51.0 954.3359580052494
1575.0 954.3359580052494
1651.0 961.1119691119691
2946.0 961.1119691119691
3052.0 959.5677530017152
4218.0 959.5677530017152
4346.0 960.1976833976834
5641.0 960.1976833976834
5743.0 957.9018315018315
7108.0 957.9018315018315
7246.0 1078.2411953041621
8183.0 1078.2411953041621
8342.0 1152.593984962406
9406.0 1152.593984962406
9533.0 1396.3775100401606
10529.0 1396.3775100401606
10633.0 3261.3116634799235
12725.0 3261.3116634799235
12806.0 5480.587706146926
14140.0 5480.587706146926
14210.0 5044.437481868291
17657.0 5044.437481868291
17706.0 5249.5680399500625
20910.0 5249.5680399500625
21007.0 4858.632215503024
24645.0 4858.632215503024
24705.0 4547.34149387959
28708.0 4547.34149387959
28810.0 4769.082045184305
32174.0 4769.082045184305
32207.0 4827.548079618728
35774.0 4827.548079618728
35809.0 4596.615307402761
39794.0 4596.615307402761
39907.0 4731.790924755887
43389.0 4731.790924755887
43697.0 4728.721852541922
47454.0 4728.721852541922
47507.0 4613.324064171123
51247.0 4613.324064171123
51308.0 4827.865088757397
54688.0 4827.865088757397
54808.0 4754.711086837793
58470.0 4754.711086837793
58508.0 4704.088935944945
62286.0 4704.088935944945
62414.0 4611.5623237450645
65960.0 4611.5623237450645
66010.0 4743.579175704989
69698.0 4743.579175704989
69809.0 4703.113096900307
73390.0 4703.113096900307
73507.0 4861.670218163369
77449.0 4861.670218163369
77697.0 4611.629348143818
81118.0 4611.629348143818
81214.0 4722.597345132744
84830.0 4722.597345132744
84907.0 4705.930959499864
88586.0 4705.930959499864
88709.0 4710.3772638618
92298.0 4710.3772638618
92409.0 4702.467432950191
96063.0 4702.467432950191
96109.0 4698.094880729027
99840.0 4698.094880729027
99910.0 4393.392891450529
104074.0 4393.392891450529
104210.0 4567.614052449282
108252.0 4567.614052449282
108307.0 4366.492871690428
112235.0 4366.492871690428
112498.0 4727.069252077562
115747.0 4727.069252077562
115809.0 4530.521097046413
119601.0 4530.521097046413
119711.0 4467.668149699031
123532.0 4467.668149699031
123612.0 4715.451798956331
127253.0 4715.451798956331
127308.0 4796.112595962468
130825.0 4796.112595962468
130906.0 4818.463744141163
134533.0 4818.463744141163
134612.0 4747.042505592841
138188.0 4747.042505592841
138308.0 4556.677618069815
142204.0 4556.677618069815
142306.0 4410.897768552154
146160.0 4410.897768552154
146400.0 4605.855458739108
150302.0 4605.855458739108
150411.0 4606.318261890781
153817.0 4606.318261890781
153908.0 4700.135223555071
157576.0 4700.135223555071
157712.0 4790.837092731829
160106.0 4790.837092731829
