50.0 919.9291587602783
1631.0 919.9291587602783
1749.0 918.5535055350554
3104.0 918.5535055350554
3249.0 923.9108175061932
4460.0 923.9108175061932
4552.0 925.1904761904761
5896.0 925.1904761904761
6054.0 918.8587491215742
7477.0 918.8587491215742
7555.0 924.3476669716378
8648.0 924.3476669716378
8753.0 922.0751879699249
10083.0 922.0751879699249
10149.0 914.3931623931624
11670.0 914.3931623931624
11763.0 903.1855970346836
19317.0 903.1855970346836
19447.0 846.3885158601528
28085.0 846.3885158601528
28254.0 712.5238817285823
38806.0 712.5238817285823
39139.0 698.2582448295137
40928.0 698.2582448295137
41070.0 581.8859728506787
43280.0 581.8859728506787
43404.0 487.1005756857433
46357.0 487.1005756857433
46505.0 493.13732394366195
48777.0 493.13732394366195
48900.0 488.9544851966416
51163.0 488.9544851966416
51312.0 494.8586206896552
53632.0 494.8586206896552
53829.0 528.8380007089685
59471.0 528.8380007089685
59548.0 1090.7436108821105
60761.0 1090.7436108821105
60839.0 1091.0435624394966
61872.0 1091.0435624394966
61940.0 1078.0251046025105
64808.0 1078.0251046025105
64941.0 646.3543939778398
76764.0 646.3543939778398
76889.0 774.1885434369689
86892.0 774.1885434369689
87043.0 1033.0506566604129
88109.0 1033.0506566604129
88251.0 1027.1496062992126
89394.0 1027.1496062992126
89548.0 1081.2151009657593
90687.0 1081.2151009657593
90742.0 1113.3955623565416
92049.0 1113.3955623565416
92141.0 1104.2385685884692
94153.0 1104.2385685884692
94241.0 1092.8584100989424
97172.0 1092.8584100989424
97262.0 917.8279377571097
102853.0 917.8279377571097
102956.0 1087.7073474470735
109380.0 1087.7073474470735
109434.0 1023.679313580909
116893.0 1023.679313580909
117053.0 917.5192432292341
124770.0 917.5192432292341
124841.0 1331.5193482688392
125823.0 1331.5193482688392
125932.0 1347.0647887323944
126997.0 1347.0647887323944
127133.0 1340.9979035639412
128087.0 1340.9979035639412
128134.0 1199.1185807656395
130276.0 1199.1185807656395
130354.0 918.843710292249
133502.0 918.843710292249
133658.0 916.0975240975241
138949.0 916.0975240975241
139052.0 998.2054170018772
146510.0 998.2054170018772
146651.0 1111.0823491344443
152832.0 1111.0823491344443
152947.0 897.945685501533
162079.0 897.945685501533
162162.0 888.814078041316
163469.0 888.814078041316
163551.0 1014.345842531273
164910.0 1014.345842531273
165227.0 1087.5284497444634
168162.0 1087.5284497444634
168249.0 1089.7378069872016
171140.0 1089.7378069872016
171247.0 1130.8385994876173
173589.0 1130.8385994876173
173737.0 1128.3592276605298
175964.0 1128.3592276605298
176037.0 1131.2883977900553
177847.0 1131.2883977900553
