13.0 3446.4644549763034
435.0 3446.4644549763034
520.0 3405.4642475987193
1457.0 3405.4642475987193
1513.0 3393.5864570737604
2340.0 3393.5864570737604
2414.0 3391.1751662971174
3316.0 3391.1751662971174
3414.0 3397.8204334365323
4383.0 3397.8204334365323
4411.0 3407.101604278075
5159.0 3407.101604278075
5219.0 3482.75
7299.0 3482.75
7412.0 3594.871186440678
9772.0 3594.871186440678
9819.0 3533.2513966480446
14473.0 3533.2513966480446
14512.0 4407.825247650495
18449.0 4407.825247650495
18509.0 3070.488433692389
24172.0 3070.488433692389
24212.0 4025.757778841551
28390.0 4025.757778841551
28511.0 3783.3270547945203
33183.0 3783.3270547945203
33312.0 3644.975570684822
38306.0 3644.975570684822
38416.0 3916.794921875
42512.0 3916.794921875
42613.0 4138.395577986061
46774.0 4138.395577986061
47001.0 4039.1426681367143
51536.0 4039.1426681367143
51613.0 3791.0943396226417
55959.0 3791.0943396226417
56013.0 3477.355255431591
61122.0 3477.355255431591
61218.0 2857.540907585293
67256.0 2857.540907585293
67317.0 2084.0592592592593
75147.0 2084.0592592592593
75241.0 1774.2855816113304
79548.0 1774.2855816113304
79619.0 2930.0824820279986
82262.0 2930.0824820279986
82321.0 3446.722523410547
84350.0 3446.722523410547
84413.0 2936.9615699100573
86859.0 2936.9615699100573
86922.0 3245.624720107479
89155.0 3245.624720107479
89215.0 3065.050533807829
92025.0 3065.050533807829
92115.0 3129.81217750258
94053.0 3129.81217750258
94118.0 3328.650128314799
96456.0 3328.650128314799
96702.0 2471.1896169673946
99861.0 2471.1896169673946
99924.0 2151.965506621497
103171.0 2151.965506621497
103220.0 2549.4570951585974
106215.0 2549.4570951585974
106317.0 2376.802954011413
109296.0 2376.802954011413
109423.0 2522.1169305724725
112707.0 2522.1169305724725
112814.0 2828.5485871812543
115716.0 2828.5485871812543
115815.0 3138.62676641729
118221.0 3138.62676641729
118314.0 2796.98561282098
123805.0 2796.98561282098
123920.0 3166.1879837817914
129346.0 3166.1879837817914
129416.0 2896.3284696301325
135310.0 2896.3284696301325
135418.0 2986.4254652983127
141167.0 2986.4254652983127
141218.0 3338.86144101346
146270.0 3338.86144101346
146314.0 3763.257536606374
150958.0 3763.257536606374
151017.0 2924.276313522825
156822.0 2924.276313522825
156925.0 2878.21271076524
163093.0 2878.21271076524
163236.0 1646.6949989268082
167895.0 1646.6949989268082
168017.0 3309.3984835720303
170391.0 3309.3984835720303
170515.0 2395.7606344628693
173289.0 2395.7606344628693
173417.0 1970.020366598778
176854.0 1970.020366598778
176937.0 1267.7427890976448
180716.0 1267.7427890976448
