22.0 2011.6293222683264
745.0 2011.6293222683264
823.0 2027.1009771986971
1437.0 2027.1009771986971
1520.0 2023.24773960217
2073.0 2023.24773960217
2127.0 2007.1128608923884
3651.0 2007.1128608923884
3720.0 1861.2142453363483
5489.0 1861.2142453363483
5626.0 1439.8372881355933
7396.0 1439.8372881355933
7532.0 1705.30131826742
11780.0 1705.30131826742
11828.0 1646.0799379123011
16982.0 1646.0799379123011
17024.0 1594.8256194483404
21302.0 1594.8256194483404
21429.0 1528.5603177921807
26212.0 1528.5603177921807
26328.0 1535.6519607843138
31224.0 1535.6519607843138
31331.0 1476.7452716297787
36301.0 1476.7452716297787
36430.0 1539.5951219512194
41350.0 1539.5951219512194
41428.0 1535.4874074074073
46828.0 1535.4874074074073
47117.0 1600.4499634769904
51224.0 1600.4499634769904
51327.0 1570.0170068027212
56031.0 1570.0170068027212
56131.0 1380.5055337379508
61733.0 1380.5055337379508
61838.0 1436.0989055533037
66772.0 1436.0989055533037
66826.0 1559.9846153846154
68906.0 1559.9846153846154
69027.0 1601.4292237442921
70779.0 1601.4292237442921
70824.0 1577.4367346938775
72784.0 1577.4367346938775
72829.0 1519.065527065527
74935.0 1519.065527065527
75033.0 1340.627189324437
77431.0 1340.627189324437
77534.0 1411.9096509240246
79482.0 1411.9096509240246
79534.0 1470.5850562947799
84419.0 1470.5850562947799
84534.0 1544.6462063086103
89226.0 1544.6462063086103
89325.0 1513.1398453970485
95017.0 1513.1398453970485
95127.0 1571.799948173102
98986.0 1571.799948173102
99130.0 1561.473515248796
104114.0 1561.473515248796
104233.0 1482.4322066084314
109499.0 1482.4322066084314
109627.0 1495.917790622993
114298.0 1495.917790622993
114431.0 1506.0402366863905
119501.0 1506.0402366863905
119814.0 1517.7912111468381
124479.0 1517.7912111468381
124531.0 1530.9855822550833
129941.0 1530.9855822550833
130025.0 1522.9554140127389
130967.0 1522.9554140127389
131033.0 1452.654400795624
133044.0 1452.654400795624
133134.0 1477.85500575374
134872.0 1477.85500575374
134925.0 1553.3090608191974
139759.0 1553.3090608191974
139829.0 1527.1680672268908
144589.0 1527.1680672268908
144726.0 1445.275868763347
149877.0 1445.275868763347
149935.0 1403.8430089942763
154827.0 1403.8430089942763
155114.0 1490.9163636363637
160614.0 1490.9163636363637
160732.0 1492.3258261418648
165483.0 1492.3258261418648
165710.0 1499.0371953826423
168049.0 1499.0371953826423
168128.0 1516.6855845629966
169009.0 1516.6855845629966
169129.0 1676.0628272251308
169893.0 1676.0628272251308
170023.0 1924.7267441860465
171399.0 1924.7267441860465
171522.0 1653.8739618954567
175616.0 1653.8739618954567
175729.0 1515.5963302752293
178890.0 1515.5963302752293
